                                                  

        SCF,CCSD
   -108.25264211,   -109.1258399
   -108.26388284,   -109.0935459
   -108.17779152,   -109.0685197
   -108.24796207,   -109.1265477
   -108.08049932,   -108.9027026
   -108.02234496,   -108.8917378
   -107.66163042,   -108.4551031
   -107.45801882,   -108.2648836
   -106.91769604,   -107.7038692
   -105.35009583,   -106.0480128
   -103.04141042,   -103.6571958
    -99.88378187,   -100.4560065
                                                  
