   1.3822751979752665E-006  -9404772.2240207549     
   1.3947998477444208E-006  -9320321.6636225972     
   1.4074379820440571E-006  -9236629.4297280665     
   1.4201906291455367E-006  -9153688.7129201069     
   1.4330588266372786E-006  -9071492.7649270426     
   1.4460436215091809E-006  -8990034.8980735186     
   1.4591460702378062E-006  -8909308.4847363811     
   1.4723672388723408E-006  -8829306.9568054192     
   1.4857082031213301E-006  -8750023.8051489815     
   1.4991700484402000E-006  -8671452.5790843777     
   1.5127538701195753E-006  -8593586.8858530205     
   1.5264607733743922E-006  -8516420.3901003059     
   1.5402918734338238E-006  -8439946.8133601490     
   1.5542482956320160E-006  -8364159.9335441543     
   1.5683311754996499E-006  -8289053.5844353614     
   1.5825416588563296E-006  -8214621.6551865581     
   1.5968809019038098E-006  -8140858.0898230756     
   1.6113500713200681E-006  -8067756.8867500639     
   1.6259503443542271E-006  -7995312.0982641876     
   1.6406829089223402E-006  -7923517.8300697021     
   1.6555489637040427E-006  -7852368.2407988785     
   1.6705497182400797E-006  -7781857.5415367382     
   1.6856863930307173E-006  -7711979.9953500479     
   1.7009602196350457E-006  -7642729.9168205503     
   1.7163724407711826E-006  -7574101.6715823812     
   1.7319243104173829E-006  -7506089.6758636460     
   1.7476170939140666E-006  -7438688.3960321080     
   1.7634520680667692E-006  -7371892.3481449597     
   1.7794305212500273E-006  -7305696.0975026293     
   1.7955537535122026E-006  -7240094.2582066059     
   1.8118230766812585E-006  -7175081.4927212242     
   1.8282398144714926E-006  -7110652.5114393942     
   1.8448053025912382E-006  -7046802.0722522195     
   1.8615208888515413E-006  -6983524.9801224880     
   1.8783879332758217E-006  -6920816.0866619898     
   1.8954078082105273E-006  -6858670.2897126321     
   1.9125818984367932E-006  -6797082.5329313120     
   1.9299116012831093E-006  -6736047.8053785246     
   1.9473983267390128E-006  -6675561.1411106512     
   1.9650434975698066E-006  -6615617.6187759265     
   1.9828485494323194E-006  -6556212.3612140212     
   2.0008149309917165E-006  -6497340.5350592174     
   2.0189441040393643E-006  -6438997.3503471641     
   2.0372375436117671E-006  -6381178.0601251461     
   2.0556967381105788E-006  -6323877.9600658622     
   2.0743231894237040E-006  -6267092.3880846687     
   2.0931184130474958E-006  -6210816.7239602590     
   2.1120839382100596E-006  -6155046.3889587494     
   2.1312213079956740E-006  -6099776.8454611497     
   2.1505320794703438E-006  -6045003.5965941567     
   2.1700178238084827E-006  -5990722.1858642902     
   2.1896801264207510E-006  -5936928.1967952931     
   2.2095205870830478E-006  -5883617.2525687963     
   2.2295408200666723E-006  -5830785.0156682143     
   2.2497424542696664E-006  -5778427.1875258293     
   2.2701271333493445E-006  -5726539.5081730476     
   2.2906965158560273E-006  -5675117.7558938023     
   2.3114522753679846E-006  -5624157.7468810584     
   2.3323961006276029E-006  -5573655.3348964117     
   2.3535296956787845E-006  -5523606.4109327355     
   2.3748547800055940E-006  -5474006.9028798686     
   2.3963730886721607E-006  -5424852.7751932861     
   2.4180863724638457E-006  -5376140.0285657709     
   2.4399963980296921E-006  -5327864.6996020088     
   2.4621049480261643E-006  -5280022.8604961187     
   2.4844138212621871E-006  -5232610.6187120862     
   2.5069248328455049E-006  -5185624.1166670369     
   2.5296398143303616E-006  -5139059.5314173931     
   2.5525606138665207E-006  -5092913.0743478173     
   2.5756890963496353E-006  -5047180.9908629674     
   2.5990271435729817E-006  -5001859.5600820081     
   2.6225766543805676E-006  -4956945.0945358705     
   2.6463395448216243E-006  -4912433.9398672357     
   2.6703177483065036E-006  -4868322.4745332021     
   2.6945132157639856E-006  -4824607.1095106248     
   2.7189279158000091E-006  -4781284.2880041115     
   2.7435638348578430E-006  -4738350.4851566264     
   2.7684229773797120E-006  -4695802.2077626958     
   2.7935073659698772E-006  -4653635.9939842038     
   2.8188190415592056E-006  -4611848.4130687136     
   2.8443600635712224E-006  -4570436.0650703432     
   2.8701325100896731E-006  -4529395.5805731304     
   2.8961384780275994E-006  -4488723.6204168955     
   2.9223800832979528E-006  -4448416.8754255492     
   2.9488594609857475E-006  -4408472.0661378568     
   2.9755787655217773E-006  -4368885.9425406139     
   3.0025401708579087E-006  -4329655.2838042062     
   3.0297458706439531E-006  -4290776.8980205692     
   3.0571980784061550E-006  -4252247.6219434729     
   3.0848990277272852E-006  -4214064.3207311602     
   3.1128509724283716E-006  -4176223.8876912859     
   3.1410561867520776E-006  -4138723.2440281496     
   3.1695169655477397E-006  -4101559.3385921926     
   3.1982356244580815E-006  -4064729.1476317509     
   3.2272145001076222E-006  -4028229.6745470352     
   3.2564559502927873E-006  -3992057.9496463230     
   3.2859623541737489E-006  -3956211.0299043292     
   3.3157361124679980E-006  -3920685.9987227605     
   3.3457796476456731E-006  -3885479.9656930100     
   3.3760954041266594E-006  -3850590.0663609887     
   3.4066858484794730E-006  -3816013.4619940626     
   3.4375534696219467E-006  -3781747.3393500904     
   3.4687007790237363E-006  -3747788.9104485251     
   3.5001303109106568E-006  -3714135.4123435840     
   3.5318446224708797E-006  -3680784.1068994412     
   3.5638462940629855E-006  -3647732.2805674500     
   3.5961379294259132E-006  -3614977.2441653609     
   3.6287221558908056E-006  -3582516.3326585214     
   3.6616016245947757E-006  -3550346.9049430429     
   3.6947790106966097E-006  -3518466.3436309141     
   3.7282570135944263E-006  -3486872.0548370429     
   3.7620383571453054E-006  -3455561.4679682101     
   3.7961257898869085E-006  -3424532.0355139212     
   3.8305220852611085E-006  -3393781.2328391331     
   3.8652300418396374E-006  -3363306.5579788461     
   3.9002524835517982E-006  -3333105.5314345304     
   3.9355922599142137E-006  -3303175.6959723965     
   3.9712522462626778E-006  -3273514.6164234630     
   4.0072353439860992E-006  -3244119.8794854251     
   4.0435444807625659E-006  -3214989.0935263038     
   4.0801826107975465E-006  -3186119.8883898566     
   4.1171527150642558E-006  -3157509.9152027331     
   4.1544578015461909E-006  -3129156.8461833680     
   4.1921009054818705E-006  -3101058.3744525830     
   4.2300850896117898E-006  -3073212.2138458975     
   4.2684134444276133E-006  -3045616.0987275136     
   4.3070890884236215E-006  -3018267.7838059878     
   4.3461151683504469E-006  -2991165.0439515375     
   4.3854948594710933E-006  -2964305.6740150093     
   4.4252313658192907E-006  -2937687.4886484519     
   4.4653279204601802E-006  -2911308.3221273199     
   4.5057877857533648E-006  -2885166.0281742574     
   4.5466142536183423E-006  -2859258.4797844780     
   4.5878106458023476E-006  -2833583.5690526990     
   4.6293803141506173E-006  -2808139.2070016433     
   4.6713266408791030E-006  -2782923.3234120696     
   4.7136530388496575E-006  -2757933.8666543397     
   4.7563629518477181E-006  -2733168.8035214846     
   4.7994598548624953E-006  -2708626.1190637867     
   4.8429472543697116E-006  -2684303.8164248308     
   4.8868286886168969E-006  -2660199.9166790396     
   4.9311077279112676E-006  -2636312.4586706590     
   4.9757879749102179E-006  -2612639.4988541976     
   5.0208730649144392E-006  -2589179.1111362926     
   5.0663666661637013E-006  -2565929.3867189977     
   5.1122724801353070E-006  -2542888.4339444768     
   5.1585942418452531E-006  -2520054.3781410987     
   5.2053357201521228E-006  -2497425.3614709047     
   5.2525007180637320E-006  -2474999.5427784510     
   5.3000930730465462E-006  -2452775.0974410083     
   5.3481166573379097E-006  -2430750.2172201062     
   5.3965753782611034E-006  -2408923.1101144082     
   5.4454731785432502E-006  -2387292.0002139108     
   5.4948140366361082E-006  -2365855.1275554523     
   5.5446019670397693E-006  -2344610.7479795152     
   5.5948410206292831E-006  -2323557.1329883188     
   5.6455352849842541E-006  -2302692.5696051838     
   5.6966888847214120E-006  -2282015.3602351588     
   5.7483059818302076E-006  -2261523.8225269001     
   5.8003907760114341E-006  -2241216.2892357940     
   5.8529475050189339E-006  -2221091.1080883001     
   5.9059804450043885E-006  -2201146.6416475223     
   5.9594939108652420E-006  -2181381.2671799813     
   6.0134922565957623E-006  -2161793.3765235860     
   6.0679798756413074E-006  -2142381.3759567859     
   6.1229612012557750E-006  -2123143.6860689060     
   6.1784407068623126E-006  -2104078.7416316392     
   6.2344229064172805E-006  -2085184.9914716952     
   6.2909123547775236E-006  -2066460.8983445950     
   6.3479136480709604E-006  -2047904.9388095951     
   6.4054314240705436E-006  -2029515.6031057362     
   6.4634703625715955E-006  -2011291.3950290068     
   6.5220351857725724E-006  -1993230.8318106057     
   6.5811306586592691E-006  -1975332.4439963032     
   6.6407615893925162E-006  -1957594.7753268797     
   6.7009328296993833E-006  -1940016.3826196415     
   6.7616492752679249E-006  -1922595.8356510010     
   6.8229158661455110E-006  -1905331.7170401078     
   6.8847375871407578E-006  -1888222.6221335295     
   6.9471194682291062E-006  -1871267.1588909631     
   7.0100665849620794E-006  -1854463.9477719746     
   7.0735840588802289E-006  -1837811.6216237608     
   7.1376770579298511E-006  -1821308.8255699084     
   7.2023507968834567E-006  -1804954.2169001601     
   7.2676105377640611E-006  -1788746.4649611688     
   7.3334615902733138E-006  -1772684.2510482315     
   7.3999093122235133E-006  -1756766.2682979961     
   7.4669591099735259E-006  -1740991.2215821319     
   7.5346164388686691E-006  -1725357.8274019544     
   7.6028868036845680E-006  -1709864.8137839963     
   7.6717757590750385E-006  -1694510.9201765168     
   7.7412889100240283E-006  -1679294.8973469394     
   7.8114319123016564E-006  -1664215.5072802117     
   7.8822104729243725E-006  -1649271.5230780775     
   7.9536303506193070E-006  -1634461.7288592518     
   8.0256973562928051E-006  -1619784.9196604947     
   8.0984173535032240E-006  -1605239.9013385721     
   8.1717962589380035E-006  -1590825.4904730977     
   8.2458400428950607E-006  -1576540.5142702460     
   8.3205547297685613E-006  -1562383.8104673303     
   8.3959463985390606E-006  -1548354.2272382409     
   8.4720211832681230E-006  -1534450.6230997252     
   8.5487852735973959E-006  -1520671.8668185172     
   8.6262449152522143E-006  -1507016.8373192959     
   8.7044064105497754E-006  -1493484.4235934711     
   8.7832761189119066E-006  -1480073.5246087909     
   8.8628604573824823E-006  -1466783.0492197576     
   8.9431659011495386E-006  -1453611.9160788483     
   9.0241989840721059E-006  -1440559.0535485358     
   9.1059662992118230E-006  -1427623.3996140955     
   9.1884744993693641E-006  -1414803.9017971985     
   9.2717302976257276E-006  -1402099.5170702785     
   9.3557404678884304E-006  -1389509.2117716682     
   9.4405118454426553E-006  -1377031.9615214984     
   9.5260513275073807E-006  -1364666.7511383521     
   9.6123658737965547E-006  -1352412.5745566657     
   9.6994625070853662E-006  -1340268.4347448738     
   9.7873483137816222E-006  -1328233.3436242873     
   9.8760304445023285E-006  -1316306.3219887023     
   9.9655161146554793E-006  -1304486.3994247264     
   1.0055812605027112E-005  -1292772.6142328267     
   1.0146927262373702E-005  -1281164.0133490830     
   1.0238867500019914E-005  -1269659.6522676400     
   1.0331640798461763E-005  -1258258.5949638654     
   1.0425254705975242E-005  -1246959.9138181887     
   1.0519716839230490E-005  -1235762.6895406297     
   1.0615034883911482E-005  -1224666.0110960014     
   1.0711216595341366E-005  -1213668.9756297863     
   1.0808269799113457E-005  -1202770.6883946785     
   1.0906202391727943E-005  -1191970.2626777838     
   1.1005022341234371E-005  -1181266.8197284741     
   1.1104737687879937E-005  -1170659.4886868917     
   1.1205356544763683E-005  -1160147.4065130921     
   1.1306887098496567E-005  -1149729.7179168256     
   1.1409337609867580E-005  -1139405.5752879491     
   1.1512716414515845E-005  -1129174.1386274614     
   1.1617031923608834E-005  -1119034.5754791584     
   1.1722292624526717E-005  -1108986.0608619051     
   1.1828507081552923E-005  -1099027.7772025091     
   1.1935683936570947E-005  -1089158.9142692033     
   1.2043831909767485E-005  -1079378.6691057226     
   1.2152959800341919E-005  -1069686.2459659728     
   1.2263076487222249E-005  -1060080.8562492887     
   1.2374190929787507E-005  -1050561.7184362682     
   1.2486312168596716E-005  -1041128.0580251878     
   1.2599449326124445E-005  -1031779.1074689883     
   1.2713611607503044E-005  -1022514.1061128227     
   1.2828808301271600E-005  -1013332.3001321688     
   1.2945048780131668E-005  -1004232.9424714957     
   1.3062342501709870E-005  -995215.29278348142     
   1.3180699009327377E-005  -986278.61736877658     
   1.3300127932776392E-005  -977422.18911630870     
   1.3420638989103646E-005  -968645.28744412214     
   1.3542241983401013E-005  -959947.19824074942     
   1.3664946809603259E-005  -951327.21380711091     
   1.3788763451293057E-005  -942784.63279893273     
   1.3913701982513268E-005  -934318.76016968419     
   1.4039772568586593E-005  -925928.90711402765     
   1.4166985466942646E-005  -917614.39101177477     
   1.4295351027952534E-005  -909374.53537234676     
   1.4424879695770983E-005  -901208.66977973375     
   1.4555582009186105E-005  -893116.12983794790     
   1.4687468602476855E-005  -885096.25711696630     
   1.4820550206278272E-005  -877148.39909915929     
   1.4954837648454542E-005  -869271.90912620060     
   1.5090341854979996E-005  -861466.14634645241     
   1.5227073850828053E-005  -853730.47566282528     
   1.5365044760868266E-005  -846064.26768110367     
   1.5504265810771454E-005  -838466.89865873789     
   1.5644748327923043E-005  -830937.75045409473     
   1.5786503742344724E-005  -823476.21047616273     
   1.5929543587624392E-005  -816081.67163471144     
   1.6073879501854578E-005  -808753.53229089675     
   1.6219523228579328E-005  -801491.19620830915     
   1.6366486617749716E-005  -794294.07250446372     
   1.6514781626687963E-005  -787161.57560272282     
   1.6664420321060331E-005  -780093.12518465391     
   1.6815414875858807E-005  -773088.14614281140     
   1.6967777576391701E-005  -766146.06853394606     
   1.7121520819283203E-005  -759266.32753263181     
   1.7276657113482007E-005  -752448.36338531086     
   1.7433199081279071E-005  -745691.62136475020     
   1.7591159459334603E-005  -738995.55172490771     
   1.7750551099714343E-005  -732359.60965620354     
   1.7911386970935241E-005  -725783.25524119288     
   1.8073680159020618E-005  -719265.95341063628     
   1.8237443868564864E-005  -712807.17389996664     
   1.8402691423807817E-005  -706406.39120614331     
   1.8569436269718835E-005  -700063.08454489801     
   1.8737691973090729E-005  -693776.73780836095     
   1.8907472223643591E-005  -687546.83952306933     
   1.9078790835138623E-005  -681372.88280835270     
   1.9251661746502057E-005  -675254.36533509218     
   1.9426099022959269E-005  -669190.78928484849     
   1.9602116857179152E-005  -663181.66130935971     
   1.9779729570428886E-005  -657226.49249039975     
   1.9958951613739127E-005  -651324.79830000014     
   2.0139797569079812E-005  -645476.09856102569     
   2.0322282150546562E-005  -639679.91740810766     
   2.0506420205557863E-005  -633935.78324892616     
   2.0692226716063096E-005  -628243.22872583871     
   2.0879716799761505E-005  -622601.79067785607     
   2.1068905711332219E-005  -617011.01010295807     
   2.1259808843675395E-005  -611470.43212074752     
   2.1452441729164644E-005  -605979.60593544017     
   2.1646820040910769E-005  -600538.08479918737     
   2.1842959594036978E-005  -595145.42597572680     
   2.2040876346965643E-005  -589801.19070436072     
   2.2240586402716723E-005  -584504.94416425645     
   2.2442106010217934E-005  -579256.25543906994     
   2.2645451565626814E-005  -574054.69748188322     
   2.2850639613664767E-005  -568899.84708046005     
   2.3057686848963149E-005  -563791.28482281230     
   2.3266610117421632E-005  -558728.59506307484     
   2.3477426417578801E-005  -553711.36588768801     
   2.3690152901995198E-005  -548739.18908188306     
   2.3904806878648918E-005  -543811.66009646864     
   2.4121405812343807E-005  -538928.37801491632     
   2.4339967326130477E-005  -534088.94552073965     
   2.4560509202740122E-005  -529292.96886516886     
   2.4783049386031404E-005  -524540.05783511349     
   2.5007605982450376E-005  -519829.82572141441     
   2.5234197262503708E-005  -515161.88928737922     
   2.5462841662245197E-005  -510535.86873760191     
   2.5693557784775775E-005  -505951.38768706139     
   2.5926364401757117E-005  -501408.07313049794     
   2.6161280454938938E-005  -496905.55541206436     
   2.6398325057700148E-005  -492443.46819525014     
   2.6637517496603979E-005  -488021.44843307481     
   2.6878877232967157E-005  -483639.13633855036     
   2.7122423904443373E-005  -479296.17535540706     
   2.7368177326621001E-005  -474992.21212908387     
   2.7616157494635390E-005  -470726.89647797809     
   2.7866384584795695E-005  -466499.88136495394     
   2.8118878956226468E-005  -462310.82286910719     
   2.8373661152524165E-005  -458159.38015778153     
   2.8630751903428580E-005  -454045.21545883897     
   2.8890172126509511E-005  -449967.99403317692     
   2.9151942928868638E-005  -445927.38414749329     
   2.9416085608856868E-005  -441923.05704729602     
   2.9682621657807210E-005  -437954.68693015428     
   2.9951572761783387E-005  -434021.95091919048     
   3.0222960803344257E-005  -430124.52903681039     
   3.0496807863324222E-005  -426262.10417866899     
   3.0773136222629814E-005  -422434.36208786949     
   3.1051968364052497E-005  -418640.99132939515     
   3.1333326974097937E-005  -414881.68326476985     
   3.1617234944831838E-005  -411156.13202694670     
   3.1903715375742499E-005  -407464.03449542134     
   3.2192791575620243E-005  -403805.09027157002     
   3.2484487064453883E-005  -400179.00165420788     
   3.2778825575344372E-005  -396585.47361536737     
   3.3075831056435790E-005  -393024.21377629385     
   3.3375527672863810E-005  -389494.93238365732     
   3.3677939808721876E-005  -385997.34228597686     
   3.3983092069045099E-005  -382531.15891025757     
   3.4291009281812251E-005  -379096.10023883678     
   3.4601716499965773E-005  -375691.88678643829     
   3.4915239003450196E-005  -372318.24157743301     
   3.5231602301268947E-005  -368974.89012330346     
   3.5550832133559843E-005  -365661.56040031050     
   3.5872954473689387E-005  -362377.98282736057     
   3.6197995530366001E-005  -359123.89024407248     
   3.6525981749772474E-005  -355899.01788904011     
   3.6856939817717634E-005  -352703.10337829083     
   3.7190896661807630E-005  -349535.88668393722     
   3.7527879453636816E-005  -346397.11011302058     
   3.7867915610998466E-005  -343286.51828654460     
   3.8211032800115621E-005  -340203.85811869643     
   3.8557258937892033E-005  -337148.87879625568     
   3.8906622194183582E-005  -334121.33175818709     
   3.9259150994090222E-005  -331120.97067541728     
   3.9614874020268775E-005  -328147.55143079243     
   3.9973820215266547E-005  -325200.83209921693     
   4.0336018783876257E-005  -322280.57292796875     
   4.0701499195512139E-005  -319386.53631719359     
   4.1070291186607681E-005  -316518.48680057225     
   4.1442424763035089E-005  -313676.19102616288     
   4.1817930202546571E-005  -310859.41773741529     
   4.2196838057237885E-005  -308067.93775435421     
   4.2579179156034097E-005  -305301.52395493380     
   4.2964984607197902E-005  -302559.95125655772     
   4.3354285800860698E-005  -299842.99659776571     
   4.3747114411576533E-005  -297150.43892008555     
   4.4143502400899272E-005  -294482.05915004626     
   4.4543482019983027E-005  -291837.64018135407     
   4.4947085812206226E-005  -289216.96685722837     
   4.5354346615819427E-005  -286619.82595289539     
   4.5765297566617071E-005  -284046.00615824037     
   4.6179972100633604E-005  -281495.29806061415     
   4.6598403956863778E-005  -278967.49412779551     
   4.7020627180007893E-005  -276462.38869110489     
   4.7446676123241629E-005  -273979.77792867192     
   4.7876585451011184E-005  -271519.45984885067     
   4.8310390141853662E-005  -269081.23427378573     
   4.8748125491242989E-005  -266664.90282312542     
   4.9189827114461665E-005  -264270.26889788033     
   4.9635530949498487E-005  -261897.13766442836     
   5.0085273259972605E-005  -259545.31603866193     
   5.0539090638083998E-005  -257214.61267027835     
   5.0997020007590670E-005  -254904.83792721125     
   5.1459098626812944E-005  -252615.80388020125     
   5.1925364091664839E-005  -250347.32428750588     
   5.2395854338712990E-005  -248099.21457974627     
   5.2870607648263230E-005  -245871.29184489037     
   5.3349662647475269E-005  -243663.37481337017     
   5.3833058313505369E-005  -241475.28384333401     
   5.4320833976677737E-005  -239306.84090602963     
   5.4813029323684470E-005  -237157.86957131981     
   5.5309684400814628E-005  -235028.19499332728     
   5.5810839617212456E-005  -232917.64389620890     
   5.6316535748165179E-005  -230826.04456005763     
   5.6826813938420631E-005  -228753.22680693067     
   5.7341715705534834E-005  -226699.02198700359     
   5.7861282943250020E-005  -224663.26296484840     
   5.8385557924903201E-005  -222645.78410583502     
   5.8914583306865631E-005  -220646.42126265483     
   5.9448402132013450E-005  -218665.01176196523     
   5.9987057833229769E-005  -216701.39439115406     
   6.0530594236938456E-005  -214755.40938522288     
   6.1079055566669988E-005  -212826.89841378838     
   6.1632486446659574E-005  -210915.70456819981     
   6.2190931905477942E-005  -209021.67234877261     
   6.2754437379694910E-005  -207144.64765213683     
   6.3323048717576295E-005  -205284.47775869846     
   6.3896812182814220E-005  -203441.01132021390     
   6.4475774458291207E-005  -201614.09834747616     
   6.5059982649878475E-005  -199803.59019811105     
   6.5649484290268554E-005  -198009.33956448318     
   6.6244327342842744E-005  -196231.20046171092     
   6.6844560205573403E-005  -194469.02821578854     
   6.7450231714961888E-005  -192722.67945181506     
   6.8061391150011873E-005  -190992.01208232917     
   6.8678088236238949E-005  -189276.88529574827     
   6.9300373149716303E-005  -187577.15954491199     
   6.9928296521157290E-005  -185892.69653572812     
   7.0561909440034759E-005  -184223.35921592062     
   7.1201263458737924E-005  -182569.01176387875     
   7.1846410596766727E-005  -180929.51957760638     
   7.2497403344964356E-005  -179304.74926377009     
   7.3154294669787958E-005  -177694.56862684627     
   7.3817138017618156E-005  -176098.84665836528     
   7.4485987319107617E-005  -174517.45352625218     
   7.5160896993568959E-005  -172950.26056426327     
   7.5841921953402424E-005  -171397.14026151749     
   7.6529117608563756E-005  -169857.96625212184     
   7.7222539871072448E-005  -168332.61330488985     
   7.7922245159560896E-005  -166820.95731315250     
   7.8628290403864781E-005  -165322.87528466067     
   7.9340733049655031E-005  -163838.24533157790     
   8.0059631063111706E-005  -162366.94666056352     
   8.0785042935640361E-005  -160908.85956294456     
   8.1517027688630969E-005  -159463.86540497583     
   8.2255644878260090E-005  -158031.84661818776     
   8.3000954600336547E-005  -156612.68668982043     
   8.3753017495190907E-005  -155206.27015334414     
   8.4511894752609397E-005  -153812.48257906450     
   8.5277648116812473E-005  -152431.21056481215     
   8.6050339891478425E-005  -151062.34172671629     
   8.6830032944812589E-005  -149705.76469006052     
   8.7616790714662511E-005  -148361.36908022137     
   8.8410677213679356E-005  -147029.04551368780     
   8.9211757034526196E-005  -145708.68558916141     
   9.0020095355133385E-005  -144400.18187873688     
   9.0835757944001636E-005  -143103.42791916104     
   9.1658811165553126E-005  -141818.31820317105     
   9.2489321985531053E-005  -140544.74817090973     
   9.3327357976448109E-005  -139282.61420141871     
   9.4172987323084474E-005  -138031.81360420704     
   9.5026278828035362E-005  -136792.24461089663     
   9.5887301917309091E-005  -135563.80636694143     
   9.6756126645975682E-005  -134346.39892342236     
   9.7632823703866782E-005  -133139.92322891456     
   9.8517464421327139E-005  -131944.28112142888     
   9.9410120775018200E-005  -130759.37532042462     
   1.0031086539377442E-004  -129585.10941889494     
   1.0121977156451238E-004  -128421.38787552282     
   1.0213691323819375E-004  -127268.11600690742     
   1.0306236503584203E-004  -126125.19997986068     
   1.0399620225461395E-004  -124992.54680377257     
   1.0493850087392582E-004  -123870.06432304517     
   1.0588933756163547E-004  -122757.66120959473     
   1.0684878968028002E-004  -121655.24695542103     
   1.0781693529337047E-004  -120562.73186524319     
   1.0879385317174304E-004  -119480.02704920201     
   1.0977962279996813E-004  -118407.04441562768     
   1.1077432438281750E-004  -117343.69666387230     
   1.1177803885178988E-004  -116289.89727720694     
   1.1279084787169577E-004  -115245.56051578239     
   1.1381283384730190E-004  -114210.60140965313     
   1.1484407993003591E-004  -113184.93575186403     
   1.1588467002475174E-004  -112168.48009159901     
   1.1693468879655637E-004  -111161.15172739117     
   1.1799422167769838E-004  -110162.86870039419     
   1.1906335487451895E-004  -109173.54978771371     
   1.2014217537446582E-004  -108193.11449579905     
   1.2123077095317083E-004  -107221.48305389384     
   1.2232923018159152E-004  -106258.57640754589     
   1.2343764243321760E-004  -105304.31621217482     
   1.2455609789134250E-004  -104358.62482669808     
   1.2568468755640099E-004  -103421.42530721356     
   1.2682350325337309E-004  -102492.64140073949     
   1.2797263763925540E-004  -101572.19753901010     
   1.2913218421059972E-004  -100660.01883232735     
   1.3030223731112027E-004  -99756.031063467541     
   1.3148289213936974E-004  -98860.160681642985     
   1.3267424475648477E-004  -97972.334796517607     
   1.3387639209400194E-004  -97092.481172276443     
   1.3508943196174420E-004  -96220.528221748318     
   1.3631346305577896E-004  -95356.405000581377     
   1.3754858496644836E-004  -94500.041201470798     
   1.3879489818647208E-004  -93651.367148438498     
   1.4005250411912374E-004  -92810.313791163993     
   1.4132150508648134E-004  -91976.812699366434     
   1.4260200433775241E-004  -91150.796057236817     
   1.4389410605767465E-004  -90332.196657920402     
   1.4519791537499275E-004  -89520.947898048486     
   1.4651353837101180E-004  -88716.983772319451     
   1.4784108208822842E-004  -87920.238868128465     
   1.4918065453904000E-004  -87130.648360245192     
   1.5053236471453292E-004  -86348.148005539537     
   1.5189632259335017E-004  -85572.674137754700     
   1.5327263915063981E-004  -84804.163662326973     
   1.5466142636708381E-004  -84042.554051252402     
   1.5606279723800947E-004  -83287.783337999121     
   1.5747686578258271E-004  -82539.790112465824     
   1.5890374705308509E-004  -81798.513515985149     
   1.6034355714427485E-004  -81063.893236372009     
   1.6179641320283254E-004  -80335.869503016584     
   1.6326243343689237E-004  -79614.383082021130     
   1.6474173712566003E-004  -78899.375271380559     
   1.6623444462911756E-004  -78190.787896206355     
   1.6774067739781605E-004  -77488.563303993229     
   1.6926055798275718E-004  -76792.644359928454     
   1.7079421004536445E-004  -76102.974442243096     
   1.7234175836754434E-004  -75419.497437605300     
   1.7390332886183909E-004  -74742.157736554611     
   1.7547904858167130E-004  -74070.900228977494     
   1.7706904573168097E-004  -73405.670299623467     
   1.7867344967815714E-004  -72746.413823661409     
   1.8029239095956290E-004  -72093.077162275833     
   1.8192600129715667E-004  -71445.607158302810     
   1.8357441360570938E-004  -70803.951131904731     
   1.8523776200431852E-004  -70168.056876284347     
   1.8691618182732072E-004  -69537.872653436963     
   1.8860980963530271E-004  -68913.347189940992     
   1.9031878322621224E-004  -68294.429672786224     
   1.9204324164656978E-004  -67681.069745239321     
   1.9378332520278167E-004  -67073.217502747037     
   1.9553917547255573E-004  -66470.823488875525     
   1.9731093531642058E-004  -65873.838691286626     
   1.9909874888934890E-004  -65282.214537750027     
   2.0090276165248642E-004  -64695.902892191290     
   2.0272312038498700E-004  -64114.856050775401     
   2.0455997319595480E-004  -63539.026738025503     
   2.0641346953649521E-004  -62968.368102976281     
   2.0828376021187397E-004  -62402.833715362292     
   2.1017099739378779E-004  -61842.377561840054     
   2.1207533463274479E-004  -61286.954042244404     
   2.1399692687055816E-004  -60736.517965878324     
   2.1593593045295261E-004  -60191.024547836067     
   2.1789250314228477E-004  -59650.429405359428     
   2.1986680413037951E-004  -59114.688554226566     
   2.2185899405148191E-004  -58583.758405173379     
   2.2386923499532712E-004  -58057.595760346929     
   2.2589769052032820E-004  -57536.157809790806     
   2.2794452566688377E-004  -57019.402127961956     
   2.3000990697080609E-004  -56507.286670278852     
   2.3209400247687086E-004  -55999.769769700608     
   2.3419698175248971E-004  -55496.810133336905     
   2.3631901590150684E-004  -54998.366839088201     
   2.3846027757812009E-004  -54504.399332316301     
   2.4062094100092910E-004  -54014.867422544630     
   2.4280118196710957E-004  -53529.731280188338     
   2.4500117786671702E-004  -53048.951433313538     
   2.4722110769711950E-004  -52572.488764425914     
   2.4946115207756140E-004  -52100.304507287845     
   2.5172149326385896E-004  -51632.360243764466     
   2.5400231516322920E-004  -51168.617900697696     
   2.5630380334925294E-004  -50709.039746808696     
   2.5862614507697374E-004  -50253.588389627774     
   2.6096952929813332E-004  -49802.226772452130     
   2.6333414667654525E-004  -49354.918171330806     
   2.6572018960360771E-004  -48911.626192076750     
   2.6812785221395712E-004  -48472.314767305674     
   2.7055733040126336E-004  -48036.948153501500     
   2.7300882183416809E-004  -47605.490928108229     
   2.7548252597236784E-004  -47177.907986647806     
   2.7797864408284236E-004  -46754.164539863938     
   2.8049737925623015E-004  -46334.226110891635     
   2.8303893642335276E-004  -45918.058532451949     
   2.8560352237188815E-004  -45505.627944072156     
   2.8819134576319561E-004  -45096.900789330713     
   2.9080261714929320E-004  -44691.843813127001     
   2.9343754898998836E-004  -44290.424058975688     
   2.9609635567016463E-004  -43892.608866325223     
   2.9877925351722419E-004  -43498.365867900560     
   3.0148646081868910E-004  -43107.662987069576     
   3.0421819783996157E-004  -42720.468435233342     
   3.0697468684224557E-004  -42336.750709239626     
   3.0975615210063011E-004  -41956.478588819802     
   3.1256281992233733E-004  -41579.621134048612     
   3.1539491866513521E-004  -41206.147682826835     
   3.1825267875591729E-004  -40836.027848386599     
   3.2113633270945094E-004  -40469.231516818931     
   3.2404611514729538E-004  -40105.728844623693     
   3.2698226281689094E-004  -39745.490256281410     
   3.2994501461082156E-004  -39388.486441846915     
   3.3293461158625165E-004  -39034.688354564656     
   3.3595129698453931E-004  -38684.067208505316     
   3.3899531625102670E-004  -38336.594476223770     
   3.4206691705501052E-004  -37992.241886438009     
   3.4516634930989269E-004  -37650.981421728873     
   3.4829386519351433E-004  -37312.785316260532     
   3.5144971916867312E-004  -36977.626053521373     
   3.5463416800382753E-004  -36645.476364085160     
   3.5784747079398778E-004  -36316.309223392345     
   3.6108988898179680E-004  -35990.097849551283     
   3.6436168637880156E-004  -35666.815701159183     
   3.6766312918691768E-004  -35346.436475142618     
   3.7099448602008847E-004  -35028.934104617460     
   3.7435602792613949E-004  -34714.282756767992     
   3.7774802840883238E-004  -34402.456830745097     
   3.8117076345011737E-004  -34093.430955583281     
   3.8462451153258790E-004  -33787.179988136486     
   3.8810955366213917E-004  -33483.679011032284     
   3.9162617339083078E-004  -33182.903330644636     
   3.9517465683995789E-004  -32884.828475084687     
   3.9875529272333042E-004  -32589.430192209682     
   4.0236837237076368E-004  -32296.684447649783     
   4.0601418975178168E-004  -32006.567422852513     
   4.0969304149953540E-004  -31719.055513144864     
   4.1340522693493730E-004  -31434.125325812754     
   4.1715104809101532E-004  -31151.753678197703     
   4.2093080973748672E-004  -30871.917595810653     
   4.2474481940555476E-004  -30594.594310462737     
   4.2859338741293090E-004  -30319.761258412735     
   4.3247682688908238E-004  -30047.396078531274     
   4.3639545380070970E-004  -29777.476610481455     
   4.4034958697745404E-004  -29509.980892915835     
   4.4433954813783859E-004  -29244.887161689592     
   4.4836566191544411E-004  -28982.173848089733     
   4.5242825588532183E-004  -28721.819577080216     
   4.5652766059064602E-004  -28463.803165562833     
   4.6066420956960798E-004  -28208.103620653656     
   4.6483823938255325E-004  -27954.700137975040     
   4.6905008963936499E-004  -27703.572099962930     
   4.7330010302709587E-004  -27454.699074189335     
   4.7758862533784990E-004  -27208.060811699888     
   4.8191600549691671E-004  -26963.637245366379     
   4.8628259559116107E-004  -26721.408488254019     
   4.9068875089767008E-004  -26481.354832003355     
   4.9513482991265861E-004  -26243.456745226809     
   4.9962119438063811E-004  -26007.694871919517     
   5.0414820932384900E-004  -25774.050029884471     
   5.0871624307195968E-004  -25542.503209171813     
   5.1332566729203459E-004  -25313.035570532149     
   5.1797685701877459E-004  -25085.628443883710     
   5.2267019068503008E-004  -24860.263326793352     
   5.2740605015259184E-004  -24636.921882971092     
   5.3218482074325981E-004  -24415.585940778270     
   5.3700689127019450E-004  -24196.237491749016     
   5.4187265406955112E-004  -23978.858689125071     
   5.4678250503240153E-004  -23763.431846403717     
   5.5173684363694464E-004  -23549.939435898741     
   5.5673607298100975E-004  -23338.364087314345     
   5.6178059981485231E-004  -23128.688586331882     
   5.6687083457424936E-004  -22920.895873209207     
   5.7200719141389334E-004  -22714.969041392676     
   5.7719008824108848E-004  -22510.891336141594     
   5.8241994674975285E-004  -22308.646153164995     
   5.8769719245472889E-004  -22108.217037270682     
   5.9302225472640416E-004  -21909.587681026365     
   5.9839556682564593E-004  -21712.741923432874     
   6.0381756593905233E-004  -21517.663748609259     
   6.0928869321452337E-004  -21324.337284489666     
   6.1480939379715365E-004  -21132.746801531972     
   6.2038011686545028E-004  -20942.876711437992     
   6.2600131566787980E-004  -20754.711565885147     
   6.3167344755974504E-004  -20568.236055269572     
   6.3739697404039688E-004  -20383.435007460495     
   6.4317236079078366E-004  -20200.293386565743     
   6.4900007771133905E-004  -20018.796291708459     
   6.5488059896021535E-004  -19838.928955814663     
   6.6081440299186169E-004  -19660.676744411790     
   6.6680197259595274E-004  -19484.025154437997     
   6.7284379493666923E-004  -19308.959813062142     
   6.7894036159233534E-004  -19135.466476514393     
   6.8509216859541442E-004  -18963.531028927300     
   6.9129971647286772E-004  -18793.139481187289     
   6.9756351028687862E-004  -18624.277969796487     
   7.0388405967594539E-004  -18456.932755744750     
   7.1026187889634731E-004  -18291.090223391810     
   7.1669748686398519E-004  -18126.736879359472     
   7.2319140719660270E-004  -17963.859351433766     
   7.2974416825638761E-004  -17802.444387476971     
   7.3635630319296300E-004  -17642.478854349312     
   7.4302834998676338E-004  -17483.949736840514     
   7.4976085149280815E-004  -17326.844136610762     
   7.5655435548486766E-004  -17171.149271141330     
   7.6340941470003391E-004  -17016.852472694503     
   7.7032658688369030E-004  -16863.941187282933     
   7.7730643483489299E-004  -16712.402973648215     
   7.8434952645216078E-004  -16562.225502248602     
   7.9145643477968096E-004  -16413.396554255880     
   7.9862773805393404E-004  -16265.904020561189     
   8.0586401975073988E-004  -16119.735900789803     
   8.1316586863273174E-004  -15974.880302324744     
   8.2053387879725819E-004  -15831.325439339178     
   8.2796864972472237E-004  -15689.059631837466     
   8.3547078632735484E-004  -15548.071304704887     
   8.4304089899843318E-004  -15408.348986765810     
   8.5067960366194337E-004  -15269.881309850414     
   8.5838752182269384E-004  -15132.657007869722     
   8.6616528061688261E-004  -14996.664915898960     
   8.7401351286312272E-004  -14861.893969269153     
   8.8193285711392962E-004  -14728.333202666885     
   8.8992395770767622E-004  -14595.971749242119     
   8.9798746482101690E-004  -14464.798839724055     
   9.0612403452178865E-004  -14334.803801544893     
   9.1433432882238950E-004  -14205.976057971515     
   9.2261901573364221E-004  -14078.305127244912     
   9.3097876931914501E-004  -13951.780621727372     
   9.3941426975011554E-004  -13826.392247057298     
   9.4792620336073090E-004  -13702.129801311661     
   9.5651526270396992E-004  -13578.983174175921     
   9.6518214660796077E-004  -13456.942346121434     
   9.7392756023283959E-004  -13335.997387590236     
   9.8275221512812401E-004  -13216.138458187157     
   9.9165682929060737E-004  -13097.355805879160     
   1.0006421272227757E-003  -12979.639766201917     
   1.0097088399917554E-003  -12862.980761473462     
   1.0188577052887956E-003  -12747.369300014934     
   1.0280894674892880E-003  -12632.795975378311     
   1.0374048777133306E-003  -12519.251465581076     
   1.0468046938868420E-003  -12406.726532347757     
   1.0562896808032271E-003  -12295.212020358273     
   1.0658606101856037E-003  -12184.698856503037     
   1.0755182607495909E-003  -12075.178049144744     
   1.0852634182666682E-003  -11966.640687386787     
   1.0950968756281076E-003  -11859.077940348241     
   1.1050194329094848E-003  -11752.481056445373     
   1.1150318974357768E-003  -11646.841362679565     
   1.1251350838470463E-003  -11542.150263931684     
   1.1353298141647235E-003  -11438.399242262747     
   1.1456169178584890E-003  -11335.579856220875     
   1.1559972319137599E-003  -11233.683740154485     
   1.1664716008997905E-003  -11132.702603531632     
   1.1770408770383873E-003  -11032.628230265476     
   1.1877059202732494E-003  -10933.452478045794     
   1.1984675983399342E-003  -10835.167277676503     
   1.2093267868364607E-003  -10737.764632419125     
   1.2202843692945479E-003  -10641.236617342169     
   1.2313412372515038E-003  -10545.575378676307     
   1.2424982903227603E-003  -10450.773133175408     
   1.2537564362750712E-003  -10356.822167483240     
   1.2651165911003687E-003  -10263.714837505911     
   1.2765796790902913E-003  -10171.443567789915     
   1.2881466329113865E-003  -10080.000850905786     
   1.2998183936809944E-003  -9989.3792468372721     
   1.3115959110438214E-003  -9899.5713823759706     
   1.3234801432492032E-003  -9810.5699505214670     
   1.3354720572290725E-003  -9722.3677098867793     
   1.3475726286766294E-003  -9634.9574841092126     
   1.3597828421257278E-003  -9548.3321612664531     
   1.3721036910309791E-003  -9462.4846932979199     
   1.3845361778485818E-003  -9377.4080954313322     
   1.3970813141178839E-003  -9293.0954456143991     
   1.4097401205436860E-003  -9209.5398839516238     
   1.4225136270792854E-003  -9126.7346121461760     
   1.4354028730102799E-003  -9044.6728929467481     
   1.4484089070391224E-003  -8963.3480495994063     
   1.4615327873704490E-003  -8882.7534653043513     
   1.4747755817971760E-003  -8802.8825826775592     
   1.4881383677873797E-003  -8723.7289032172430     
   1.5016222325719602E-003  -8645.2859867751395     
   1.5152282732331013E-003  -8567.5474510325093     
   1.5289575967935348E-003  -8490.5069709808486     
   1.5428113203066068E-003  -8414.1582784072889     
   1.5567905709471671E-003  -8338.4951613845769     
   1.5708964861032774E-003  -8263.5114637656789     
   1.5851302134687524E-003  -8189.2010846828862     
   1.5994929111365402E-003  -8115.5579780514281     
   1.6139857476929465E-003  -8042.5761520775659     
   1.6286099023127144E-003  -7970.2496687710636     
   1.6433665648549645E-003  -7898.5726434620774     
   1.6582569359600056E-003  -7827.5392443223491     
   1.6732822271470222E-003  -7757.1436918907202     
   1.6884436609126460E-003  -7687.3802586028987     
   1.7037424708304214E-003  -7618.2432683254483     
   1.7191799016511729E-003  -7549.7270958939698     
   1.7347572094042812E-003  -7481.8261666554117     
   1.7504756614998764E-003  -7414.5349560145141     
   1.7663365368319581E-003  -7347.8479889843047     
   1.7823411258824492E-003  -7281.7598397406500     
   1.7984907308261941E-003  -7216.2651311807786     
   1.8147866656369053E-003  -7151.3585344858056     
   1.8312302561940730E-003  -7087.0347686871564     
   1.8478228403908410E-003  -7023.2886002368923     
   1.8645657682428624E-003  -6960.1148425819038     
   1.8814604019981396E-003  -6897.5083557419048     
   1.8985081162478600E-003  -6835.4640458912500     
   1.9157102980382375E-003  -6773.9768649444695     
   1.9330683469833650E-003  -6713.0418101455543     
   1.9505836753790913E-003  -6652.6539236609178     
   1.9682577083179283E-003  -6592.8082921760151     
   1.9860918838050011E-003  -6533.5000464955774     
   2.0040876528750486E-003  -6474.7243611474423     
   2.0222464797104811E-003  -6416.4764539899497     
   2.0405698417605114E-003  -6358.7515858228480     
   2.0590592298613646E-003  -6301.5450600016975     
   2.0777161483575748E-003  -6244.8522220557452     
   2.0965421152243837E-003  -6188.6684593092241     
   2.1155386621912464E-003  -6132.9892005060510     
   2.1347073348664571E-003  -6077.8099154379024     
   2.1540496928629032E-003  -6023.1261145756189     
   2.1735673099249615E-003  -5968.9333487039303     
   2.1932617740565382E-003  -5915.2272085594568     
   2.2131346876502777E-003  -5862.0033244719561     
   2.2331876676179338E-003  -5809.2573660087955     
   2.2534223455219268E-003  -5756.9850416226273     
   2.2738403677080941E-003  -5705.1820983021989     
   2.2944433954396369E-003  -5653.8443212263328     
   2.3152331050322879E-003  -5602.9675334209942     
   2.3362111879906998E-003  -5552.5475954194380     
   2.3573793511460703E-003  -5502.5804049254120     
   2.3787393167950151E-003  -5453.0618964793894     
   2.4002928228396970E-003  -5403.9880411277845     
   2.4220416229292284E-003  -5355.3548460951524     
   2.4439874866023495E-003  -5307.1583544593241     
   2.4661321994314056E-003  -5259.3946448294628     
   2.4884775631676252E-003  -5212.0598310270088     
   2.5110253958877124E-003  -5165.1500617694892     
   2.5337775321417752E-003  -5118.6615203571710     
   2.5567358231025849E-003  -5072.5904243625200     
   2.5799021367161946E-003  -5026.9330253224553     
   2.6032783578539198E-003  -4981.6856084333667     
   2.6268663884656948E-003  -4936.8444922488698     
   2.6506681477348241E-003  -4892.4060283802628     
   2.6746855722341277E-003  -4848.3666011997038     
   2.6989206160835080E-003  -4804.7226275460152     
   2.7233752511089423E-003  -4761.4705564331634     
   2.7480514670029147E-003  -4718.6068687613288     
   2.7729512714863031E-003  -4676.1280770305939     
   2.7980766904717328E-003  -4634.0307250571859     
   2.8234297682284090E-003  -4592.3113876922753     
   2.8490125675484450E-003  -4550.9666705432946     
   2.8748271699146964E-003  -4509.9932096977600     
   2.9008756756701134E-003  -4469.3876714495864     
   2.9271602041886350E-003  -4429.1467520278329     
   2.9536828940476220E-003  -4389.2671773279126     
   2.9804459032018596E-003  -4349.7457026451939     
   3.0074514091591332E-003  -4310.5791124110119     
   3.0347016091573980E-003  -4271.7642199310321     
   3.0621987203435486E-003  -4233.2978671259862     
   3.0899449799538154E-003  -4195.1769242747041     
   3.1179426454957895E-003  -4157.3982897594924     
   3.1461939949320992E-003  -4119.9588898137672     
   3.1747013268657543E-003  -4082.8556782719616     
   3.2034669607271622E-003  -4046.0856363216940     
   3.2324932369628455E-003  -4009.6457722581390     
   3.2617825172258654E-003  -3973.5331212406240     
   3.2913371845679721E-003  -3937.7447450513946     
   3.3211596436334961E-003  -3902.2777318565591     
   3.3512523208549983E-003  -3867.1291959691716     
   3.3816176646506873E-003  -3832.2962776144482     
   3.4122581456236321E-003  -3797.7761426970833     
   3.4431762567627739E-003  -3763.5659825706707     
   3.4743745136457654E-003  -3729.6630138091728     
   3.5058554546436422E-003  -3696.0644779804638     
   3.5376216411273525E-003  -3662.7676414218927     
   3.5696756576761557E-003  -3629.7697950178672     
   3.6020201122879125E-003  -3597.0682539794325     
   3.6346576365912766E-003  -3564.6603576258294     
   3.6675908860598102E-003  -3532.5434691680198     
   3.7008225402280436E-003  -3500.7149754941433     
   3.7343553029094852E-003  -3469.1722869569167     
   3.7681919024166125E-003  -3437.9128371629267     
   3.8023350917828548E-003  -3406.9340827638271     
   3.8367876489865879E-003  -3376.2335032494020     
   3.8715523771771553E-003  -3345.8086007424936     
   3.9066321049029407E-003  -3315.6568997957706     
   3.9420296863415093E-003  -3285.7759471903123     
   3.9777480015318238E-003  -3256.1633117360198     
   4.0137899566085791E-003  -3226.8165840737997     
   4.0501584840386502E-003  -3197.7333764795358     
   4.0868565428596832E-003  -3168.9113226698209     
   4.1238871189208538E-003  -3140.3480776094270     
   4.1612532251258019E-003  -3112.0413173205084     
   4.1989579016777686E-003  -3083.9887386935184     
   4.2370042163269563E-003  -3056.1880592998223     
   4.2753952646201300E-003  -3028.6370172059928     
   4.3141341701524736E-003  -3001.3333707897777     
   4.3532240848217427E-003  -2974.2748985577105     
   4.3926681890847008E-003  -2947.4593989643695     
   4.4324696922158988E-003  -2920.8846902332516     
   4.4726318325687834E-003  -2894.5486101792608     
   4.5131578778391810E-003  -2868.4490160327855     
   4.5540511253311646E-003  -2842.5837842653600     
   4.5953149022253332E-003  -2816.9508104168876     
   4.6369525658495172E-003  -2791.5480089244174     
   4.6789675039519401E-003  -2766.3733129524599     
   4.7213631349768553E-003  -2741.4246742248220     
   4.7641429083426778E-003  -2716.7000628579567     
   4.8073103047226408E-003  -2692.1974671958078     
   4.8508688363279899E-003  -2667.9148936461324     
   4.8948220471937455E-003  -2643.8503665183057     
   4.9391735134670578E-003  -2620.0019278625659     
   4.9839268436981648E-003  -2596.3676373107201     
   5.0290856791340025E-003  -2572.9455719182633     
   5.0746536940144580E-003  -2549.7338260079282     
   5.1206345958713191E-003  -2526.7305110146367     
   5.1670321258299292E-003  -2503.9337553318373     
   5.2138500589135736E-003  -2481.3417041592302     
   5.2610922043506234E-003  -2458.9525193518566     
   5.3087624058844700E-003  -2436.7643792705439     
   5.3568645420862537E-003  -2414.7754786336927     
   5.4054025266704426E-003  -2392.9840283703948     
   5.4543803088132553E-003  -2371.3882554748720     
   5.5038018734739841E-003  -2349.9864028622196     
   5.5536712417192128E-003  -2328.7767292254466     
   5.6039924710499884E-003  -2307.7575088938011     
   5.6547696557319440E-003  -2286.9270316923653     
   5.7060069271284231E-003  -2266.2836028029101     
   5.7577084540366193E-003  -2245.8255426260039     
   5.8098784430267543E-003  -2225.5511866443585     
   5.8625211387843381E-003  -2205.4588852873990     
   5.9156408244555349E-003  -2185.5470037970467     
   5.9692418219956349E-003  -2165.8139220947241     
   6.0233284925207175E-003  -2146.2580346495301     
   6.0779052366624724E-003  -2126.8777503476176     
   6.1329764949262441E-003  -2107.6714923627378     
   6.1885467480523367E-003  -2088.6376980279424     
   6.2446205173805631E-003  -2069.7748187084467     
   6.3012023652181193E-003  -2051.0813196756285     
   6.3582968952107877E-003  -2032.5556799821604     
   6.4159087527175000E-003  -2014.1963923382593     
   6.4740426251882937E-003  -1996.0019629890567     
   6.5327032425456988E-003  -1977.9709115930605     
   6.5918953775695706E-003  -1960.1017711017128     
   6.6516238462854226E-003  -1942.3930876400293     
   6.7118935083562668E-003  -1924.8434203883082     
   6.7727092674780068E-003  -1907.4513414649050     
   6.8340760717784223E-003  -1890.2154358100552     
   6.8959989142197524E-003  -1873.1343010707462     
   6.9584828330049421E-003  -1856.2065474866167     
   7.0215329119875606E-003  -1839.4307977768860     
   7.0851542810854420E-003  -1822.8056870282953     
   7.1493521166980621E-003  -1806.3298625840571     
   7.2141316421277038E-003  -1790.0019839338013     
   7.2794981280044470E-003  -1773.8207226045090     
   7.3454568927149872E-003  -1757.7847620524283     
   7.4120133028353690E-003  -1741.8927975559541     
   7.4791727735676111E-003  -1726.1435361094802     
   7.5469407691803065E-003  -1710.5356963181946     
   7.6153228034532127E-003  -1695.0680082938256     
   7.6843244401258613E-003  -1679.7392135513226     
   7.7539512933502428E-003  -1664.5480649064630     
   7.8242090281475853E-003  -1649.4933263743826     
   7.8951033608692777E-003  -1634.5737730690109     
   7.9666400596619634E-003  -1619.7881911034185     
   8.0388249449368579E-003  -1605.1353774910485     
   8.1116638898433100E-003  -1590.6141400478450     
   8.1851628207466453E-003  -1576.2232972952552     
   8.2593277177103741E-003  -1561.9616783641006     
   8.3341646149827208E-003  -1547.8281228993189     
   8.4096796014876025E-003  -1533.8214809655533     
   8.4858788213200299E-003  -1519.9406129535948     
   8.5627684742460141E-003  -1506.1843894876629     
   8.6403548162069903E-003  -1492.5516913335177     
   8.7186441598288179E-003  -1479.0414093074021     
   8.7976428749353928E-003  -1465.6524441857948     
   8.8773573890669217E-003  -1452.3837066159770     
   8.9577941880028614E-003  -1439.2341170274071     
   9.0389598162896444E-003  -1426.2026055438810     
   9.1208608777731404E-003  -1413.2881118964908     
   9.2035040361359739E-003  -1400.4895853373603     
   9.2868960154396923E-003  -1387.8059845541554     
   9.3710436006718585E-003  -1375.2362775853642     
   9.4559536382980910E-003  -1362.7794417363368     
   9.5416330368191075E-003  -1350.4344634960789     
   9.6280887673328274E-003  -1338.2003384547934     
   9.7153278641015500E-003  -1326.0760712221611     
   9.8033574251242834E-003  -1314.0606753463574     
   9.8921846127142561E-003  -1302.1531732337958     
   9.9818166540816631E-003  -1290.3525960695888     
   1.0072260841921688E-002  -1278.6579837387299     
   1.0163524535007852E-002  -1267.0683847479772     
   1.0255615158790754E-002  -1255.5828561484409     
   1.0348540206002213E-002  -1244.2004634588666     
   1.0442307237264902E-002  -1232.9202805896070     
   1.0536923881707499E-002  -1221.7413897672768     
   1.0632397837585409E-002  -1210.6628814600840     
   1.0728736872907122E-002  -1199.6838543038311     
   1.0825948826066231E-002  -1188.8034150285823     
   1.0924041606479187E-002  -1178.0206783859887     
   1.1023023195228829E-002  -1167.3347670772655     
   1.1122901645713746E-002  -1156.7448116818186     
   1.1223685084303521E-002  -1146.2499505865080     
   1.1325381710999919E-002  -1135.8493299155502     
   1.1427999800104050E-002  -1125.5421034610499     
   1.1531547700889596E-002  -1115.3274326141527     
   1.1636033838282128E-002  -1105.2044862968203     
   1.1741466713544582E-002  -1095.1724408942143     
   1.1847854904968931E-002  -1085.2304801876915     
   1.1955207068574159E-002  -1075.3777952883961     
   1.2063531938810516E-002  -1065.6135845714555     
   1.2172838329270188E-002  -1055.9370536107588     
   1.2283135133404389E-002  -1046.3474151143271     
   1.2394431325246957E-002  -1036.8438888602620     
   1.2506735960144507E-002  -1027.4257016332710     
   1.2620058175493188E-002  -1018.0920871617603     
   1.2734407191482135E-002  -1008.8422860554952     
   1.2849792311843649E-002  -999.67554574381950     
   1.2966222924610157E-002  -990.59112041442995     
   1.3083708502878070E-002  -981.58827095270055     
   1.3202258605578518E-002  -972.66626488155225     
   1.3321882878255099E-002  -963.82437630186223     
   1.3442591053848669E-002  -955.06188583340906     
   1.3564392953489227E-002  -946.37808055634844     
   1.3687298487295002E-002  -937.77225395321352     
   1.3811317655178753E-002  -929.24370585143799     
   1.3936460547661400E-002  -920.79174236639415     
   1.4062737346692999E-002  -912.41567584494351     
   1.4190158326481198E-002  -904.11482480949269     
   1.4318733854327137E-002  -895.88851390255695     
   1.4448474391468994E-002  -887.73607383181366     
   1.4579390493933111E-002  -879.65684131565786     
   1.4711492813392880E-002  -871.65015902924040     
   1.4844792098035379E-002  -863.71537555099542     
   1.4979299193435873E-002  -855.85184530964477     
   1.5115025043440247E-002  -848.05892853168132     
   1.5251980691055407E-002  -840.33599118932318     
   1.5390177279347798E-002  -832.68240494893371     
   1.5529626052349997E-002  -825.09754711990888     
   1.5670338355975581E-002  -817.58080060401994     
   1.5812325638942259E-002  -810.13155384521292     
   1.5955599453703354E-002  -802.74920077986064     
   1.6100171457387760E-002  -795.43314078745891     
   1.6246053412748370E-002  -788.18277864176844     
   1.6393257189119163E-002  -780.99752446239268     
   1.6541794763380878E-002  -773.87679366679447     
   1.6691678220935528E-002  -766.82000692274119     
   1.6842919756689664E-002  -759.82659010117811     
   1.6995531676046605E-002  -752.89597422952545     
   1.7149526395907635E-002  -746.02759544539481     
   1.7304916445682259E-002  -739.22089495072203     
   1.7461714468307649E-002  -732.47531896631131     
   1.7619933221277296E-002  -725.79031868678931     
   1.7779585577678999E-002  -719.16535023596202     
   1.7940684527242234E-002  -712.59987462257595     
   1.8103243177395062E-002  -706.09335769647350     
   1.8267274754330549E-002  -699.64527010514507     
   1.8432792604082919E-002  -693.25508725067039     
   1.8599810193613397E-002  -686.92228924704659     
   1.8768341111905916E-002  -680.64636087790223     
   1.8938399071072774E-002  -674.42679155458745     
   1.9109997907470255E-002  -668.26307527464496     
   1.9283151582824426E-002  -662.15471058065145     
   1.9457874185367065E-002  -656.10120051943045     
   1.9634179930981946E-002  -650.10205260163150     
   1.9812083164361453E-002  -644.15677876167365     
   1.9991598360173727E-002  -638.26489531804646     
   2.0172740124240342E-002  -632.42592293397092     
   2.0355523194724681E-002  -626.63938657841345     
   2.0539962443331079E-002  -620.90481548744833     
   2.0726072876514803E-002  -615.22174312597031     
   2.0913869636703043E-002  -609.58970714975044     
   2.1103368003526909E-002  -604.00824936783215     
   2.1294583395064647E-002  -598.47691570526774     
   2.1487531369096081E-002  -592.99525616618769     
   2.1682227624368434E-002  -587.56282479720335     
   2.1878688001873630E-002  -582.17917965113941     
   2.2076928486137144E-002  -576.84388275109040     
   2.2276965206518545E-002  -571.55650005480368     
   2.2478814438523839E-002  -566.31660141937925     
   2.2682492605129667E-002  -561.12376056629046     
   2.2888016278119535E-002  -555.97755504671716     
   2.3095402179432126E-002  -550.87756620719165     
   2.3304667182521849E-002  -545.82337915555399     
   2.3515828313731703E-002  -540.81458272721272     
   2.3728902753678588E-002  -535.85076945170977     
   2.3943907838651145E-002  -530.93153551958721     
   2.4160861062020332E-002  -526.05648074954945     
   2.4379780075662653E-002  -521.22520855592506     
   2.4600682691396439E-002  -516.43732591641663     
   2.4823586882431008E-002  -511.69244334014536     
   2.5048510784829045E-002  -506.99017483598055     
   2.5275472698982171E-002  -502.33013788115568     
   2.5504491091099937E-002  -497.71195339016526     
   2.5735584594712271E-002  -493.13524568394433     
   2.5968772012185538E-002  -488.59964245932326     
   2.6204072316252384E-002  -484.10477475875814     
   2.6441504651555349E-002  -479.65027694033523     
   2.6681088336204601E-002  -475.23578664804256     
   2.6922842863349641E-002  -470.86094478231303     
   2.7166787902765339E-002  -466.52539547082989     
   2.7412943302452333E-002  -462.22878603959623     
   2.7661329090251902E-002  -457.97076698426559     
   2.7911965475475468E-002  -453.75099194173038     
   2.8164872850548913E-002  -449.56911766196629     
   2.8420071792671718E-002  -445.42480398013083     
   2.8677583065491206E-002  -441.31771378891301     
   2.8937427620791926E-002  -437.24751301113196     
   2.9199626600200326E-002  -433.21387057258357     
   2.9464201336904913E-002  -429.21645837513074     
   2.9731173357391946E-002  -425.25495127003757     
   3.0000564383196926E-002  -421.32902703154218     
   3.0272396332671880E-002  -417.43836633067014     
   3.0546691322768722E-002  -413.58265270928212     
   3.0823471670838726E-002  -409.76157255435675     
   3.1102759896448343E-002  -405.97481507250524     
   3.1384578723211431E-002  -402.22207226471562     
   3.1668951080638115E-002  -398.50303890132585     
   3.1955900106000398E-002  -394.81741249722114     
   3.2245449146214668E-002  -391.16489328725692     
   3.2537621759741245E-002  -387.54518420190283     
   3.2832441718501193E-002  -383.95799084310624     
   3.3129933009810424E-002  -380.40302146037487     
   3.3430119838331405E-002  -376.87998692707413     
   3.3733026628042492E-002  -373.38860071693949     
   3.4038678024225139E-002  -369.92857888080067     
   3.4347098895469073E-002  -366.49964002351635     
   3.4658314335695717E-002  -363.10150528111700     
   3.4972349666199859E-002  -359.73389829815454     
   3.5289230437709859E-002  -356.39654520525710     
   3.5608982432466546E-002  -353.08917459688564     
   3.5931631666320900E-002  -349.81151750929337     
   3.6257204390850797E-002  -346.56330739868281     
   3.6585727095496887E-002  -343.34428011956180     
   3.6917226509717828E-002  -340.15417390329480     
   3.7251729605165124E-002  -336.99272933684802     
   3.7589263597877523E-002  -333.85968934172780     
   3.7929855950495459E-002  -330.75479915310876     
   3.8273534374495453E-002  -327.67780629915171     
   3.8620326832444776E-002  -324.62846058050849     
   3.8970261540276580E-002  -321.60651405001266     
   3.9323366969585619E-002  -318.61172099255407     
   3.9679671849944760E-002  -315.64383790513608     
   4.0039205171242480E-002  -312.70262347711395     
   4.0401996186041608E-002  -309.78783857061109     
   4.0768074411959336E-002  -306.89924620111475     
   4.1137469634068891E-002  -304.03661151824650     
   4.1510211907322889E-002  -301.19970178670775     
   4.1886331558998707E-002  -298.38828636739822     
   4.2265859191165996E-002  -295.60213669870592     
   4.2648825683176510E-002  -292.84102627796671     
   4.3035262194176575E-002  -290.10473064309298     
   4.3425200165642240E-002  -287.39302735436877     
   4.3818671323937457E-002  -284.70569597641065     
   4.4215707682895407E-002  -282.04251806029276     
   4.4616341546423258E-002  -279.40327712583399     
   4.5020605511130456E-002  -276.78775864404707     
   4.5428532468980883E-002  -274.19575001974704     
   4.5840155609969055E-002  -271.62704057431796     
   4.6255508424820506E-002  -269.08142152863707     
   4.6674624707716730E-002  -266.55868598615416     
   4.7097538559044701E-002  -264.05862891612554     
   4.7524284388171419E-002  -261.58104713700067     
   4.7954896916243543E-002  -259.12573929996051     
   4.8389411179012354E-002  -256.69250587260609     
   4.8827862529684386E-002  -254.28114912279617     
   4.9270286641797861E-002  -251.89147310263226     
   4.9716719512125168E-002  -249.52328363259005     
   5.0167197463601640E-002  -247.17638828579661     
   5.0621757148280898E-002  -244.85059637245030     
   5.1080435550316966E-002  -242.54571892438412     
   5.1543269988973378E-002  -240.26156867976988     
   5.2010298121659575E-002  -237.99796006796296     
   5.2481557946994828E-002  -235.75470919448560     
   5.2957087807899872E-002  -233.53163382614801     
   5.3436926394716602E-002  -231.32855337630599     
   5.3921112748356051E-002  -229.14528889025374     
   5.4409686263474789E-002  -226.98166303075106     
   5.4902686691680233E-002  -224.83750006368351     
   5.5400154144764915E-002  -222.71262584385394     
   5.5902129097970099E-002  -220.60686780090538     
   5.6408652393278941E-002  -218.52005492537316     
   5.6919765242739472E-002  -216.45201775486555     
   5.7435509231817783E-002  -214.40258836037157     
   5.7955926322781459E-002  -212.37160033269555     
   5.8481058858113770E-002  -210.35888876901612     
   5.9010949563958776E-002  -208.36429025957011     
   5.9545641553597602E-002  -206.38764287445878     
   6.0085178330956265E-002  -204.42878615057654     
   6.0629603794145288E-002  -202.48756107866006     
   6.1178962239031340E-002  -200.56381009045811     
   6.1733298362841228E-002  -198.65737704601923     
   6.2292657267798666E-002  -196.76810722109809     
   6.2857084464793836E-002  -194.89584729467816     
   6.3426625877086293E-002  -193.04044533661065     
   6.4001327844041417E-002  -191.20175079536801     
   6.4581237124900673E-002  -189.37961448591128     
   6.5166400902586089E-002  -187.57388857767071     
   6.5756866787539170E-002  -185.78442658263788     
   6.6352682821594622E-002  -184.01108334356911     
   6.6953897481889138E-002  -182.25371502229891     
   6.7560559684805635E-002  -180.51217908816227     
   6.8172718789953193E-002  -178.78633430652565     
   6.8790424604183151E-002  -177.07604072742467     
   6.9413727385641430E-002  -175.38115967430866     
   7.0042677847857754E-002  -173.70155373289032     
   7.0677327163871734E-002  -172.03708674010034     
   7.1317726970396539E-002  -170.38762377314512     
   7.1963929372020147E-002  -168.75303113866801     
   7.2615986945444688E-002  -167.13317636201197     
   7.3273952743764276E-002  -165.52792817658349     
   7.3937880300781467E-002  -163.93715651331698     
   7.4607823635363016E-002  -162.36073249023801     
   7.5283837255834873E-002  -160.79852840212570     
   7.5965976164417248E-002  -159.25041771027236     
   7.6654295861699584E-002  -157.71627503234043     
   7.7348852351156377E-002  -156.19597613231508     
   7.8049702143703673E-002  -154.68939791055240     
   7.8756902262296966E-002  -153.19641839392210     
   7.9470510246570744E-002  -151.71691672604356     
   8.0190584157520020E-002  -150.25077315761521     
   8.0917182582224439E-002  -148.79786903683538     
   8.1650364638614900E-002  -147.35808679991544     
   8.2390189980283704E-002  -145.93130996168253     
   8.3136718801338036E-002  -144.51742310627270     
   8.3890011841297532E-002  -143.11631187791292     
   8.4650130390036216E-002  -141.72786297179141     
   8.5417136292769175E-002  -140.35196412501543     
   8.6191091955084537E-002  -138.98850410765587     
   8.6972060348020769E-002  -137.63737271387851     
   8.7760105013190384E-002  -136.29846075315939     
   8.8555290067949682E-002  -134.97166004158615     
   8.9357680210615575E-002  -133.65686339324259     
   9.0167340725729614E-002  -132.35396461167628     
   9.0984337489369710E-002  -131.06285848144930     
   9.1808736974509891E-002  -129.78344075977020     
   9.2640606256428878E-002  -128.51560816820728     
   9.3480013018167385E-002  -127.25925838448238     
   9.4327025556035005E-002  -126.01429003434421     
   9.5181712785167016E-002  -124.78060268352078     
   9.6044144245131427E-002  -123.55809682975024     
   9.6914390105587001E-002  -122.34667389488925     
   9.7792521171992303E-002  -121.14623621709868     
   9.8678608891366759E-002  -119.95668704310503     
   9.9572725358103673E-002  -118.77793052053840     
  0.10047494331983599       -117.60987169034462     
  0.10138533618335538       -116.45241647927210     
  0.10230397802058468       -115.30547169243268     
  0.10323094357460451       -114.16894500593494     
  0.10416630826573482       -113.04274495959007     
  0.10511014819767101       -111.92678094968981     
  0.10606254016367607       -110.82096322185521     
  0.10702356165282864       -109.72520286395572     
  0.10799329085632776       -108.63941179909827     
  0.10897180667385463       -107.56350277868562     
  0.10995918871999218       -106.49738937554282     
  0.11095551733070262       -105.44098597711209     
  0.11196087356986391       -104.39420777871430     
  0.11297533923586522       -103.35697077687777     
  0.11399899686826230       -102.32919176273236     
  0.11503192975449311       -101.31078831546937     
  0.11607422193665431       -100.30167879586583     
  0.11712595821833913       -99.301782339872915     
  0.11818722417153718       -98.311018852267907     
  0.11925810614359691       -97.329309000368639     
  0.12033869126425091       -96.356574207810326     
  0.12142906745270514       -95.392736648383618     
  0.12252932342479218       -94.437719239933728     
  0.12363954870018946       -93.491445638319448     
  0.12475983360970271       -92.553840231432105     
  0.12589026930261560       -91.624828133272814     
  0.12703094775410578       -90.704335178088513     
  0.12818196177272839       -89.792287914565165     
  0.12934340500796701       -88.888613600078003     
  0.13051537195785337       -87.993240194997838     
  0.13169795797665584       -87.106096357053246     
  0.13289125928263781       -86.227111435747133     
  0.13409537296588617       -85.356215466827862     
  0.13531039699621089       -84.493339166813641     
  0.13653643023111600       -83.638413927569815     
  0.13777357242384300       -82.791371810938131     
  0.13902192423148693       -81.952145543417544     
  0.14028158722318620       -81.120668510895314     
  0.14155266388838647       -80.296874753428469     
  0.14283525764517943       -79.480698960074150     
  0.14412947284871716       -78.672076463768491     
  0.14543541479970287       -77.870943236253126     
  0.14675318975295823       -77.077235883048729     
  0.14808290492606868       -76.290891638474591     
  0.14942466850810696       -75.511848360713572     
  0.15077858966843546       -74.740044526921707     
  0.15214477856558870       -73.975419228381440     
  0.15352334635623613       -73.217912165697840     
  0.15491440520422595       -72.467463644036954     
  0.15631806828971120       -71.724014568405380     
  0.15773444981835841       -70.987506438970186     
  0.15916366503063953       -70.257881346418372     
  0.16060583021120828       -69.535081967355012     
  0.16206106269836137       -68.819051559738966     
  0.16352948089358546       -68.109733958355477     
  0.16501120427119059       -67.407073570324542     
  0.16650635338803091       -66.711015370644319     
  0.16801504989331348       -66.021504897768125     
  0.16953741653849605       -65.338488249214706     
  0.17107357718727437       -64.661912077210005     
  0.17262365682566000       -63.991723584360180     
  0.17418778157214967       -63.327870519353993     
  0.17576607868798644       -62.670301172694245     
  0.17735867658751409       -62.018964372456551     
  0.17896570484862523       -61.373809480074769     
  0.18058729422330408       -60.734786386151612     
  0.18222357664826483       -60.101845506293387     
  0.18387468525568623       -59.474937776967892     
  0.18554075438404380       -58.854014651383594     
  0.18722191958903961       -58.239028095389799     
  0.18891831765463191       -57.629930583395378     
  0.19063008660416372       -57.026675094305830     
  0.19235736571159323       -56.429215107476629     
  0.19410029551282512       -55.837504598681761     
  0.19585901781714507       -55.251498036095953     
  0.19763367571875790       -54.671150376289134     
  0.19942441360842975       -54.096417060231978     
  0.20123137718523640       -53.527254009310433     
  0.20305471346841744       -52.963617621348348     
  0.20489457080933846       -52.405464766636065     
  0.20675109890356097       -51.852752783963872     
  0.20862444880302228       -51.305439476658258     
  0.21051477292832529       -50.763483108619539     
  0.21242222508113998       -50.226842400359139     
  0.21434696045671695       -49.695476525034579     
  0.21628913565651470       -49.169345104480705     
  0.21824890870094094       -48.648408205234887     
  0.22022643904220968       -48.132626334554878     
  0.22222188757731459       -47.621960436426839     
  0.22423541666112007       -47.116371887562103     
  0.22626719011957078       -46.615822493380293     
  0.22831737326302098       -46.120274483976964     
  0.23038613289968468       -45.629690510073701     
  0.23247363734920742       -45.144033638948457     
  0.23458005645636140       -44.663267350344064     
  0.23670556160486428       -44.187355532352662     
  0.23885032573132361       -43.716262477273816     
  0.24101452333930723       -43.249952877444109     
  0.24319833051354148       -42.788391821035709     
  0.24540192493423768       -42.331544787821791     
  0.24762548589154898       -41.879377644906114     
  0.24986919430015755       -41.431856642414616     
  0.25213323271399457       -40.988948409146154     
  0.25441778534109299       -40.550619948180291     
  0.25672303805857538       -40.116838632439126     
  0.25904917842777730       -39.687572200200890     
  0.26139639570950779       -39.262788750562436     
  0.26376488087944810       -38.842456738847964     
  0.26615482664369006       -38.426544971961420     
  0.26856642745441500       -38.015022603679540     
  0.27099987952571497       -37.607859129882939     
  0.27345538084955712       -37.205024383722346     
  0.27593313121189317       -36.806488530717004     
  0.27843333220891403       -36.412222063782700     
  0.28095618726345256       -36.022195798185976     
  0.28350190164153438       -35.636380866422115     
  0.28607068246907902       -35.254748713013484     
  0.28866273874875209       -34.877271089225637     
  0.29127828137697015       -34.503920047697918     
  0.29391752316106018       -34.134667936985615     
  0.29658067883657374       -33.769487396010710     
  0.29926796508475867       -33.408351348418236     
  0.30197960055018863       -33.051232996835004     
  0.30471580585855285       -32.698105817027987     
  0.30747680363460661       -32.348943551959053     
  0.31026281852028442       -32.003720205733394     
  0.31307407719297797       -31.662410037438217     
  0.31591080838397861       -31.324987554869363     
  0.31877324289708814       -30.991427508142248     
  0.32166161362739687       -30.661704883184932     
  0.32457615558023323       -30.335794895109906     
  0.32751710589028399       -30.013672981462236     
  0.33048470384088841       -29.695314795341162     
  0.33347919088350680       -29.380696198392521     
  0.33650081065736565       -29.069793253669545     
  0.33954980900928089       -28.762582218359331     
  0.34262643401366044       -28.459039536372959     
  0.34573093599268817       -28.159141830796663     
  0.34886356753669112       -27.862865896202031     
  0.35202458352469035       -27.570188690813382     
  0.35521424114513905       -27.281087328530127     
  0.35843279991684773       -26.995539070802707     
  0.36168052171009957       -26.713521318360410     
  0.36495767076795665       -26.435011602789697     
  0.36826451372775970       -26.159987577961978     
  0.37160131964282211       -25.888427011309783     
  0.37496836000432116       -25.620307774950678     
  0.37836590876338688       -25.355607836658361     
  0.38179424235339166       -25.094305250680883     
  0.38525363971244142       -24.836378148405792     
  0.38874438230607117       -24.581804728872882     
  0.39226675415014500       -24.330563249134901     
  0.39582104183396499       -24.082632014467489     
  0.39940753454358874       -23.837989368429419     
  0.40302652408535816       -23.596613682775221     
  0.40667830490964152       -23.358483347221966     
  0.41036317413479101       -23.123576759072975     
  0.41408143157131672       -22.891872312701373     
  0.41783337974628021       -22.663348388896857     
  0.42161932392790891       -22.437983344079704     
  0.42543957215043327       -22.215755499386376     
  0.42929443523914962       -21.996643129631693     
  0.43318422683570929       -21.780624452153099     
  0.43710926342363771       -21.567677615543126     
  0.44106986435408424       -21.357780688276691     
  0.44506635187180504       -21.150911647240601     
  0.44909905114138210       -20.947048366173259     
  0.45316829027367955       -20.746168604023140     
  0.45727440035253930       -20.548249993235459     
  0.46141771546171911       -20.353270027977221     
  0.46559857271207444       -20.161206052311215     
  0.46981731226898649       -19.972035248330872     
  0.47407427738003927       -19.785734624268258     
  0.47836981440294690       -19.602281002588455     
  0.48270427283373424       -19.421651008084464     
  0.48707800533517259       -19.243821055987645     
  0.49149136776547381       -19.068767340109424     
  0.49594471920724303       -18.896465821031242     
  0.50043842199669530       -18.726892214360241     
  0.50497284175313573       -18.560021979069536     
  0.50954834740870747       -18.395830305942617     
  0.51416531123840903       -18.234292106142473     
  0.51882410889038300       -18.075381999927139     
  0.52352511941648072       -17.919074305534107     
  0.52826872530310187       -17.765343028257483     
  0.53305531250231541       -17.614161849742189     
  0.53788527046326107       -17.465504117521192     
  0.54275899216383627       -17.319342834822240     
  0.54767687414266975       -17.175650650671827     
  0.55263931653138476       -17.034399850325144     
  0.55764672308715524       -16.895562346051619     
  0.56269950122555601       -16.759109668306799     
  0.56779806205371164       -16.625012957322134     
  0.57294282040374478       -16.493242955145227     
  0.57813419486652862       -16.363769998164070     
  0.58337260782574352       -16.236564010149507     
  0.58865848549224431       -16.111594495851136     
  0.59399225793873722       -15.988830535182512     
  0.59937435913477188       -15.868240778032391     
  0.60480522698205019       -15.749793439739207     
  0.61028530335005526       -15.633456297266815     
  0.61581503411200311       -15.519196686119756     
  0.62139486918111964       -15.406981498037084     
  0.62702526254724733       -15.296777179503835     
  0.63270667231378253       -15.188549731119577     
  0.63843956073494823       -15.082264707863779     
  0.64422439425340428       -14.977887220297406     
  0.65006164353819795       -14.875381936740450     
  0.65595178352305961       -14.774713086464557     
  0.66189529344504339       -14.675844463939750     
  0.66789265688352051       -14.578739434173551     
  0.67394436179952344       -14.483360939180347     
  0.68005090057544815       -14.389671505617665     
  0.68621277005511572       -14.297633253625410     
  0.69243047158419646       -14.207207906902433     
  0.69870451105100129       -14.118356804053816     
  0.70503539892764122       -14.031040911240339     
  0.71142365031156185       -13.945220836159876     
  0.71786978496745157       -13.860856843388428     
  0.72437432736953267       -13.777908871106172     
  0.73093780674423270       -13.696336549231402     
  0.73756075711324365       -13.616099218982443     
  0.74424371733697237       -13.537155953884687     
  0.75098723115838262       -13.459465582236557     
  0.75779184724723592       -13.382986711044641     
  0.76465811924473259       -13.307677751434653     
  0.77158660580855765       -13.233496945540516     
  0.77857787065833428       -13.160402394869880     
  0.78563248262148966       -13.088352090139566     
  0.79275101567953643       -13.017303942569649     
  0.79993404901477316       -12.947215816619961     
  0.80718216705740808       -12.878045564147179     
  0.81449595953310983       -12.809751059955250     
  0.82187602151098937       -12.742290238706108     
  0.82932295345201590       -12.675621133151349     
  0.83683736125787223       -12.609701913639636     
  0.84441985632025229       -12.544490928847781     
  0.85207105557060570       -12.479946747677003     
  0.85979158153033286       -12.416028202249137     
  0.86758206236143520       -12.352694431930381     
  0.87544313191762324       -12.289904928303436     
  0.88337542979588968       -12.227619581001530     
  0.89137960138854766       -12.165798724310775     
  0.89945629793574233       -12.104403184440116     
  0.90760617657843679       -12.043394327350887     
  0.91582990041187939       -11.982734107030993     
  0.92412813853955456       -11.922385114091631     
  0.93250156612762236       -11.862310624557653     
  0.94095086445985288       -11.802474648716000     
  0.94947672099305624       -11.742841979880183     
  0.95807982941301617       -11.683378242922650     
  0.96676088969093010       -11.624049942421117     
  0.97552060814036101       -11.564824510259449     
  0.98435969747470409       -11.505670352518845     
  0.99327887686517558       -11.446556895490545     
   1.0022788719993265       -11.387454630637441     
   1.0113604151400861       -11.328335158328770     
   1.0205242451853405       -11.269171230169428     
   1.0297711077280518       -11.209936789743674     
   1.0391017551169217       -11.150607011591966     
   1.0485169465176039       -11.091158338239509     
   1.0580174479744713       -11.031568515095751     
   1.0676040324729448       -10.971816623045893     
   1.0772774800023850       -10.911883108557999     
   1.0870385776195528       -10.851749811133210     
   1.0968881195126481       -10.791399987931117     
   1.1068269070659265       -10.730818335408577     
   1.1168557489249009       -10.669991007817043     
   1.1269754610621370       -10.608905632411831     
   1.1371868668436409       -10.547551321236092     
   1.1474907970958517       -10.485918679352794     
   1.1578880901732393       -10.423999809409732     
   1.1683795920265148       -10.361788312435440     
   1.1789661562714597       -10.299279284777835     
   1.1896486442583780       -10.236469311112563     
   1.2004279251421774       -10.173356453464001     
   1.2113048759530876       -10.109940236199055     
   1.2222803816680157       -10.046221626971846     
   1.2333553352825517       -9.9822030136161874     
   1.2445306378836245       -9.9178881770023608     
   1.2558071987228163       -9.8532822598948329     
   1.2671859352903425       -9.7883917318683107     
   1.2786677733897001       -9.7232243503606135     
   1.2902536472129940       -9.6577891179621549     
   1.3019444994169451       -9.5920962360633055     
   1.3137412811995881       -9.5261570550023134     
   1.3256449523776617       -9.4599840208775898     
   1.3376564814647041       -9.3935906192089771     
   1.3497768457498511       -9.3269913156528563     
   1.3620070313773536       -9.2602014939954174     
   1.3743480334268108       -9.1932373916669121     
   1.3868008559941332       -9.1261160330372828     
   1.3993665122732384       -9.0588551607695500     
   1.4120460246384876       -8.9914731655221871     
   1.4248404247278681       -8.9239890143046345     
   1.4377507535269300       -8.8564221778014858     
   1.4507780614534840       -8.7887925569900514     
   1.4639234084430652       -8.7211204093833601     
   1.4771878640351734       -8.6534262752355424     
   1.4905725074602927       -8.5857309040493384     
   1.5040784277277011       -8.5180551817256394     
   1.5177067237140740       -8.4504200586928970     
   1.5314585042528934       -8.3828464793494000     
   1.5453348882246636       -8.3153553131442806     
   1.5593370046479484       -8.2479672876132497     
   1.5734659927712284       -8.1807029236728788     
   1.5877230021655953       -8.1135824734624187     
   1.6021091928182831       -8.0466258610052321     
   1.6166257352270474       -7.9798526259425886     
   1.6312738104954005       -7.9132818705711419     
   1.6460546104287102       -7.8469322103922918     
   1.6609693376311654       -7.7808217283565781     
   1.6760192056036252       -7.7149679329597731     
   1.6912054388423532       -7.6493877203196892     
   1.7065292729386425       -7.5840973403340222     
   1.7219919546793505       -7.5191123669900790     
   1.7375947421483375       -7.4544476728675377     
   1.7533389048288290       -7.3901174078453549     
   1.7692257237067048       -7.3261349819942581     
   1.7852564913747224       -7.2625130526070008     
   1.8014325121376855       -7.1992635152900837     
   1.8177551021185667       -7.1363974990133352     
   1.8342255893655897       -7.0739253649877432     
   1.8508453139602830       -7.0118567092175956     
   1.8676156281265126       -6.9502003685505951     
   1.8845378963405022       -6.8889644300292368     
   1.9016134954418507       -6.8281562433287739     
   1.9188438147455558       -6.7677824360515793     
   1.9362302561550511       -6.7078489316347572     
   1.9537742342762694       -6.6483609696176984     
   1.9714771765327399       -6.5893231280087816     
   1.9893405232817243       -6.5307393474858504     
