   1.3822751979752665E-006  -9404383.5235897619     
   1.3947998477444208E-006  -9319932.9631916042     
   1.4074379820440571E-006  -9236240.7292970736     
   1.4201906291455367E-006  -9153300.0124891158     
   1.4330588266372786E-006  -9071104.0644960515     
   1.4460436215091809E-006  -8989646.1976425275     
   1.4591460702378062E-006  -8908919.7843053900     
   1.4723672388723408E-006  -8828918.2563744280     
   1.4857082031213301E-006  -8749635.1047179904     
   1.4991700484402000E-006  -8671063.8786533866     
   1.5127538701195753E-006  -8593198.1854220293     
   1.5264607733743922E-006  -8516031.6896693148     
   1.5402918734338238E-006  -8439558.1129291579     
   1.5542482956320160E-006  -8363771.2331131641     
   1.5683311754996499E-006  -8288664.8840043712     
   1.5825416588563296E-006  -8214232.9547555679     
   1.5968809019038098E-006  -8140469.3893920854     
   1.6113500713200681E-006  -8067368.1863190737     
   1.6259503443542271E-006  -7994923.3978331983     
   1.6406829089223402E-006  -7923129.1296387129     
   1.6555489637040427E-006  -7851979.5403678892     
   1.6705497182400797E-006  -7781468.8411057489     
   1.6856863930307173E-006  -7711591.2949190587     
   1.7009602196350457E-006  -7642341.2163895620     
   1.7163724407711826E-006  -7573712.9711513929     
   1.7319243104173829E-006  -7505700.9754326576     
   1.7476170939140666E-006  -7438299.6956011197     
   1.7634520680667692E-006  -7371503.6477139723     
   1.7794305212500273E-006  -7305307.3970716419     
   1.7955537535122026E-006  -7239705.5577756185     
   1.8118230766812585E-006  -7174692.7922902368     
   1.8282398144714926E-006  -7110263.8110084077     
   1.8448053025912382E-006  -7046413.3718212331     
   1.8615208888515413E-006  -6983136.2796915015     
   1.8783879332758217E-006  -6920427.3862310033     
   1.8954078082105273E-006  -6858281.5892816465     
   1.9125818984367932E-006  -6796693.8325003264     
   1.9299116012831093E-006  -6735659.1049475390     
   1.9473983267390128E-006  -6675172.4406796657     
   1.9650434975698066E-006  -6615228.9183449419     
   1.9828485494323194E-006  -6555823.6607830366     
   2.0008149309917165E-006  -6496951.8346282328     
   2.0189441040393643E-006  -6438608.6499161804     
   2.0372375436117671E-006  -6380789.3596941624     
   2.0556967381105788E-006  -6323489.2596348785     
   2.0743231894237040E-006  -6266703.6876536859     
   2.0931184130474958E-006  -6210428.0235292763     
   2.1120839382100596E-006  -6154657.6885277666     
   2.1312213079956740E-006  -6099388.1450301679     
   2.1505320794703438E-006  -6044614.8961631749     
   2.1700178238084827E-006  -5990333.4854333084     
   2.1896801264207510E-006  -5936539.4963643122     
   2.2095205870830478E-006  -5883228.5521378154     
   2.2295408200666723E-006  -5830396.3152372334     
   2.2497424542696664E-006  -5778038.4870948493     
   2.2701271333493445E-006  -5726150.8077420676     
   2.2906965158560273E-006  -5674729.0554628232     
   2.3114522753679846E-006  -5623769.0464500794     
   2.3323961006276029E-006  -5573266.6344654327     
   2.3535296956787845E-006  -5523217.7105017575     
   2.3748547800055940E-006  -5473618.2024488905     
   2.3963730886721607E-006  -5424464.0747623090     
   2.4180863724638457E-006  -5375751.3281347938     
   2.4399963980296921E-006  -5327475.9991710326     
   2.4621049480261643E-006  -5279634.1600651424     
   2.4844138212621871E-006  -5232221.9182811091     
   2.5069248328455049E-006  -5185235.4162360607     
   2.5296398143303616E-006  -5138670.8309864169     
   2.5525606138665207E-006  -5092524.3739168420     
   2.5756890963496353E-006  -5046792.2904319922     
   2.5990271435729817E-006  -5001470.8596510338     
   2.6225766543805676E-006  -4956556.3941048961     
   2.6463395448216243E-006  -4912045.2394362623     
   2.6703177483065036E-006  -4867933.7741022287     
   2.6945132157639856E-006  -4824218.4090796523     
   2.7189279158000091E-006  -4780895.5875731399     
   2.7435638348578430E-006  -4737961.7847256549     
   2.7684229773797120E-006  -4695413.5073317252     
   2.7935073659698772E-006  -4653247.2935532331     
   2.8188190415592056E-006  -4611459.7126377439     
   2.8443600635712224E-006  -4570047.3646393744     
   2.8701325100896731E-006  -4529006.8801421616     
   2.8961384780275994E-006  -4488334.9199859276     
   2.9223800832979528E-006  -4448028.1749945814     
   2.9488594609857475E-006  -4408083.3657068899     
   2.9755787655217773E-006  -4368497.2421096480     
   3.0025401708579087E-006  -4329266.5833732402     
   3.0297458706439531E-006  -4290388.1975896042     
   3.0571980784061550E-006  -4251858.9215125088     
   3.0848990277272852E-006  -4213675.6203001961     
   3.1128509724283716E-006  -4175835.1872603232     
   3.1410561867520776E-006  -4138334.5435971878     
   3.1695169655477397E-006  -4101170.6381612308     
   3.1982356244580815E-006  -4064340.4472007900     
   3.2272145001076222E-006  -4027840.9741160753     
   3.2564559502927873E-006  -3991669.2492153635     
   3.2859623541737489E-006  -3955822.3294733707     
   3.3157361124679980E-006  -3920297.2982918024     
   3.3457796476456731E-006  -3885091.2652620529     
   3.3760954041266594E-006  -3850201.3659300325     
   3.4066858484794730E-006  -3815624.7615631074     
   3.4375534696219467E-006  -3781358.6389191356     
   3.4687007790237363E-006  -3747400.2100175712     
   3.5001303109106568E-006  -3713746.7119126311     
   3.5318446224708797E-006  -3680395.4064684892     
   3.5638462940629855E-006  -3647343.5801364989     
   3.5961379294259132E-006  -3614588.5437344108     
   3.6287221558908056E-006  -3582127.6322275721     
   3.6616016245947757E-006  -3549958.2045120946     
   3.6947790106966097E-006  -3518077.6431999668     
   3.7282570135944263E-006  -3486483.3544060965     
   3.7620383571453054E-006  -3455172.7675372646     
   3.7961257898869085E-006  -3424143.3350829766     
   3.8305220852611085E-006  -3393392.5324081895     
   3.8652300418396374E-006  -3362917.8575479034     
   3.9002524835517982E-006  -3332716.8310035891     
   3.9355922599142137E-006  -3302786.9955414562     
   3.9712522462626778E-006  -3273125.9159925235     
   4.0072353439860992E-006  -3243731.1790544870     
   4.0435444807625659E-006  -3214600.3930953667     
   4.0801826107975465E-006  -3185731.1879589208     
   4.1171527150642558E-006  -3157121.2147717983     
   4.1544578015461909E-006  -3128768.1457524346     
   4.1921009054818705E-006  -3100669.6740216510     
   4.2300850896117898E-006  -3072823.5134149659     
   4.2684134444276133E-006  -3045227.3982965834     
   4.3070890884236215E-006  -3017879.0833750591     
   4.3461151683504469E-006  -2990776.3435206101     
   4.3854948594710933E-006  -2963916.9735840829     
   4.4252313658192907E-006  -2937298.7882175269     
   4.4653279204601802E-006  -2910919.6216963963     
   4.5057877857533648E-006  -2884777.3277433352     
   4.5466142536183423E-006  -2858869.7793535576     
   4.5878106458023476E-006  -2833194.8686217801     
   4.6293803141506173E-006  -2807750.5065707257     
   4.6713266408791030E-006  -2782534.6229811534     
   4.7136530388496575E-006  -2757545.1662234254     
   4.7563629518477181E-006  -2732780.1030905717     
   4.7994598548624953E-006  -2708237.4186328752     
   4.8429472543697116E-006  -2683915.1159939212     
   4.8868286886168969E-006  -2659811.2162481314     
   4.9311077279112676E-006  -2635923.7582397526     
   4.9757879749102179E-006  -2612250.7984232930     
   5.0208730649144392E-006  -2588790.4107053899     
   5.0663666661637013E-006  -2565540.6862880960     
   5.1122724801353070E-006  -2542499.7335135769     
   5.1585942418452531E-006  -2519665.6777102007     
   5.2053357201521228E-006  -2497036.6610400085     
   5.2525007180637320E-006  -2474610.8423475572     
   5.3000930730465462E-006  -2452386.3970101164     
   5.3481166573379097E-006  -2430361.5167892161     
   5.3965753782611034E-006  -2408534.4096835200     
   5.4454731785432502E-006  -2386903.2997830249     
   5.4948140366361082E-006  -2365466.4271245683     
   5.5446019670397693E-006  -2344222.0475486335     
   5.5948410206292831E-006  -2323168.4325574394     
   5.6455352849842541E-006  -2302303.8691743067     
   5.6966888847214120E-006  -2281626.6598042836     
   5.7483059818302076E-006  -2261135.1220960272     
   5.8003907760114341E-006  -2240827.5888049230     
   5.8529475050189339E-006  -2220702.4076574319     
   5.9059804450043885E-006  -2200757.9412166565     
   5.9594939108652420E-006  -2180992.5667491178     
   6.0134922565957623E-006  -2161404.6760927252     
   6.0679798756413074E-006  -2141992.6755259275     
   6.1229612012557750E-006  -2122754.9856380504     
   6.1784407068623126E-006  -2103690.0412007859     
   6.2344229064172805E-006  -2084796.2910408447     
   6.2909123547775236E-006  -2066072.1979137470     
   6.3479136480709604E-006  -2047516.2383787499     
   6.4054314240705436E-006  -2029126.9026748941     
   6.4634703625715955E-006  -2010902.6945981674     
   6.5220351857725724E-006  -1992842.1313797694     
   6.5811306586592691E-006  -1974943.7435654697     
   6.6407615893925162E-006  -1957206.0748960492     
   6.7009328296993833E-006  -1939627.6821888143     
   6.7616492752679249E-006  -1922207.1352201768     
   6.8229158661455110E-006  -1904943.0166092869     
   6.8847375871407578E-006  -1887833.9217027118     
   6.9471194682291062E-006  -1870878.4584601487     
   7.0100665849620794E-006  -1854075.2473411637     
   7.0735840588802289E-006  -1837422.9211929534     
   7.1376770579298511E-006  -1820920.1251391042     
   7.2023507968834567E-006  -1804565.5164693596     
   7.2676105377640611E-006  -1788357.7645303719     
   7.3334615902733138E-006  -1772295.5506174385     
   7.3999093122235133E-006  -1756377.5678672066     
   7.4669591099735259E-006  -1740602.5211513464     
   7.5346164388686691E-006  -1724969.1269711729     
   7.6028868036845680E-006  -1709476.1133532187     
   7.6717757590750385E-006  -1694122.2197457431     
   7.7412889100240283E-006  -1678906.1969161700     
   7.8114319123016564E-006  -1663826.8068494464     
   7.8822104729243725E-006  -1648882.8226473166     
   7.9536303506193070E-006  -1634073.0284284952     
   8.0256973562928051E-006  -1619396.2192297424     
   8.0984173535032240E-006  -1604851.2009078246     
   8.1717962589380035E-006  -1590436.7900423545     
   8.2458400428950607E-006  -1576151.8138395075     
   8.3205547297685613E-006  -1561995.1100365967     
   8.3959463985390606E-006  -1547965.5268075119     
   8.4720211832681230E-006  -1534061.9226690014     
   8.5487852735973959E-006  -1520283.1663877983     
   8.6262449152522143E-006  -1506628.1368885820     
   8.7044064105497754E-006  -1493095.7231627624     
   8.7832761189119066E-006  -1479684.8241780878     
   8.8628604573824823E-006  -1466394.3487890596     
   8.9431659011495386E-006  -1453223.2156481559     
   9.0241989840721059E-006  -1440170.3531178492     
   9.1059662992118230E-006  -1427234.6991834142     
   9.1884744993693641E-006  -1414415.2013665233     
   9.2717302976257276E-006  -1401710.8166396092     
   9.3557404678884304E-006  -1389120.5113410049     
   9.4405118454426553E-006  -1376643.2610908414     
   9.5260513275073807E-006  -1364278.0507077011     
   9.6123658737965547E-006  -1352023.8741260213     
   9.6994625070853662E-006  -1339879.7343142356     
   9.7873483137816222E-006  -1327844.6431936556     
   9.8760304445023285E-006  -1315917.6215580774     
   9.9655161146554793E-006  -1304097.6989941082     
   1.0055812605027112E-005  -1292383.9138022158     
   1.0146927262373702E-005  -1280775.3129184791     
   1.0238867500019914E-005  -1269270.9518370433     
   1.0331640798461763E-005  -1257869.8945332759     
   1.0425254705975242E-005  -1246571.2133876069     
   1.0519716839230490E-005  -1235373.9891100554     
   1.0615034883911482E-005  -1224277.3106654349     
   1.0711216595341366E-005  -1213280.2751992275     
   1.0808269799113457E-005  -1202381.9879641279     
   1.0906202391727943E-005  -1191581.5622472414     
   1.1005022341234371E-005  -1180878.1192979398     
   1.1104737687879937E-005  -1170270.7882563660     
   1.1205356544763683E-005  -1159758.7060825750     
   1.1306887098496567E-005  -1149341.0174863173     
   1.1409337609867580E-005  -1139016.8748574497     
   1.1512716414515845E-005  -1128785.4381969711     
   1.1617031923608834E-005  -1118645.8750486777     
   1.1722292624526717E-005  -1108597.3604314337     
   1.1828507081552923E-005  -1098639.0767720474     
   1.1935683936570947E-005  -1088770.2138387512     
   1.2043831909767485E-005  -1078989.9686752805     
   1.2152959800341919E-005  -1069297.5455355409     
   1.2263076487222249E-005  -1059692.1558188670     
   1.2374190929787507E-005  -1050173.0180058570     
   1.2486312168596716E-005  -1040739.3575947875     
   1.2599449326124445E-005  -1031390.4070385988     
   1.2713611607503044E-005  -1022125.4056824443     
   1.2828808301271600E-005  -1012943.5997018018     
   1.2945048780131668E-005  -1003844.2420411403     
   1.3062342501709870E-005  -994826.59235313768     
   1.3180699009327377E-005  -985889.91693844483     
   1.3300127932776392E-005  -977033.48868598905     
   1.3420638989103646E-005  -968256.58701381483     
   1.3542241983401013E-005  -959558.49781045481     
   1.3664946809603259E-005  -950938.51337682910     
   1.3788763451293057E-005  -942395.93236866395     
   1.3913701982513268E-005  -933930.05973942892     
   1.4039772568586593E-005  -925540.20668378589     
   1.4166985466942646E-005  -917225.69058154675     
   1.4295351027952534E-005  -908985.83494213282     
   1.4424879695770983E-005  -900819.96934953413     
   1.4555582009186105E-005  -892727.42940776283     
   1.4687468602476855E-005  -884707.55668679602     
   1.4820550206278272E-005  -876759.69866900414     
   1.4954837648454542E-005  -868883.20869606081     
   1.5090341854979996E-005  -861077.44591632835     
   1.5227073850828053E-005  -853341.77523271716     
   1.5365044760868266E-005  -845675.56725101173     
   1.5504265810771454E-005  -838078.19822866248     
   1.5644748327923043E-005  -830549.05002403609     
   1.5786503742344724E-005  -823087.51004612132     
   1.5929543587624392E-005  -815692.97120468749     
   1.6073879501854578E-005  -808364.83186089050     
   1.6219523228579328E-005  -801102.49577832106     
   1.6366486617749716E-005  -793905.37207449402     
   1.6514781626687963E-005  -786772.87517277186     
   1.6664420321060331E-005  -779704.42475472204     
   1.6815414875858807E-005  -772699.44571289897     
   1.6967777576391701E-005  -765757.36810405343     
   1.7121520819283203E-005  -758877.62710275932     
   1.7276657113482007E-005  -752059.66295545897     
   1.7433199081279071E-005  -745302.92093491915     
   1.7591159459334603E-005  -738606.85129509796     
   1.7750551099714343E-005  -731970.90922641545     
   1.7911386970935241E-005  -725394.55481142690     
   1.8073680159020618E-005  -718877.25298089278     
   1.8237443868564864E-005  -712418.47347024595     
   1.8402691423807817E-005  -706017.69077644590     
   1.8569436269718835E-005  -699674.38411522435     
   1.8737691973090729E-005  -693388.03737871139     
   1.8907472223643591E-005  -687158.13909344433     
   1.9078790835138623E-005  -680984.18237875286     
   1.9251661746502057E-005  -674865.66490551771     
   1.9426099022959269E-005  -668802.08885529998     
   1.9602116857179152E-005  -662792.96087983763     
   1.9779729570428886E-005  -656837.79206090455     
   1.9958951613739127E-005  -650936.09787053231     
   2.0139797569079812E-005  -645087.39813158580     
   2.0322282150546562E-005  -639291.21697869629     
   2.0506420205557863E-005  -633547.08281954366     
   2.0692226716063096E-005  -627854.52829648566     
   2.0879716799761505E-005  -622213.09024853294     
   2.1068905711332219E-005  -616622.30967366556     
   2.1259808843675395E-005  -611081.73169148609     
   2.1452441729164644E-005  -605590.90550621029     
   2.1646820040910769E-005  -600149.38436998974     
   2.1842959594036978E-005  -594756.72554656200     
   2.2040876346965643E-005  -589412.49027522921     
   2.2240586402716723E-005  -584116.24373515905     
   2.2442106010217934E-005  -578867.55501000711     
   2.2645451565626814E-005  -573665.99705285567     
   2.2850639613664767E-005  -568511.14665146836     
   2.3057686848963149E-005  -563402.58439385728     
   2.3266610117421632E-005  -558339.89463415707     
   2.3477426417578801E-005  -553322.66545880807     
   2.3690152901995198E-005  -548350.48865304166     
   2.3904806878648918E-005  -543422.95966766658     
   2.4121405812343807E-005  -538539.67758615431     
   2.4339967326130477E-005  -533700.24509201839     
   2.4560509202740122E-005  -528904.26843648904     
   2.4783049386031404E-005  -524151.35740647593     
   2.5007605982450376E-005  -519441.12529281987     
   2.5234197262503708E-005  -514773.18885882845     
   2.5462841662245197E-005  -510147.16830909572     
   2.5693557784775775E-005  -505562.68725860061     
   2.5926364401757117E-005  -501019.37270208338     
   2.6161280454938938E-005  -496516.85498369689     
   2.6398325057700148E-005  -492054.76776693057     
   2.6637517496603979E-005  -487632.74800480402     
   2.6878877232967157E-005  -483250.43591032928     
   2.7122423904443373E-005  -478907.47492723656     
   2.7368177326621001E-005  -474603.51170096482     
   2.7616157494635390E-005  -470338.19604991149     
   2.7866384584795695E-005  -466111.18093694077     
   2.8118878956226468E-005  -461922.12244114844     
   2.8373661152524165E-005  -457770.67972987815     
   2.8630751903428580E-005  -453656.51503099193     
   2.8890172126509511E-005  -449579.29360538727     
   2.9151942928868638E-005  -445538.68371976208     
   2.9416085608856868E-005  -441534.35661962430     
   2.9682621657807210E-005  -437565.98650254309     
   2.9951572761783387E-005  -433633.25049164105     
   3.0222960803344257E-005  -429735.82860932377     
   3.0496807863324222E-005  -425873.40375124634     
   3.0773136222629814E-005  -422045.66166051198     
   3.1051968364052497E-005  -418252.29090210394     
   3.1333326974097937E-005  -414492.98283754615     
   3.1617234944831838E-005  -410767.43159979169     
   3.1903715375742499E-005  -407075.33406833635     
   3.2192791575620243E-005  -403416.38984455634     
   3.2484487064453883E-005  -399790.30122726673     
   3.2778825575344372E-005  -396196.77318850008     
   3.3075831056435790E-005  -392635.51334950182     
   3.3375527672863810E-005  -389106.23195694189     
   3.3677939808721876E-005  -385608.64185933943     
   3.3983092069045099E-005  -382142.45848369953     
   3.4291009281812251E-005  -378707.39981235960     
   3.4601716499965773E-005  -375303.18636004347     
   3.4915239003450196E-005  -371929.54115112202     
   3.5231602301268947E-005  -368586.18969707785     
   3.5550832133559843E-005  -365272.85997417173     
   3.5872954473689387E-005  -361989.28240131034     
   3.6197995530366001E-005  -358735.18981811235     
   3.6525981749772474E-005  -355510.31746317173     
   3.6856939817717634E-005  -352314.40295251587     
   3.7190896661807630E-005  -349147.18625825737     
   3.7527879453636816E-005  -346008.40968743758     
   3.7867915610998466E-005  -342897.81786106020     
   3.8211032800115621E-005  -339815.15769331245     
   3.8557258937892033E-005  -336760.17837097391     
   3.8906622194183582E-005  -333732.63133300940     
   3.9259150994090222E-005  -330732.27025034564     
   3.9614874020268775E-005  -327758.85100582865     
   3.9973820215266547E-005  -324812.13167436310     
   4.0336018783876257E-005  -321891.87250322680     
   4.0701499195512139E-005  -318997.83589256549     
   4.1070291186607681E-005  -316129.78637606016     
   4.1442424763035089E-005  -313287.49060176895     
   4.1817930202546571E-005  -310470.71731314156     
   4.2196838057237885E-005  -307679.23733020294     
   4.2579179156034097E-005  -304912.82353090722     
   4.2964984607197902E-005  -302171.25083265803     
   4.3354285800860698E-005  -299454.29617399536     
   4.3747114411576533E-005  -296761.73849644681     
   4.4143502400899272E-005  -294093.35872654151     
   4.4543482019983027E-005  -291448.93975798570     
   4.4947085812206226E-005  -288828.26643399894     
   4.5354346615819427E-005  -286231.12552980741     
   4.5765297566617071E-005  -283657.30573529645     
   4.6179972100633604E-005  -281106.59763781686     
   4.6598403956863778E-005  -278578.79370514752     
   4.7020627180007893E-005  -276073.68826860900     
   4.7446676123241629E-005  -273591.07750633080     
   4.7876585451011184E-005  -271130.75942666718     
   4.8310390141853662E-005  -268692.53385176271     
   4.8748125491242989E-005  -266276.20240126579     
   4.9189827114461665E-005  -263881.56847618718     
   4.9635530949498487E-005  -261508.43724290459     
   5.0085273259972605E-005  -259156.61561731069     
   5.0539090638083998E-005  -256825.91224910275     
   5.0997020007590670E-005  -254516.13750621447     
   5.1459098626812944E-005  -252227.10345938659     
   5.1925364091664839E-005  -249958.62386687662     
   5.2395854338712990E-005  -247710.51415930578     
   5.2870607648263230E-005  -245482.59142464210     
   5.3349662647475269E-005  -243274.67439331766     
   5.3833058313505369E-005  -241086.58342348077     
   5.4320833976677737E-005  -238918.14048637930     
   5.4813029323684470E-005  -236769.16915187609     
   5.5309684400814628E-005  -234639.49457409393     
   5.5810839617212456E-005  -232528.94347718975     
   5.6316535748165179E-005  -230437.34414125659     
   5.6826813938420631E-005  -228364.52638835169     
   5.7341715705534834E-005  -226310.32156865072     
   5.7861282943250020E-005  -224274.56254672576     
   5.8385557924903201E-005  -222257.08368794678     
   5.8914583306865631E-005  -220257.72084500530     
   5.9448402132013450E-005  -218276.31134455872     
   5.9987057833229769E-005  -216312.69397399499     
   6.0530594236938456E-005  -214366.70896831577     
   6.1079055566669988E-005  -212438.19799713782     
   6.1632486446659574E-005  -210527.00415181046     
   6.2190931905477942E-005  -208632.97193264926     
   6.2754437379694910E-005  -206755.94723628429     
   6.3323048717576295E-005  -204895.77734312165     
   6.3896812182814220E-005  -203052.31090491786     
   6.4475774458291207E-005  -201225.39793246597     
   6.5059982649878475E-005  -199414.88978339193     
   6.5649484290268554E-005  -197620.63915006045     
   6.6244327342842744E-005  -195842.50004758997     
   6.6844560205573403E-005  -194080.32780197487     
   6.7450231714961888E-005  -192333.97903831422     
   6.8061391150011873E-005  -190603.31166914690     
   6.8678088236238949E-005  -188888.18488289035     
   6.9300373149716303E-005  -187188.45913238433     
   6.9928296521157290E-005  -185503.99612353672     
   7.0561909440034759E-005  -183834.65880407160     
   7.1201263458737924E-005  -182180.31135237837     
   7.1846410596766727E-005  -180540.81916646098     
   7.2497403344964356E-005  -178916.04885298610     
   7.3154294669787958E-005  -177305.86821643027     
   7.3817138017618156E-005  -175710.14624832402     
   7.4485987319107617E-005  -174128.75311659244     
   7.5160896993568959E-005  -172561.56015499201     
   7.5841921953402424E-005  -171008.43985264178     
   7.6529117608563756E-005  -169469.26584364890     
   7.7222539871072448E-005  -167943.91289682695     
   7.7922245159560896E-005  -166432.25690550715     
   7.8628290403864781E-005  -164934.17487744047     
   7.9340733049655031E-005  -163449.54492479056     
   8.0059631063111706E-005  -161978.24625421697     
   8.0785042935640361E-005  -160520.15915704679     
   8.1517027688630969E-005  -159075.16499953505     
   8.2255644878260090E-005  -157643.14621321225     
   8.3000954600336547E-005  -156223.98628531865     
   8.3753017495190907E-005  -154817.56974932473     
   8.4511894752609397E-005  -153423.78217553624     
   8.5277648116812473E-005  -152042.51016178401     
   8.6050339891478425E-005  -150673.64132419732     
   8.6830032944812589E-005  -149317.06428806004     
   8.7616790714662511E-005  -147972.66867874877     
   8.8410677213679356E-005  -146640.34511275269     
   8.9211757034526196E-005  -145319.98518877360     
   9.0020095355133385E-005  -144011.48147890635     
   9.0835757944001636E-005  -142714.72751989795     
   9.1658811165553126E-005  -141429.61780448566     
   9.2489321985531053E-005  -140156.04777281263     
   9.3327357976448109E-005  -138893.91380392053     
   9.4172987323084474E-005  -137643.11320731873     
   9.5026278828035362E-005  -136403.54421462928     
   9.5887301917309091E-005  -135175.10597130636     
   9.6756126645975682E-005  -133957.69852843104     
   9.7632823703866782E-005  -132751.22283457877     
   9.8517464421327139E-005  -131555.58072776051     
   9.9410120775018200E-005  -130370.67492743583     
   1.0031086539377442E-004  -129196.40902659811     
   1.0121977156451238E-004  -128032.68748393052     
   1.0213691323819375E-004  -126879.41561603252     
   1.0306236503584203E-004  -125736.49958971620     
   1.0399620225461395E-004  -124603.84641437182     
   1.0493850087392582E-004  -123481.36393440168     
   1.0588933756163547E-004  -122368.96082172231     
   1.0684878968028002E-004  -121266.54656833370     
   1.0781693529337047E-004  -120174.03147895524     
   1.0879385317174304E-004  -119091.32666372799     
   1.0977962279996813E-004  -118018.34403098241     
   1.1077432438281750E-004  -116954.99628007085     
   1.1177803885178988E-004  -115901.19689426471     
   1.1279084787169577E-004  -114856.86013371497     
   1.1381283384730190E-004  -113821.90102847650     
   1.1484407993003591E-004  -112796.23537159438     
   1.1588467002475174E-004  -111779.77971225284     
   1.1693468879655637E-004  -110772.45134898530     
   1.1799422167769838E-004  -109774.16832294573     
   1.1906335487451895E-004  -108784.84941124011     
   1.2014217537446582E-004  -107804.41412031802     
   1.2123077095317083E-004  -106832.78267942349     
   1.2232923018159152E-004  -105869.87603410459     
   1.2343764243321760E-004  -104915.61583978131     
   1.2455609789134250E-004  -103969.92445537145     
   1.2568468755640099E-004  -103032.72493697322     
   1.2682350325337309E-004  -102103.94103160521     
   1.2797263763925540E-004  -101183.49717100202     
   1.2913218421059972E-004  -100271.31846546594     
   1.3030223731112027E-004  -99367.330697773723     
   1.3148289213936974E-004  -98471.460317137986     
   1.3267424475648477E-004  -97583.634433223066     
   1.3387639209400194E-004  -96703.780810214419     
   1.3508943196174420E-004  -95831.827860941237     
   1.3631346305577896E-004  -94967.704641052071     
   1.3754858496644836E-004  -94111.340843242549     
   1.3879489818647208E-004  -93262.666791534968     
   1.4005250411912374E-004  -92421.613435609310     
   1.4132150508648134E-004  -91588.112345185145     
   1.4260200433775241E-004  -90762.095704453925     
   1.4389410605767465E-004  -89943.496306561370     
   1.4519791537499275E-004  -89132.247548139218     
   1.4651353837101180E-004  -88328.283423886358     
   1.4784108208822842E-004  -87531.538521198410     
   1.4918065453904000E-004  -86741.948014845533     
   1.5053236471453292E-004  -85959.447661698141     
   1.5189632259335017E-004  -85183.973795499929     
   1.5327263915063981E-004  -84415.463321687712     
   1.5466142636708381E-004  -83653.853712258060     
   1.5606279723800947E-004  -82899.083000679646     
   1.5747686578258271E-004  -82151.089776851688     
   1.5890374705308509E-004  -81409.813182107420     
   1.6034355714427485E-004  -80675.192904262265     
   1.6179641320283254E-004  -79947.169172707028     
   1.6326243343689237E-004  -79225.682753544534     
   1.6474173712566003E-004  -78510.674944770290     
   1.6623444462911756E-004  -77802.087571496391     
   1.6774067739781605E-004  -77099.862981218161     
   1.6926055798275718E-004  -76403.944039123497     
   1.7079421004536445E-004  -75714.274123444120     
   1.7234175836754434E-004  -75030.797120848816     
   1.7390332886183909E-004  -74353.457421877800     
   1.7547904858167130E-004  -73682.199916418220     
   1.7706904573168097E-004  -73016.969989220263     
   1.7867344967815714E-004  -72357.713515453535     
   1.8029239095956290E-004  -71704.376856303265     
   1.8192600129715667E-004  -71056.906854606219     
   1.8357441360570938E-004  -70415.250830525547     
   1.8523776200431852E-004  -69779.356577264785     
   1.8691618182732072E-004  -69149.172356819952     
   1.8860980963530271E-004  -68524.646895770275     
   1.9031878322621224E-004  -67905.729381106314     
   1.9204324164656978E-004  -67292.369456095592     
   1.9378332520278167E-004  -66684.517216185646     
   1.9553917547255573E-004  -66082.123204943462     
   1.9731093531642058E-004  -65485.138410031788     
   1.9909874888934890E-004  -64893.514259221127     
   2.0090276165248642E-004  -64307.202616437957     
   2.0272312038498700E-004  -63726.155777848158     
   2.0455997319595480E-004  -63150.326467975799     
   2.0641346953649521E-004  -62579.667835856497     
   2.0828376021187397E-004  -62014.133451225767     
   2.1017099739378779E-004  -61453.677300741096     
   2.1207533463274479E-004  -60898.253784238303     
   2.1399692687055816E-004  -60347.817711021387     
   2.1593593045295261E-004  -59802.324296185609     
   2.1789250314228477E-004  -59261.729156973830     
   2.1986680413037951E-004  -58725.988309165266     
   2.2185899405148191E-004  -58195.058163496884     
   2.2386923499532712E-004  -57668.895522116858     
   2.2589769052032820E-004  -57147.457575069900     
   2.2794452566688377E-004  -56630.701896814091     
   2.3000990697080609E-004  -56118.586442769061     
   2.3209400247687086E-004  -55611.069545895138     
   2.3419698175248971E-004  -55108.109913303175     
   2.3631901590150684E-004  -54609.666622894882     
   2.3846027757812009E-004  -54115.699120033292     
   2.4062094100092910E-004  -53626.167214243127     
   2.4280118196710957E-004  -53141.031075940809     
   2.4500117786671702E-004  -52660.251233193783     
   2.4722110769711950E-004  -52183.788568509073     
   2.4946115207756140E-004  -51711.604315650431     
   2.5172149326385896E-004  -51243.660056484383     
   2.5400231516322920E-004  -50779.917717854267     
   2.5630380334925294E-004  -50320.339568482676     
   2.5862614507697374E-004  -49864.888215901396     
   2.6096952929813332E-004  -49413.526603409133     
   2.6333414667654525E-004  -48966.218007056450     
   2.6572018960360771E-004  -48522.926032657837     
   2.6812785221395712E-004  -48083.614612830585     
   2.7055733040126336E-004  -47648.248004060239     
   2.7300882183416809E-004  -47216.790783792429     
   2.7548252597236784E-004  -46789.207847550773     
   2.7797864408284236E-004  -46365.464406080675     
   2.8049737925623015E-004  -45945.525982518870     
   2.8303893642335276E-004  -45529.358409588174     
   2.8560352237188815E-004  -45116.927826817657     
   2.8819134576319561E-004  -44708.200677787594     
   2.9080261714929320E-004  -44303.143707399242     
   2.9343754898998836E-004  -43901.723959169140     
   2.9609635567016463E-004  -43503.908772547686     
   2.9877925351722419E-004  -43109.665780261777     
   3.0148646081868910E-004  -42718.962905681306     
   3.0421819783996157E-004  -42331.768360209360     
   3.0697468684224557E-004  -41948.050640695787     
   3.0975615210063011E-004  -41567.778526874070     
   3.1256281992233733E-004  -41190.921078821098     
   3.1539491866513521E-004  -40817.447634439850     
   3.1825267875591729E-004  -40447.327806964648     
   3.2113633270945094E-004  -40080.531482488812     
   3.2404611514729538E-004  -39717.028817514503     
   3.2698226281689094E-004  -39356.790236524605     
   3.2994501461082156E-004  -38999.786429576328     
   3.3293461158625165E-004  -38645.988349916566     
   3.3595129698453931E-004  -38295.367211618483     
   3.3899531625102670E-004  -37947.894487239486     
   3.4206691705501052E-004  -37603.541905500126     
   3.4516634930989269E-004  -37262.281448983864     
   3.4829386519351433E-004  -36924.085351857539     
   3.5144971916867312E-004  -36588.926097612260     
   3.5463416800382753E-004  -36256.776416824534     
   3.5784747079398778E-004  -35927.609284937658     
   3.6108988898179680E-004  -35601.397920062831     
   3.6436168637880156E-004  -35278.115780800181     
   3.6766312918691768E-004  -34957.736564079270     
   3.7099448602008847E-004  -34640.234203018968     
   3.7435602792613949E-004  -34325.582864806660     
   3.7774802840883238E-004  -34013.756948596361     
   3.8117076345011737E-004  -33704.731083425759     
   3.8462451153258790E-004  -33398.480126152062     
   3.8810955366213917E-004  -33094.979159406153     
   3.9162617339083078E-004  -32794.203489565356     
   3.9517465683995789E-004  -32496.128644744251     
   3.9875529272333042E-004  -32200.730372803577     
   4.0236837237076368E-004  -31907.984639377053     
   4.0601418975178168E-004  -31617.867625915835     
   4.0969304149953540E-004  -31330.355727750593     
   4.1340522693493730E-004  -31045.425552171007     
   4.1715104809101532E-004  -30763.053916522422     
   4.2093080973748672E-004  -30483.217846319676     
   4.2474481940555476E-004  -30205.894573377864     
   4.2859338741293090E-004  -29931.061533959804     
   4.3247682688908238E-004  -29658.696366940236     
   4.3639545380070970E-004  -29388.776911986446     
   4.4034958697745404E-004  -29121.281207755252     
   4.4433954813783859E-004  -28856.187490106175     
   4.4836566191544411E-004  -28593.474190330635     
   4.5242825588532183E-004  -28333.119933397094     
   4.5652766059064602E-004  -28075.103536211926     
   4.6066420956960798E-004  -27819.404005895864     
   4.6483823938255325E-004  -27566.000538076019     
   4.6905008963936499E-004  -27314.872515193161     
   4.7330010302709587E-004  -27065.999504824227     
   4.7758862533784990E-004  -26819.361258019871     
   4.8191600549691671E-004  -26574.937707656980     
   4.8628259559116107E-004  -26332.708966805963     
   4.9068875089767008E-004  -26092.655327112661     
   4.9513482991265861E-004  -25854.757257194888     
   4.9962119438063811E-004  -25618.995401053257     
   5.0414820932384900E-004  -25385.350576496359     
   5.0871624307195968E-004  -25153.803773580014     
   5.1332566729203459E-004  -24924.336153060631     
   5.1797685701877459E-004  -24696.929044862325     
   5.2267019068503008E-004  -24471.563946557966     
   5.2740605015259184E-004  -24248.222521863681     
   5.3218482074325981E-004  -24026.886599147041     
   5.3700689127019450E-004  -23807.538169948504     
   5.4187265406955112E-004  -23590.159387516276     
   5.4678250503240153E-004  -23374.732565354203     
   5.5173684363694464E-004  -23161.240175782768     
   5.5673607298100975E-004  -22949.664848512981     
   5.6178059981485231E-004  -22739.989369233135     
   5.6687083457424936E-004  -22532.196678208147     
   5.7200719141389334E-004  -22326.269868891570     
   5.7719008824108848E-004  -22122.192186550023     
   5.8241994674975285E-004  -21919.947026900001     
   5.8769719245472889E-004  -21719.517934756903     
   5.9302225472640416E-004  -21520.888602696155     
   5.9839556682564593E-004  -21324.042869726472     
   6.0381756593905233E-004  -21128.964719974912     
   6.0928869321452337E-004  -20935.638281383781     
   6.1480939379715365E-004  -20744.047824419264     
   6.2038011686545028E-004  -20554.177760791634     
   6.2600131566787980E-004  -20366.012642186932     
   6.3167344755974504E-004  -20179.537159010059     
   6.3739697404039688E-004  -19994.736139139171     
   6.4317236079078366E-004  -19811.594546691191     
   6.4900007771133905E-004  -19630.097480798515     
   6.5488059896021535E-004  -19450.230174396598     
   6.6081440299186169E-004  -19271.977993022465     
   6.6680197259595274E-004  -19095.326433624050     
   6.7284379493666923E-004  -18920.261123380165     
   6.7894036159233534E-004  -18746.767818531105     
   6.8509216859541442E-004  -18574.832403219734     
   6.9129971647286772E-004  -18404.440888342990     
   6.9756351028687862E-004  -18235.579410413691     
   7.0388405967594539E-004  -18068.234230432583     
   7.1026187889634731E-004  -17902.391732770484     
   7.1669748686398519E-004  -17738.038424060494     
   7.2319140719660270E-004  -17575.160932100138     
   7.2974416825638761E-004  -17413.746004763398     
   7.3635630319296300E-004  -17253.780508922420     
   7.4302834998676338E-004  -17095.251429379055     
   7.4976085149280815E-004  -16938.145867805855     
   7.5655435548486766E-004  -16782.451041696677     
   7.6340941470003391E-004  -16628.154283326603     
   7.7032658688369030E-004  -16475.243038721335     
   7.7730643483489299E-004  -16323.704866635750     
   7.8434952645216078E-004  -16173.527437541617     
   7.9145643477968096E-004  -16024.698532624498     
   7.9862773805393404E-004  -15877.206042789549     
   8.0586401975073988E-004  -15731.037967676315     
   8.1316586863273174E-004  -15586.182414682356     
   8.2053387879725819E-004  -15442.627597995637     
   8.2796864972472237E-004  -15300.361837635584     
   8.3547078632735484E-004  -15159.373558502819     
   8.4304089899843318E-004  -15019.651289437334     
   8.5067960366194337E-004  -14881.183662285215     
   8.5838752182269384E-004  -14743.959410973675     
   8.6616528061688261E-004  -14607.967370594437     
   8.7401351286312272E-004  -14473.196476495312     
   8.8193285711392962E-004  -14339.635763379982     
   8.8992395770767622E-004  -14207.274364415816     
   8.9798746482101690E-004  -14076.101510349739     
   9.0612403452178865E-004  -13946.106528631999     
   9.1433432882238950E-004  -13817.278842547850     
   9.2261901573364221E-004  -13689.607970356996     
   9.3097876931914501E-004  -13563.083524440775     
   9.3941426975011554E-004  -13437.695210456986     
   9.4792620336073090E-004  -13313.432826502351     
   9.5651526270396992E-004  -13190.286262282438     
   9.6518214660796077E-004  -13068.245498289081     
   9.7392756023283959E-004  -12947.300604985165     
   9.8275221512812401E-004  -12827.441741996745     
   9.9165682929060737E-004  -12708.659157312404     
   1.0006421272227757E-003  -12590.943186489816     
   1.0097088399917554E-003  -12474.284251869425     
   1.0188577052887956E-003  -12358.672861795189     
   1.0280894674892880E-003  -12244.099609842315     
   1.0374048777133306E-003  -12130.555174051942     
   1.0468046938868420E-003  -12018.030316172686     
   1.0562896808032271E-003  -11906.515880908984     
   1.0658606101856037E-003  -11796.002795176224     
   1.0755182607495909E-003  -11686.482067362524     
   1.0852634182666682E-003  -11577.944786597163     
   1.0950968756281076E-003  -11470.382122025576     
   1.1050194329094848E-003  -11363.785322090867     
   1.1150318974357768E-003  -11258.145713821748     
   1.1251350838470463E-003  -11153.454702126912     
   1.1353298141647235E-003  -11049.703769095702     
   1.1456169178584890E-003  -10946.884473305086     
   1.1559972319137599E-003  -10844.988449132858     
   1.1664716008997905E-003  -10744.007406076971     
   1.1770408770383873E-003  -10643.933128081044     
   1.1877059202732494E-003  -10544.757472865855     
   1.1984675983399342E-003  -10446.472371266889     
   1.2093267868364607E-003  -10349.069826577817     
   1.2202843692945479E-003  -10252.541913899875     
   1.2313412372515038E-003  -10156.880779497060     
   1.2424982903227603E-003  -10062.078640157170     
   1.2537564362750712E-003  -9968.1277825585257     
   1.2651165911003687E-003  -9875.0205626424122     
   1.2765796790902913E-003  -9782.7494049911420     
   1.2881466329113865E-003  -9691.3068022117204     
   1.2998183936809944E-003  -9600.6853143250282     
   1.3115959110438214E-003  -9510.8775681604748     
   1.3234801432492032E-003  -9421.8762567561407     
   1.3354720572290725E-003  -9333.6741387642487     
   1.3475726286766294E-003  -9246.2640378620144     
   1.3597828421257278E-003  -9159.6388421677602     
   1.3721036910309791E-003  -9073.7915036622890     
   1.3845361778485818E-003  -8988.7150376154495     
   1.3970813141178839E-003  -8904.4025220178519     
   1.4097401205436860E-003  -8820.8470970176786     
   1.4225136270792854E-003  -8738.0419643625737     
   1.4354028730102799E-003  -8655.9803868465151     
   1.4484089070391224E-003  -8574.6556877616786     
   1.4615327873704490E-003  -8494.0612503552129     
   1.4747755817971760E-003  -8414.1905172908955     
   1.4881383677873797E-003  -8335.0369901156155     
   1.5016222325719602E-003  -8256.5942287306661     
   1.5152282732331013E-003  -8178.8558508677706     
   1.5289575967935348E-003  -8101.8155315698041     
   1.5428113203066068E-003  -8025.4670026762133     
   1.5567905709471671E-003  -7949.8040523130112     
   1.5708964861032774E-003  -7874.8205243874017     
   1.5851302134687524E-003  -7800.5103180868991     
   1.5994929111365402E-003  -7726.8673873829630     
   1.6139857476929465E-003  -7653.8857405391054     
   1.6286099023127144E-003  -7581.5594396233864     
   1.6433665648549645E-003  -7509.8826000253184     
   1.6582569359600056E-003  -7438.8493899770783     
   1.6732822271470222E-003  -7368.4540300790432     
   1.6884436609126460E-003  -7298.6907928295777     
   1.7037424708304214E-003  -7229.5540021590450     
   1.7191799016511729E-003  -7161.0380329679992     
   1.7347572094042812E-003  -7093.1373106695328     
   1.7504756614998764E-003  -7025.8463107357275     
   1.7663365368319581E-003  -6959.1595582481841     
   1.7823411258824492E-003  -6893.0716274525839     
   1.7984907308261941E-003  -6827.5771413172452     
   1.8147866656369053E-003  -6762.6707710956680     
   1.8312302561940730E-003  -6698.3472358929748     
   1.8478228403908410E-003  -6634.6013022362713     
   1.8645657682428624E-003  -6571.4277836488527     
   1.8814604019981396E-003  -6508.8215402282331     
   1.8985081162478600E-003  -6446.7774782279821     
   1.9157102980382375E-003  -6385.2905496432850     
   1.9330683469833650E-003  -6324.3557518002572     
   1.9505836753790913E-003  -6263.9681269489301     
   1.9682577083179283E-003  -6204.1227618599014     
   1.9860918838050011E-003  -6144.8147874245906     
   2.0040876528750486E-003  -6086.0393782591063     
   2.0222464797104811E-003  -6027.7917523116621     
   2.0405698417605114E-003  -5970.0671704735169     
   2.0590592298613646E-003  -5912.8609361934077     
   2.0777161483575748E-003  -5856.1683950954548     
   2.0965421152243837E-003  -5799.9849346004885     
   2.1155386621912464E-003  -5744.3059835507847     
   2.1347073348664571E-003  -5689.1270118381653     
   2.1540496928629032E-003  -5634.4435300354435     
   2.1735673099249615E-003  -5580.2510890311723     
   2.1932617740565382E-003  -5526.5452796676891     
   2.2131346876502777E-003  -5473.3217323823919     
   2.2331876676179338E-003  -5420.5761168522467     
   2.2534223455219268E-003  -5368.3041416414981     
   2.2738403677080941E-003  -5316.5015538525204     
   2.2944433954396369E-003  -5265.1641387798272     
   2.3152331050322879E-003  -5214.2877195671826     
   2.3362111879906998E-003  -5163.8681568677839     
   2.3573793511460703E-003  -5113.9013485075029     
   2.3787393167950151E-003  -5064.3832291511626     
   2.4002928228396970E-003  -5015.3097699717864     
   2.4220416229292284E-003  -4966.6769783228456     
   2.4439874866023495E-003  -4918.4808974134330     
   2.4661321994314056E-003  -4870.7176059863623     
   2.4884775631676252E-003  -4823.3832179991550     
   2.5110253958877124E-003  -4776.4738823079006     
   2.5337775321417752E-003  -4729.9857823539442     
   2.5567358231025849E-003  -4683.9151358534009     
   2.5799021367161946E-003  -4638.2581944894537     
   2.6032783578539198E-003  -4593.0112436074178     
   2.6268663884656948E-003  -4548.1706019125431     
   2.6506681477348241E-003  -4503.7326211705222     
   2.6746855722341277E-003  -4459.6936859107182     
   2.6989206160835080E-003  -4416.0502131320200     
   2.7233752511089423E-003  -4372.7986520113700     
   2.7480514670029147E-003  -4329.9354836148959     
   2.7729512714863031E-003  -4287.4572206116436     
   2.7980766904717328E-003  -4245.3604069898793     
   2.8234297682284090E-003  -4203.6416177759429     
   2.8490125675484450E-003  -4162.2974587556264     
   2.8748271699146964E-003  -4121.3245661980491     
   2.9008756756701134E-003  -4080.7196065820344     
   2.9271602041886350E-003  -4040.4792763249152     
   2.9536828940476220E-003  -4000.6003015138040     
   2.9804459032018596E-003  -3961.0794376392564     
   3.0074514091591332E-003  -3921.9134693313495     
   3.0347016091573980E-003  -3883.0992100981048     
   3.0621987203435486E-003  -3844.6335020662918     
   3.0899449799538154E-003  -3806.5132157245312     
   3.1179426454957895E-003  -3768.7352496687326     
   3.1461939949320992E-003  -3731.2965303498072     
   3.1747013268657543E-003  -3694.1940118236371     
   3.2034669607271622E-003  -3657.4246755033223     
   3.2324932369628455E-003  -3620.9855299136207     
   3.2617825172258654E-003  -3584.8736104476188     
   3.2913371845679721E-003  -3549.0859791255784     
   3.3211596436334961E-003  -3513.6197243559523     
   3.3512523208549983E-003  -3478.4719606985504     
   3.3816176646506873E-003  -3443.6398286298327     
   3.4122581456236321E-003  -3409.1204943103112     
   3.4431762567627739E-003  -3374.9111493540508     
   3.4743745136457654E-003  -3341.0090106002249     
   3.5058554546436422E-003  -3307.4113198867431     
   3.5376216411273525E-003  -3274.1153438259053     
   3.5696756576761557E-003  -3241.1183735820714     
   3.6020201122879125E-003  -3208.4177246513318     
   3.6346576365912766E-003  -3176.0107366431607     
   3.6675908860598102E-003  -3143.8947730640330     
   3.7008225402280436E-003  -3112.0672211029778     
   3.7343553029094852E-003  -3080.5254914190759     
   3.7681919024166125E-003  -3049.2670179308525     
   3.8023350917828548E-003  -3018.2892576075747     
   3.8367876489865879E-003  -2987.5896902624186     
   3.8715523771771553E-003  -2957.1658183475024     
   3.9066321049029407E-003  -2927.0151667507603     
   3.9420296863415093E-003  -2897.1352825946378     
   3.9777480015318238E-003  -2867.5237350366124     
   4.0137899566085791E-003  -2838.1781150714901     
   4.0501584840386502E-003  -2809.0960353354922     
   4.0868565428596832E-003  -2780.2751299121046     
   4.1238871189208538E-003  -2751.7130541396677     
   4.1612532251258019E-003  -2723.4074844206980     
   4.1989579016777686E-003  -2695.3561180329330     
   4.2370042163269563E-003  -2667.5566729420657     
   4.2753952646201300E-003  -2640.0068876161704     
   4.3141341701524736E-003  -2612.7045208417994     
   4.3532240848217427E-003  -2585.6473515417288     
   4.3926681890847008E-003  -2558.8331785943487     
   4.4324696922158988E-003  -2532.2598206546791     
   4.4726318325687834E-003  -2505.9251159769965     
   4.5131578778391810E-003  -2479.8269222390518     
   4.5540511253311646E-003  -2453.9631163678810     
   4.5953149022253332E-003  -2428.3315943671737     
   4.6369525658495172E-003  -2402.9302711462005     
   4.6789675039519401E-003  -2377.7570803502836     
   4.7213631349768553E-003  -2352.8099741927858     
   4.7641429083426778E-003  -2328.0869232886207     
   4.8073103047226408E-003  -2303.5859164892572     
   4.8508688363279899E-003  -2279.3049607192102     
   4.8948220471937455E-003  -2255.2420808140096     
   4.9391735134670578E-003  -2231.3953193596190     
   4.9839268436981648E-003  -2207.7627365333101     
   5.0290856791340025E-003  -2184.3424099459676     
   5.0746536940144580E-003  -2161.1324344858108     
   5.1206345958713191E-003  -2138.1309221635324     
   5.1670321258299292E-003  -2115.3360019588226     
   5.2138500589135736E-003  -2092.7458196682842     
   5.2610922043506234E-003  -2070.3585377547156     
   5.3087624058844700E-003  -2048.1723351977525     
   5.3568645420862537E-003  -2026.1854073458562     
   5.4054025266704426E-003  -2004.3959657696350     
   5.4543803088132553E-003  -1982.8022381164951     
   5.5038018734739841E-003  -1961.4024679665886     
   5.5536712417192128E-003  -1940.1949146900772     
   5.6039924710499884E-003  -1919.1778533056715     
   5.6547696557319440E-003  -1898.3495743404519     
   5.7060069271284231E-003  -1877.7083836909528     
   5.7577084540366193E-003  -1857.2526024854983     
   5.8098784430267543E-003  -1836.9805669477878     
   5.8625211387843381E-003  -1816.8906282617049     
   5.9156408244555349E-003  -1796.9811524373463     
   5.9692418219956349E-003  -1777.2505201782724     
   6.0233284925207175E-003  -1757.6971267499403     
   6.0779052366624724E-003  -1738.3193818493353     
   6.1329764949262441E-003  -1719.1157094757821     
   6.1885467480523367E-003  -1700.0845478029105     
   6.2446205173805631E-003  -1681.2243490517944     
   6.3012023652181193E-003  -1662.5335793652262     
   6.3582968952107877E-003  -1644.0107186831299     
   6.4159087527175000E-003  -1625.6542606191019     
   6.4740426251882937E-003  -1607.4627123380712     
   6.5327032425456988E-003  -1589.4345944350589     
   6.5918953775695706E-003  -1571.5684408150410     
   6.6516238462854226E-003  -1553.8627985738949     
   6.7118935083562668E-003  -1536.3162278804239     
   6.7727092674780068E-003  -1518.9273018594520     
   6.8340760717784223E-003  -1501.6946064759707     
   6.8959989142197524E-003  -1484.6167404203454     
   6.9584828330049421E-003  -1467.6923149945501     
   7.0215329119875606E-003  -1450.9199539994418     
   7.0851542810854420E-003  -1434.2982936230514     
   7.1493521166980621E-003  -1417.8259823298897     
   7.2141316421277038E-003  -1401.5016807512561     
   7.2794981280044470E-003  -1385.3240615765417     
   7.3454568927149872E-003  -1369.2918094455210     
   7.4120133028353690E-003  -1353.4036208416155     
   7.4791727735676111E-003  -1337.6582039861332     
   7.5469407691803065E-003  -1322.0542787334639     
   7.6153228034532127E-003  -1306.5905764672261     
   7.6843244401258613E-003  -1291.2658399973611     
   7.7539512933502428E-003  -1276.0788234581573     
   7.8242090281475853E-003  -1261.0282922072070     
   7.8951033608692777E-003  -1246.1130227252761     
   7.9666400596619634E-003  -1231.3318025170927     
   8.0388249449368579E-003  -1216.6834300130279     
   8.1116638898433100E-003  -1202.1667144716826     
   8.1851628207466453E-003  -1187.7804758833549     
   8.2593277177103741E-003  -1173.5235448743865     
   8.3341646149827208E-003  -1159.3947626123868     
   8.4096796014876025E-003  -1145.3929807123136     
   8.4858788213200299E-003  -1131.5170611434173     
   8.5627684742460141E-003  -1117.7658761370290     
   8.6403548162069903E-003  -1104.1383080951930     
   8.7186441598288179E-003  -1090.6332495001359     
   8.7976428749353928E-003  -1077.2496028245573     
   8.8773573890669217E-003  -1063.9862804427441     
   8.9577941880028614E-003  -1050.8422045425018     
   9.0389598162896444E-003  -1037.8163070378814     
   9.1208608777731404E-003  -1024.9075294827162     
   9.2035040361359739E-003  -1012.1148229849437     
   9.2868960154396923E-003  -999.43714812171538     
   9.3710436006718585E-003  -986.87347485528448     
   9.4559536382980910E-003  -974.42278244966610     
   9.5416330368191075E-003  -962.08405938806209     
   9.6280887673328274E-003  -949.85630329104413     
   9.7153278641015500E-003  -937.73852083548854     
   9.8033574251242834E-003  -925.72972767425836     
   9.8921846127142561E-003  -913.82894835662432     
   9.9818166540816631E-003  -902.03521624941561     
   1.0072260841921688E-002  -890.34757345890330     
   1.0163524535007852E-002  -878.76507075339839     
   1.0255615158790754E-002  -867.28676748656687     
   1.0348540206002213E-002  -855.91173152145370     
   1.0442307237264902E-002  -844.63903915520723     
   1.0536923881707499E-002  -833.46777504450154     
   1.0632397837585409E-002  -822.39703213164876     
   1.0728736872907122E-002  -811.42591157139464     
   1.0825948826066231E-002  -800.55352265839497     
   1.0924041606479187E-002  -789.77898275536438     
   1.1023023195228829E-002  -779.10141722189019     
   1.1122901645713746E-002  -768.51995934391448     
   1.1223685084303521E-002  -758.03375026386402     
   1.1325381710999919E-002  -747.64193891143714     
   1.1427999800104050E-002  -737.34368193503474     
   1.1531547700889596E-002  -727.13814363382903     
   1.1636033838282128E-002  -717.02449589046978     
   1.1741466713544582E-002  -707.00191810441834     
   1.1847854904968931E-002  -697.06959712590674     
   1.1955207068574159E-002  -687.22672719051320     
   1.2063531938810516E-002  -677.47250985435790     
   1.2172838329270188E-002  -667.80615392989989     
   1.2283135133404389E-002  -658.22687542234291     
   1.2394431325246957E-002  -648.73389746663861     
   1.2506735960144507E-002  -639.32645026508465     
   1.2620058175493188E-002  -630.00377102551033     
   1.2734407191482135E-002  -620.76510390004864     
   1.2849792311843649E-002  -611.60969992448656     
   1.2966222924610157E-002  -602.53681695819114     
   1.3083708502878070E-002  -593.54571962460568     
   1.3202258605578518E-002  -584.63567925231212     
   1.3321882878255099E-002  -575.80597381665370     
   1.3442591053848669E-002  -567.05588788191585     
   1.3564392953489227E-002  -558.38471254405817     
   1.3687298487295002E-002  -549.79174537399501     
   1.3811317655178753E-002  -541.27629036141980     
   1.3936460547661400E-002  -532.83765785916785     
   1.4062737346692999E-002  -524.47516452811556     
   1.4190158326481198E-002  -516.18813328260887     
   1.4318733854327137E-002  -507.97589323642154     
   1.4448474391468994E-002  -499.83777964923115     
   1.4579390493933111E-002  -491.77313387361920     
   1.4711492813392880E-002  -483.78130330258131     
   1.4844792098035379E-002  -475.86164131755112     
   1.4979299193435873E-002  -468.01350723692946     
   1.5115025043440247E-002  -460.23626626511646     
   1.5251980691055407E-002  -452.52928944204416     
   1.5390177279347798E-002  -444.89195359320115     
   1.5529626052349997E-002  -437.32364128015365     
   1.5670338355975581E-002  -429.82374075154911     
   1.5812325638942259E-002  -422.39164589460808     
   1.5955599453703354E-002  -415.02675618709532     
   1.6100171457387760E-002  -407.72847664976729     
   1.6246053412748370E-002  -400.49621779929493     
   1.6393257189119163E-002  -393.32939560165414     
   1.6541794763380878E-002  -386.22743142598540     
   1.6691678220935528E-002  -379.18975199891582     
   1.6842919756689664E-002  -372.21578935934042     
   1.6995531676046605E-002  -365.30498081366090     
   1.7149526395907635E-002  -358.45676889147762     
   1.7304916445682259E-002  -351.67060130173286     
   1.7461714468307649E-002  -344.94593088929861     
   1.7619933221277296E-002  -338.28221559201108     
   1.7779585577678999E-002  -331.67891839814405     
   1.7940684527242234E-002  -325.13550730432206     
   1.8103243177395062E-002  -318.65145527386591     
   1.8267274754330549E-002  -312.22624019557253     
   1.8432792604082919E-002  -305.85934484292181     
   1.8599810193613397E-002  -299.55025683371042     
   1.8768341111905916E-002  -293.29846859010991     
   1.8938399071072774E-002  -287.10347729914236     
   1.9109997907470255E-002  -280.96478487357666     
   1.9283151582824426E-002  -274.88189791323816     
   1.9457874185367065E-002  -268.85432766673080     
   1.9634179930981946E-002  -262.88158999356955     
   1.9812083164361453E-002  -256.96320532671905     
   1.9991598360173727E-002  -251.09869863553649     
   2.0172740124240342E-002  -245.28759938911764     
   2.0355523194724681E-002  -239.52944152004198     
   2.0539962443331079E-002  -233.82376338851293     
   2.0726072876514803E-002  -228.17010774689561     
   2.0913869636703043E-002  -222.56802170464550     
   2.1103368003526909E-002  -217.01705669362514     
   2.1294583395064647E-002  -211.51676843381216     
   2.1487531369096081E-002  -206.06671689938918     
   2.1682227624368434E-002  -200.66646628521823     
   2.1878688001873630E-002  -195.31558497369690     
   2.2076928486137144E-002  -190.01364550199094     
   2.2276965206518545E-002  -184.76022452964548     
   2.2478814438523839E-002  -179.55490280656949     
   2.2682492605129667E-002  -174.39726514139358     
   2.2888016278119535E-002  -169.28690037019794     
   2.3095402179432126E-002  -164.22340132560771     
   2.3304667182521849E-002  -159.20636480625683     
   2.3515828313731703E-002  -154.23539154661427     
   2.3728902753678588E-002  -149.31008618717476     
   2.3943907838651145E-002  -144.43005724500944     
   2.4160861062020332E-002  -139.59491708467471     
   2.4379780075662653E-002  -134.80428188948162     
   2.4600682691396439E-002  -130.05777163311535     
   2.4823586882431008E-002  -125.35501005161370     
   2.5048510784829045E-002  -120.69562461569456     
   2.5275472698982171E-002  -116.07924650343500     
   2.5504491091099937E-002  -111.50551057329801     
   2.5735584594712271E-002  -106.97405533750810     
   2.5968772012185538E-002  -102.48452293577145     
   2.6204072316252384E-002  -98.036559109338953     
   2.6441504651555349E-002  -93.629813175415393     
   2.6681088336204601E-002  -89.263938001904933     
   2.6922842863349641E-002  -84.938589982500559     
   2.7166787902765339E-002  -80.653429012109029     
   2.7412943302452333E-002  -76.408118462613345     
   2.7661329090251902E-002  -72.202325158970666     
   2.7911965475475468E-002  -68.035719355644574     
   2.8164872850548913E-002  -63.907974713369867     
   2.8420071792671718E-002  -59.818768276248136     
   2.8677583065491206E-002  -55.767780449175007     
   2.8937427620791926E-002  -51.754694975594134     
   2.9199626600200326E-002  -47.779198915581219     
   2.9464201336904913E-002  -43.840982624252661     
   2.9731173357391946E-002  -39.939739730500719     
   3.0000564383196926E-002  -36.075167116051603     
   3.0272396332671880E-002  -32.246964894848134     
   3.0546691322768722E-002  -28.454836392752213     
   3.0823471670838726E-002  -24.698488127570158     
   3.1102759896448343E-002  -20.977629789395678     
   3.1384578723211431E-002  -17.291974221273335     
   3.1668951080638115E-002  -13.641237400177999     
   3.1955900106000398E-002  -10.025138418311315     
   3.2245449146214668E-002  -6.4433994647135933     
   3.2537621759741245E-002  -2.8957458071906785     
   3.2832441718501193E-002  0.61809422544729387     
   3.3129933009810424E-002   4.0983892608328460     
   3.3430119838331405E-002   7.5454049001783687     
   3.3733026628042492E-002   10.959403735101603     
   3.4038678024225139E-002   14.340645364143029     
   3.4347098895469073E-002   17.689386408972666     
   3.4658314335695717E-002   21.005880530292018     
   3.4972349666199859E-002   24.290378443427585     
   3.5289230437709859E-002   27.543127933618962     
   3.5608982432466546E-002   30.764373871003272     
   3.5931631666320900E-002   33.954358225294982     
   3.6257204390850797E-002   37.113320080163533     
   3.6585727095496887E-002   40.241495647308852     
   3.6917226509717828E-002   43.339118280236562     
   3.7251729605165124E-002   46.406418487733731     
   3.7589263597877523E-002   49.443623947044102     
   3.7929855950495459E-002   52.450959516748526     
   3.8273534374495453E-002   55.428647249346056     
   3.8620326832444776E-002   58.376906403540715     
   3.8970261540276580E-002   61.295953456233690     
   3.9323366969585619E-002   64.186002114221367     
   3.9679671849944760E-002   67.047263325601762     
   4.0039205171242480E-002   69.879945290888998     
   4.0401996186041608E-002   72.684253473838851     
   4.0768074411959336E-002   75.460390611983883     
   4.1137469634068891E-002   78.208556726882193     
   4.1510211907322889E-002   80.928949134079915     
   4.1886331558998707E-002   83.621762452787209     
   4.2265859191165996E-002   86.287188615272782     
   4.2648825683176510E-002   88.925416875974122     
   4.3035262194176575E-002   91.536633820328518     
   4.3425200165642240E-002   94.121023373323851     
   4.3818671323937457E-002   96.678766807772092     
   4.4215707682895407E-002   99.210042752306322     
   4.4616341546423258E-002   101.71502719910455     
   4.5020605511130456E-002   104.19389351133941     
   4.5428532468980883E-002   106.64681243035795     
   4.5840155609969055E-002   109.07395208259243     
   4.6255508424820506E-002   111.47547798620479     
   4.6674624707716730E-002   113.85155305746514     
   4.7097538559044701E-002   116.20233761686882     
   4.7524284388171419E-002   118.52798939499303     
   4.7954896916243543E-002   120.82866353809482     
   4.8389411179012354E-002   123.10451261345457     
   4.8827862529684386E-002   125.35568661446564     
   4.9270286641797861E-002   127.58233296547519     
   4.9716719512125168E-002   129.78459652637667     
   5.0167197463601640E-002   131.96261959695789     
   5.0621757148280898E-002   134.11654192100883     
   5.1080435550316966E-002   136.24650069019089     
   5.1543269988973378E-002   138.35263054767148     
   5.2010298121659575E-002   140.43506359152747     
   5.2481557946994828E-002   142.49392937792192     
   5.2957087807899872E-002   144.52935492405709     
   5.3436926394716602E-002   146.54146471090755     
   5.3921112748356051E-002   148.53038068573912     
   5.4409686263474789E-002   150.49622226441591     
   5.4902686691680233E-002   152.43910633350245     
   5.5400154144764915E-002   154.35914725216409     
   5.5902129097970099E-002   156.25645685387104     
   5.6408652393278941E-002   158.13114444791196     
   5.6919765242739472E-002   159.98331682072177     
   5.7435509231817783E-002   161.81307823703048     
   5.7955926322781459E-002   163.62053044083814     
   5.8481058858113770E-002   165.40577265622235     
   5.9010949563958776E-002   167.16890158798549     
   5.9545641553597602E-002   168.91001142214799     
   6.0085178330956265E-002   170.62919382629553     
   6.0629603794145288E-002   172.32653794978603     
   6.1178962239031340E-002   174.00213042382569     
   6.1733298362841228E-002   175.65605536142303     
   6.2292657267798666E-002   177.28839435722551     
   6.2857084464793836E-002   178.89922648725346     
   6.3426625877086293E-002   180.48862830853426     
   6.4001327844041417E-002   182.05667385865164     
   6.4581237124900673E-002   183.60343465521674     
   6.5166400902586089E-002   185.12897969527219     
   6.5756866787539170E-002   186.63337545464154     
   6.6352682821594622E-002   188.11668588723253     
   6.6953897481889138E-002   189.57897242430826     
   6.7560559684805635E-002   191.02029397373764     
   6.8172718789953193E-002   192.44070691923761     
   6.8790424604183151E-002   193.84026511962028     
   6.9413727385641430E-002   195.21901990805955     
   7.0042677847857754E-002   196.57702009139007     
   7.0677327163871734E-002   197.91431194945466     
   7.1317726970396539E-002   199.23093923451526     
   7.1963929372020147E-002   200.52694317074182     
   7.2615986945444688E-002   201.80236245379891     
   7.3273952743764276E-002   203.05723325054379     
   7.3937880300781467E-002   204.29158919885603     
   7.4607823635363016E-002   205.50546140761705     
   7.5283837255834873E-002   206.69887845685687     
   7.5965976164417248E-002   207.87186639809121     
   7.6654295861699584E-002   209.02444875486614     
   7.7348852351156377E-002   210.15664652353422     
   7.8049702143703673E-002   211.26847817428313     
   7.8756902262296966E-002   212.35995965244032     
   7.9470510246570744E-002   213.43110438007619     
   8.0190584157520020E-002   214.48192325793229     
   8.0917182582224439E-002   215.51242466769872     
   8.1650364638614900E-002   216.52261447466680     
   8.2390189980283704E-002   217.51249603078602     
   8.3136718801338036E-002   218.48207017815059     
   8.3890011841297532E-002   219.43133525294780     
   8.4650130390036216E-002   220.36028708989602     
   8.5417136292769175E-002   221.26891902720445     
   8.6191091955084537E-002   222.15722191208596     
   8.6972060348020769E-002   223.02518410685724     
   8.7760105013190384E-002   223.87279149565995     
   8.8555290067949682E-002   224.70002749183737     
   8.9357680210615575E-002   225.50687304600362     
   9.0167340725729614E-002   226.29330665484397     
   9.0984337489369710E-002   227.05930437068301     
   9.1808736974509891E-002   227.80483981186177     
   9.2640606256428878E-002   228.52988417396438     
   9.3480013018167385E-002   229.23440624193742     
   9.4327025556035005E-002   229.91837240314345     
   9.5181712785167016E-002   230.58174666139652     
   9.6044144245131427E-002   231.22449065202278     
   9.6914390105587001E-002   231.84656365799589     
   9.7792521171992303E-002   232.44792262719412     
   9.8678608891366759E-002   233.02852219083096     
   9.9572725358103673E-002   233.58831468310871     
  0.10047494331983599        234.12725016215023     
  0.10138533618335538        234.64527643226063     
  0.10230397802058468        235.14233906757607     
  0.10323094357460451        235.61838143715642     
  0.10416630826573482        236.07334473157968     
  0.10511014819767101        236.50716799109898     
  0.10606254016367607        236.91978813542215     
  0.10702356165282864        237.31113999517819     
  0.10799329085632776        237.68115634513427     
  0.10897180667385463        238.02976793922809     
  0.10995918871999218        238.35690354748459     
  0.11095551733070262        238.66248999488320     
  0.11196087356986391        238.94645220224925     
  0.11297533923586522        239.20871322923625     
  0.11399899686826230        239.44919431947704     
  0.11503192975449311        239.66781494797419     
  0.11607422193665431        239.86449287080768     
  0.11712595821833913        240.03914417723564     
  0.11818722417153718        240.19168334426718     
  0.11925810614359691        240.32202329378808     
  0.12033869126425091        240.43007545231700     
  0.12142906745270514        240.51574981347909     
  0.12252932342479218        240.57895500327592     
  0.12363954870018946        240.61959834823978     
  0.12475983360970271        240.63758594655536     
  0.12589026930261560        240.63282274223724     
  0.12703094775410578        240.60521260244917     
  0.12818196177272839        240.55465839805490     
  0.12934340500796701        240.48106208748905     
  0.13051537195785337        240.38432480403679     
  0.13169795797665584        240.26434694661512     
  0.13289125928263781        240.12102827414398     
  0.13409537296588617        239.95426800360090     
  0.13531039699621089        239.76396491184715     
  0.13653643023111600        239.55001744132110     
  0.13777357242384300        239.31232380968666     
  0.13902192423148693        239.05078212352987     
  0.14028158722318620        238.76529049619330     
  0.14155266388838647        238.45574716984032     
  0.14283525764517943        238.12205064183536     
  0.14412947284871716        237.76409979553256     
  0.14543541479970287        237.38179403555705     
  0.14675318975295823        236.97503342766635     
  0.14808290492606868        236.54371884327520     
  0.14942466850810696        236.08775210872676     
  0.15077858966843546        235.60703615939016     
  0.15214477856558870        235.10147519866143     
  0.15352334635623613        234.57097486194402     
  0.15491440520422595        234.01544238567860     
  0.15631806828971120        233.43478678149262     
  0.15773444981835841        232.82891901553296     
  0.15916366503063953        232.19775219304222     
  0.16060583021120828        231.54120174823504     
  0.16206106269836137        230.85918563952441     
  0.16352948089358546        230.15162455014485     
  0.16501120427119059        229.41844209421131     
  0.16650635338803091        228.65956502824736     
  0.16801504989331348        227.87492346820991     
  0.16953741653849605        227.06445111203016     
  0.17107357718727437        226.22808546768113     
  0.17262365682566000        225.36576808677813     
  0.17418778157214967        224.47744480370304     
  0.17576607868798644        223.56306598024193     
  0.17735867658751409        222.62258675570729     
  0.17896570484862523        221.65596730251241     
  0.18058729422330408        220.66317308715003     
  0.18222357664826483        219.64417513651640     
  0.18387468525568623        218.59895030951094     
  0.18554075438404380        217.52748157382575     
  0.18722191958903961        216.42975828782730     
  0.18891831765463191        215.30577648741732     
  0.19063008660416372        214.15553917774480     
  0.19235736571159323        212.97905662962228     
  0.19410029551282512        211.77634668048944     
  0.19585901781714507        210.54743503973825     
  0.19763367571875790        209.29235559820896     
  0.19942441360842975        208.01115074163403     
  0.20123137718523640        206.70387166779597     
  0.20305471346841744        205.37057870714125     
  0.20489457080933846        204.01134164656781     
  0.20675109890356097        202.62624005608762     
  0.20862444880302228        201.21536361803530     
  0.21051477292832529        199.77881245847598     
  0.21242222508113998        198.31669748043595     
  0.21434696045671695        196.82914069855718     
  0.21628913565651470        195.31627557474792     
  0.21824890870094094        193.77824735437645     
  0.22022643904220968        192.21521340252656     
  0.22222188757731459        190.62734353980375     
  0.22423541666112007        189.01482037715317     
  0.22626719011957078        187.37783964912029     
  0.22831737326302098        185.71661054495445     
  0.23038613289968468        184.03135603692456     
  0.23247363734920742        182.32231320518650     
  0.23458005645636140        180.58973355850611     
  0.23670556160486428        178.83388335011534     
  0.23885032573132361        177.05504388794043     
  0.24101452333930723        175.25351183841462     
  0.24319833051354148        173.42959952305003     
  0.24540192493423768        171.58363520691535     
  0.24762548589154898        169.71596337812954     
  0.24986919430015755        167.82694501745348     
  0.25213323271399457        165.91695785702640     
  0.25441778534109299        163.98639662726586     
  0.25672303805857538        162.03567329091584     
  0.25904917842777730        160.06521726320193     
  0.26139639570950779        158.07547561702063     
  0.26376488087944810        156.06691327206343     
  0.26615482664369006        154.04001316675024     
  0.26856642745441500        151.99527641182215     
  0.27099987952571497        149.93322242441928     
  0.27345538084955712        147.85438904145042     
  0.27593313121189317        145.75933261103987     
  0.27843333220891403        143.64862806082391     
  0.28095618726345256        141.52286894185073     
  0.28350190164153438        139.38266744683199     
  0.28607068246907902        137.22865440148121     
  0.28866273874875209        135.06147922767502     
  0.29127828137697015        132.88180987716763     
  0.29391752316106018        130.69033273459564     
  0.29658067883657374        128.48775248851669     
  0.29926796508475867        126.27479196923642     
  0.30197960055018863        124.05219195219709     
  0.30471580585855285        121.82071092572117     
  0.30747680363460661        119.58112482193161     
  0.31026281852028442        117.33422670970408     
  0.31307407719297797        115.08082644854244     
  0.31591080838397861        112.82175030231886     
  0.31877324289708814        110.55784051186670     
  0.32166161362739687        108.28995482547666     
  0.32457615558023323        106.01896598640901     
  0.32751710589028399        103.74576117661110     
  0.33048470384088841        101.47124141590565     
  0.33347919088350680        99.196320916007750     
  0.33650081065736565        96.921926388819742     
  0.33954980900928089        94.648996308561749     
  0.34262643401366044        92.378480127403563     
  0.34573093599268817        90.111337444387161     
  0.34886356753669112        87.848537127555630     
  0.35202458352469035        85.591056389342484     
  0.35521424114513905        83.339879815419962     
  0.35843279991684773        81.095998347358957     
  0.36168052171009957        78.860408219613447     
  0.36495767076795665        76.634109851514552     
  0.36826451372775970        74.418106695132309     
  0.37160131964282211        72.213404040052566     
  0.37496836000432116        70.021007776303463     
  0.37836590876338688        67.841923116867889     
  0.38179424235339166        65.677153281418953     
  0.38525363971244142        63.527698143128632     
  0.38874438230607117        61.394552840610963     
  0.39226675415014500        59.278706357282900     
  0.39582104183396499        57.181140070644695     
  0.39940753454358874        55.102826274208169     
  0.40302652408535816        53.044726675026396     
  0.40667830490964152        51.007790870003170     
  0.41036317413479101        48.992954804386642     
  0.41408143157131672        47.001139216074897     
  0.41783337974628021        45.033248069579315     
  0.42161932392790891        43.090166983707931     
  0.42543957215043327        41.172761657238766     
  0.42929443523914962        39.281876297053373     
  0.43318422683570929        37.418332053393641     
  0.43710926342363771        35.582925467082759     
  0.44106986435408424        33.776426933721339     
  0.44506635187180504        31.999579190020256     
  0.44909905114138210        30.253095827569531     
  0.45316829027367955        28.537659839460147     
  0.45727440035253930        26.853922205275481     
  0.46141771546171911        25.202500520043515     
  0.46559857271207444        23.583977672795932     
  0.46981731226898649        21.998900580407593     
  0.47407427738003927        20.447778982389558     
  0.47836981440294690        18.931084302282940     
  0.48270427283373424        17.449248581241768     
  0.48707800533517259        16.002663489303970     
  0.49149136776547381        14.591679419727640     
  0.49594471920724303        13.216604671614157     
  0.50043842199669530        11.877704725847721     
  0.50497284175313573        10.575201619156410     
  0.50954834740870747        9.3092734208355807     
  0.51416531123840903        8.0800538163773332     
  0.51882410889038300        6.8876318019140044     
  0.52352511941648072        5.7320514930121185     
  0.52826872530310187        4.6133120509484726     
  0.53305531250231541        3.5313677291566989     
  0.53788527046326107        2.4861280420602476     
  0.54275899216383627        1.4774580579999679     
  0.54767687414266975       0.50517881742992898     
  0.55263931653138476      -0.43093212300982131     
  0.55764672308715524       -1.3311400205222519     
  0.56269950122555601       -2.1957521508734992     
  0.56779806205371164       -3.0251168890225664     
  0.57294282040374478       -3.8196226675219727     
  0.57813419486652862       -4.5796968152058568     
  0.58337260782574352       -5.3058042793414550     
  0.58865848549224431       -5.9984462350837298     
  0.59399225793873722       -6.6581585867301207     
  0.59937435913477188       -7.2855103659246474     
  0.60480522698205019       -7.8811020325960115     
  0.61028530335005526       -8.4455636850327487     
  0.61581503411200311       -8.9795531860904916     
  0.62139486918111964       -9.4837542130888561     
  0.62702526254724733       -9.9588742394812684     
  0.63270667231378253       -10.405642456865330     
  0.63843956073494823       -10.824807646338733     
  0.64422439425340428       -11.217136008590513     
  0.65006164353819795       -11.583408962445514     
  0.65595178352305961       -11.924420921846234     
  0.66189529344504339       -12.240977061456377     
  0.66789265688352051       -12.533891081202091     
  0.67394436179952344       -12.803982980124861     
  0.68005090057544815       -13.052076849904388     
  0.68621277005511572       -13.278998698316656     
  0.69243047158419646       -13.485574312721846     
  0.69870451105100129       -13.672627173428712     
  0.70503539892764122       -13.840976426456049     
  0.71142365031156185       -13.991434924810779     
  0.71786978496745157       -14.124807346926776     
  0.72437432736953267       -14.241888400363585     
  0.73093780674423270       -14.343461118252012     
  0.73756075711324365       -14.430295255300731     
  0.74424371733697237       -14.503145789448821     
  0.75098723115838262       -14.562751534470873     
  0.75779184724723592       -14.609833868020768     
  0.76465811924473259       -14.645095578745408     
  0.77158660580855765       -14.669219835218549     
  0.77857787065833428       -14.682869278546772     
  0.78563248262148966       -14.686685239593228     
  0.79275101567953643       -14.681287080859374     
  0.79993404901477316       -14.667271662170691     
  0.80718216705740808       -14.645212928437553     
  0.81449595953310983       -14.615661616917272     
  0.82187602151098937       -14.579145080596470     
  0.82932295345201590       -14.536167223552349     
  0.83683736125787223       -14.487208543446201     
  0.84441985632025229       -14.432726275658428     
  0.85207105557060570       -14.373154632999112     
  0.85979158153033286       -14.308905134426583     
  0.86758206236143520       -14.240367015783116     
  0.87544313191762324       -14.167907715215463     
  0.88337542979588968       -14.091873425690325     
  0.89137960138854766       -14.012589706842681     
  0.89945629793574233       -13.930362148307410     
  0.90760617657843679       -13.845477076681279     
  0.91582990041187939       -13.758202298339970     
  0.92412813853955456       -13.668787870490531     
  0.93250156612762236       -13.577466893068200     
  0.94095086445985288       -13.484456314382935     
  0.94947672099305624       -13.389957743778409     
  0.95807982941301617       -13.294158264977723     
  0.96676088969093010       -13.197231244247890     
  0.97552060814036101       -13.099337128010960     
  0.98435969747470409       -13.000624225055148     
  0.99327887686517558       -12.901229469045729     
   1.0022788719993265       -12.801279157594207     
   1.0113604151400861       -12.700889664707045     
   1.0205242451853405       -12.600168123993607     
   1.0297711077280518       -12.499213080559636     
   1.0391017551169217       -12.398115110040344     
   1.0485169465176039       -12.296957403729404     
   1.0580174479744713       -12.195816319231675     
   1.0676040324729448       -12.094761896503190     
   1.0772774800023850       -11.993858339538169     
   1.0870385776195528       -11.893164464316683     
   1.0968881195126481       -11.792734113935854     
   1.1068269070659265       -11.692616542111582     
   1.1168557489249009       -11.592856766456100     
   1.1269754610621370       -11.493495893110000     
   1.1371868668436409       -11.394571414437536     
   1.1474907970958517       -11.296117481582565     
   1.1578880901732393       -11.198165153732656     
   1.1683795920265148       -11.100742625953687     
   1.1789661562714597       -11.003875437440238     
   1.1896486442583780       -10.907586661982508     
   1.2004279251421774       -10.811897082381769     
   1.2113048759530876       -10.716825350458404     
   1.2222803816680157       -10.622388134192891     
   1.2333553352825517       -10.528600253424880     
   1.2445306378836245       -10.435474805412648     
   1.2558071987228163       -10.343023281428021     
   1.2671859352903425       -10.251255675433631     
   1.2786677733897001       -10.160180585763079     
   1.2902536472129940       -10.069805310602293     
   1.3019444994169451       -9.9801359379546390     
   1.3137412811995881       -9.8911774306644347     
   1.3256449523776617       -9.8029337069747129     
   1.3376564814647041       -9.7154077170064603     
   1.3497768457498511       -9.6286015154683806     
   1.3620070313773536       -9.5425163308387919     
   1.3743480334268108       -9.4571526312043463     
   1.3868008559941332       -9.3725101868937610     
   1.3993665122732384       -9.2885881300076303     
   1.4120460246384876       -9.2053850109175279     
   1.4248404247278681       -9.1228988517874789     
   1.4377507535269300       -9.0411271971582252     
   1.4507780614534840       -8.9600671616279257     
   1.4639234084430652       -8.8797154746614897     
   1.4771878640351734       -8.8000685225634037     
   1.4905725074602927       -8.7211223876547823     
   1.5040784277277011       -8.6428728847036744     
   1.5177067237140740       -8.5653155946674158     
   1.5314585042528934       -8.4884458958164135     
   1.5453348882246636       -8.4122589923196269     
   1.5593370046479484       -8.3367499403824024     
   1.5734659927712284       -8.2619136720370872     
   1.5877230021655953       -8.1877450166953754     
   1.6021091928182831       -8.1142387205786370     
   1.6166257352270474       -8.0413894641482084     
   1.6312738104954005       -7.9691918776616149     
   1.6460546104287102       -7.8976405549833117     
   1.6609693376311654       -7.8267300657793335     
   1.6760192056036252       -7.7564549662245525     
   1.6912054388423532       -7.6868098083492464     
   1.7065292729386425       -7.6177891481483595     
   1.7219919546793505       -7.5493875525723491     
   1.7375947421483375       -7.4815996055132938     
   1.7533389048288290       -7.4144199128937540     
   1.7692257237067048       -7.3478431069593224     
   1.7852564913747224       -7.2818638498687571     
   1.8014325121376855       -7.2164768366683214     
   1.8177551021185667       -7.1516767977296674     
   1.8342255893655897       -7.0874585007232902     
   1.8508453139602830       -7.0238167521924826     
   1.8676156281265126       -6.9607463987858633     
   1.8845378963405022       -6.8982423282000269     
   1.9016134954418507       -6.8362994698777175     
   1.9188438147455558       -6.7749127955012600     
   1.9362302561550511       -6.7140773193157059     
   1.9537742342762694       -6.6537880983114261     
   1.9714771765327399       -6.5940402322915039     
   1.9893405232817243       -6.5348288638455649     
