   1.3822751979752665E-006   125.36873699860676     
   1.3947998477444208E-006   125.36873699858140     
   1.4074379820440571E-006   125.36873699855556     
   1.4201906291455367E-006   125.36873699852926     
   1.4330588266372786E-006   125.36873699850250     
   1.4460436215091809E-006   125.36873699847524     
   1.4591460702378062E-006   125.36873699844747     
   1.4723672388723408E-006   125.36873699841924     
   1.4857082031213301E-006   125.36873699839045     
   1.4991700484402000E-006   125.36873699836114     
   1.5127538701195753E-006   125.36873699833130     
   1.5264607733743922E-006   125.36873699830095     
   1.5402918734338238E-006   125.36873699827001     
   1.5542482956320160E-006   125.36873699823850     
   1.5683311754996499E-006   125.36873699820643     
   1.5825416588563296E-006   125.36873699817380     
   1.5968809019038098E-006   125.36873699814055     
   1.6113500713200681E-006   125.36873699810673     
   1.6259503443542271E-006   125.36873699807224     
   1.6406829089223402E-006   125.36873699803712     
   1.6555489637040427E-006   125.36873699800140     
   1.6705497182400797E-006   125.36873699796503     
   1.6856863930307173E-006   125.36873699792800     
   1.7009602196350457E-006   125.36873699789028     
   1.7163724407711826E-006   125.36873699785187     
   1.7319243104173829E-006   125.36873699781277     
   1.7476170939140666E-006   125.36873699777294     
   1.7634520680667692E-006   125.36873699773241     
   1.7794305212500273E-006   125.36873699769113     
   1.7955537535122026E-006   125.36873699764908     
   1.8118230766812585E-006   125.36873699760631     
   1.8282398144714926E-006   125.36873699756273     
   1.8448053025912382E-006   125.36873699751835     
   1.8615208888515413E-006   125.36873699747319     
   1.8783879332758217E-006   125.36873699742718     
   1.8954078082105273E-006   125.36873699738034     
   1.9125818984367932E-006   125.36873699733266     
   1.9299116012831093E-006   125.36873699728409     
   1.9473983267390128E-006   125.36873699723468     
   1.9650434975698066E-006   125.36873699718431     
   1.9828485494323194E-006   125.36873699713306     
   2.0008149309917165E-006   125.36873699708087     
   2.0189441040393643E-006   125.36873699702774     
   2.0372375436117671E-006   125.36873699697364     
   2.0556967381105788E-006   125.36873699691854     
   2.0743231894237040E-006   125.36873699686244     
   2.0931184130474958E-006   125.36873699680532     
   2.1120839382100596E-006   125.36873699674717     
   2.1312213079956740E-006   125.36873699668794     
   2.1505320794703438E-006   125.36873699662763     
   2.1700178238084827E-006   125.36873699656628     
   2.1896801264207510E-006   125.36873699650377     
   2.2095205870830478E-006   125.36873699644013     
   2.2295408200666723E-006   125.36873699637535     
   2.2497424542696664E-006   125.36873699630934     
   2.2701271333493445E-006   125.36873699624215     
   2.2906965158560273E-006   125.36873699617372     
   2.3114522753679846E-006   125.36873699610408     
   2.3323961006276029E-006   125.36873699603316     
   2.3535296956787845E-006   125.36873699596096     
   2.3748547800055940E-006   125.36873699588743     
   2.3963730886721607E-006   125.36873699581257     
   2.4180863724638457E-006   125.36873699573636     
   2.4399963980296921E-006   125.36873699565871     
   2.4621049480261643E-006   125.36873699557971     
   2.4844138212621871E-006   125.36873699549925     
   2.5069248328455049E-006   125.36873699541731     
   2.5296398143303616E-006   125.36873699533388     
   2.5525606138665207E-006   125.36873699524891     
   2.5756890963496353E-006   125.36873699516244     
   2.5990271435729817E-006   125.36873699507439     
   2.6225766543805676E-006   125.36873699498472     
   2.6463395448216243E-006   125.36873699489341     
   2.6703177483065036E-006   125.36873699480047     
   2.6945132157639856E-006   125.36873699470580     
   2.7189279158000091E-006   125.36873699460942     
   2.7435638348578430E-006   125.36873699451131     
   2.7684229773797120E-006   125.36873699441139     
   2.7935073659698772E-006   125.36873699430967     
   2.8188190415592056E-006   125.36873699420607     
   2.8443600635712224E-006   125.36873699410060     
   2.8701325100896731E-006   125.36873699399321     
   2.8961384780275994E-006   125.36873699388387     
   2.9223800832979528E-006   125.36873699377253     
   2.9488594609857475E-006   125.36873699365918     
   2.9755787655217773E-006   125.36873699354372     
   3.0025401708579087E-006   125.36873699342620     
   3.0297458706439531E-006   125.36873699330653     
   3.0571980784061550E-006   125.36873699318470     
   3.0848990277272852E-006   125.36873699306064     
   3.1128509724283716E-006   125.36873699293430     
   3.1410561867520776E-006   125.36873699280568     
   3.1695169655477397E-006   125.36873699267473     
   3.1982356244580815E-006   125.36873699254136     
   3.2272145001076222E-006   125.36873699240559     
   3.2564559502927873E-006   125.36873699226733     
   3.2859623541737489E-006   125.36873699212657     
   3.3157361124679980E-006   125.36873699198325     
   3.3457796476456731E-006   125.36873699183731     
   3.3760954041266594E-006   125.36873699168872     
   3.4066858484794730E-006   125.36873699153742     
   3.4375534696219467E-006   125.36873699138337     
   3.4687007790237363E-006   125.36873699122653     
   3.5001303109106568E-006   125.36873699106678     
   3.5318446224708797E-006   125.36873699090418     
   3.5638462940629855E-006   125.36873699073858     
   3.5961379294259132E-006   125.36873699057001     
   3.6287221558908056E-006   125.36873699039835     
   3.6616016245947757E-006   125.36873699022357     
   3.6947790106966097E-006   125.36873699004559     
   3.7282570135944263E-006   125.36873698986440     
   3.7620383571453054E-006   125.36873698967987     
   3.7961257898869085E-006   125.36873698949201     
   3.8305220852611085E-006   125.36873698930073     
   3.8652300418396374E-006   125.36873698910597     
   3.9002524835517982E-006   125.36873698890763     
   3.9355922599142137E-006   125.36873698870571     
   3.9712522462626778E-006   125.36873698850010     
   4.0072353439860992E-006   125.36873698829076     
   4.0435444807625659E-006   125.36873698807761     
   4.0801826107975465E-006   125.36873698786057     
   4.1171527150642558E-006   125.36873698763961     
   4.1544578015461909E-006   125.36873698741458     
   4.1921009054818705E-006   125.36873698718549     
   4.2300850896117898E-006   125.36873698695221     
   4.2684134444276133E-006   125.36873698671471     
   4.3070890884236215E-006   125.36873698647285     
   4.3461151683504469E-006   125.36873698622659     
   4.3854948594710933E-006   125.36873698597587     
   4.4252313658192907E-006   125.36873698572059     
   4.4653279204601802E-006   125.36873698546063     
   4.5057877857533648E-006   125.36873698519597     
   4.5466142536183423E-006   125.36873698492649     
   4.5878106458023476E-006   125.36873698465207     
   4.6293803141506173E-006   125.36873698437269     
   4.6713266408791030E-006   125.36873698408820     
   4.7136530388496575E-006   125.36873698379854     
   4.7563629518477181E-006   125.36873698350364     
   4.7994598548624953E-006   125.36873698320335     
   4.8429472543697116E-006   125.36873698289757     
   4.8868286886168969E-006   125.36873698258626     
   4.9311077279112676E-006   125.36873698226924     
   4.9757879749102179E-006   125.36873698194648     
   5.0208730649144392E-006   125.36873698161781     
   5.0663666661637013E-006   125.36873698128321     
   5.1122724801353070E-006   125.36873698094249     
   5.1585942418452531E-006   125.36873698059557     
   5.2053357201521228E-006   125.36873698024233     
   5.2525007180637320E-006   125.36873697988266     
   5.3000930730465462E-006   125.36873697951643     
   5.3481166573379097E-006   125.36873697914356     
   5.3965753782611034E-006   125.36873697876391     
   5.4454731785432502E-006   125.36873697837730     
   5.4948140366361082E-006   125.36873697798370     
   5.5446019670397693E-006   125.36873697758293     
   5.5948410206292831E-006   125.36873697717483     
   5.6455352849842541E-006   125.36873697675931     
   5.6966888847214120E-006   125.36873697633625     
   5.7483059818302076E-006   125.36873697590548     
   5.8003907760114341E-006   125.36873697546687     
   5.8529475050189339E-006   125.36873697502027     
   5.9059804450043885E-006   125.36873697456554     
   5.9594939108652420E-006   125.36873697410255     
   6.0134922565957623E-006   125.36873697363110     
   6.0679798756413074E-006   125.36873697315107     
   6.1229612012557750E-006   125.36873697266233     
   6.1784407068623126E-006   125.36873697216467     
   6.2344229064172805E-006   125.36873697165797     
   6.2909123547775236E-006   125.36873697114204     
   6.3479136480709604E-006   125.36873697061671     
   6.4054314240705436E-006   125.36873697008181     
   6.4634703625715955E-006   125.36873696953720     
   6.5220351857725724E-006   125.36873696898263     
   6.5811306586592691E-006   125.36873696841801     
   6.6407615893925162E-006   125.36873696784309     
   6.7009328296993833E-006   125.36873696725769     
   6.7616492752679249E-006   125.36873696666169     
   6.8229158661455110E-006   125.36873696605480     
   6.8847375871407578E-006   125.36873696543684     
   6.9471194682291062E-006   125.36873696480767     
   7.0100665849620794E-006   125.36873696416704     
   7.0735840588802289E-006   125.36873696351473     
   7.1376770579298511E-006   125.36873696285056     
   7.2023507968834567E-006   125.36873696217430     
   7.2676105377640611E-006   125.36873696148572     
   7.3334615902733138E-006   125.36873696078464     
   7.3999093122235133E-006   125.36873696007073     
   7.4669591099735259E-006   125.36873695934388     
   7.5346164388686691E-006   125.36873695860378     
   7.6028868036845680E-006   125.36873695785020     
   7.6717757590750385E-006   125.36873695708290     
   7.7412889100240283E-006   125.36873695630167     
   7.8114319123016564E-006   125.36873695550618     
   7.8822104729243725E-006   125.36873695469622     
   7.9536303506193070E-006   125.36873695387150     
   8.0256973562928051E-006   125.36873695303179     
   8.0984173535032240E-006   125.36873695217679     
   8.1717962589380035E-006   125.36873695130623     
   8.2458400428950607E-006   125.36873695041982     
   8.3205547297685613E-006   125.36873694951726     
   8.3959463985390606E-006   125.36873694859827     
   8.4720211832681230E-006   125.36873694766255     
   8.5487852735973959E-006   125.36873694670980     
   8.6262449152522143E-006   125.36873694573973     
   8.7044064105497754E-006   125.36873694475197     
   8.7832761189119066E-006   125.36873694374626     
   8.8628604573824823E-006   125.36873694272219     
   8.9431659011495386E-006   125.36873694167951     
   9.0241989840721059E-006   125.36873694061785     
   9.1059662992118230E-006   125.36873693953689     
   9.1884744993693641E-006   125.36873693843623     
   9.2717302976257276E-006   125.36873693731553     
   9.3557404678884304E-006   125.36873693617441     
   9.4405118454426553E-006   125.36873693501255     
   9.5260513275073807E-006   125.36873693382951     
   9.6123658737965547E-006   125.36873693262496     
   9.6994625070853662E-006   125.36873693139849     
   9.7873483137816222E-006   125.36873693014965     
   9.8760304445023285E-006   125.36873692887812     
   9.9655161146554793E-006   125.36873692758341     
   1.0055812605027112E-005   125.36873692626514     
   1.0146927262373702E-005   125.36873692492290     
   1.0238867500019914E-005   125.36873692355620     
   1.0331640798461763E-005   125.36873692216463     
   1.0425254705975242E-005   125.36873692074772     
   1.0519716839230490E-005   125.36873691930502     
   1.0615034883911482E-005   125.36873691783606     
   1.0711216595341366E-005   125.36873691634034     
   1.0808269799113457E-005   125.36873691481743     
   1.0906202391727943E-005   125.36873691326679     
   1.1005022341234371E-005   125.36873691168788     
   1.1104737687879937E-005   125.36873691008026     
   1.1205356544763683E-005   125.36873690844338     
   1.1306887098496567E-005   125.36873690677668     
   1.1409337609867580E-005   125.36873690507966     
   1.1512716414515845E-005   125.36873690335173     
   1.1617031923608834E-005   125.36873690159236     
   1.1722292624526717E-005   125.36873689980096     
   1.1828507081552923E-005   125.36873689797696     
   1.1935683936570947E-005   125.36873689611974     
   1.2043831909767485E-005   125.36873689422872     
   1.2152959800341919E-005   125.36873689230327     
   1.2263076487222249E-005   125.36873689034276     
   1.2374190929787507E-005   125.36873688834656     
   1.2486312168596716E-005   125.36873688631405     
   1.2599449326124445E-005   125.36873688424450     
   1.2713611607503044E-005   125.36873688213733     
   1.2828808301271600E-005   125.36873687999176     
   1.2945048780131668E-005   125.36873687780715     
   1.3062342501709870E-005   125.36873687558275     
   1.3180699009327377E-005   125.36873687331789     
   1.3300127932776392E-005   125.36873687101179     
   1.3420638989103646E-005   125.36873686866372     
   1.3542241983401013E-005   125.36873686627285     
   1.3664946809603259E-005   125.36873686383851     
   1.3788763451293057E-005   125.36873686135984     
   1.3913701982513268E-005   125.36873685883604     
   1.4039772568586593E-005   125.36873685626631     
   1.4166985466942646E-005   125.36873685364981     
   1.4295351027952534E-005   125.36873685098566     
   1.4424879695770983E-005   125.36873684827300     
   1.4555582009186105E-005   125.36873684551099     
   1.4687468602476855E-005   125.36873684269871     
   1.4820550206278272E-005   125.36873683983518     
   1.4954837648454542E-005   125.36873683691958     
   1.5090341854979996E-005   125.36873683395088     
   1.5227073850828053E-005   125.36873683092814     
   1.5365044760868266E-005   125.36873682785037     
   1.5504265810771454E-005   125.36873682471658     
   1.5644748327923043E-005   125.36873682152573     
   1.5786503742344724E-005   125.36873681827683     
   1.5929543587624392E-005   125.36873681496876     
   1.6073879501854578E-005   125.36873681160046     
   1.6219523228579328E-005   125.36873680817087     
   1.6366486617749716E-005   125.36873680467882     
   1.6514781626687963E-005   125.36873680112322     
   1.6664420321060331E-005   125.36873679750290     
   1.6815414875858807E-005   125.36873679381664     
   1.6967777576391701E-005   125.36873679006329     
   1.7121520819283203E-005   125.36873678624164     
   1.7276657113482007E-005   125.36873678235040     
   1.7433199081279071E-005   125.36873677838837     
   1.7591159459334603E-005   125.36873677435412     
   1.7750551099714343E-005   125.36873677024650     
   1.7911386970935241E-005   125.36873676606410     
   1.8073680159020618E-005   125.36873676180556     
   1.8237443868564864E-005   125.36873675746951     
   1.8402691423807817E-005   125.36873675305449     
   1.8569436269718835E-005   125.36873674855912     
   1.8737691973090729E-005   125.36873674398191     
   1.8907472223643591E-005   125.36873673932141     
   1.9078790835138623E-005   125.36873673457605     
   1.9251661746502057E-005   125.36873672974428     
   1.9426099022959269E-005   125.36873672482459     
   1.9602116857179152E-005   125.36873671981533     
   1.9779729570428886E-005   125.36873671471488     
   1.9958951613739127E-005   125.36873670952157     
   2.0139797569079812E-005   125.36873670423373     
   2.0322282150546562E-005   125.36873669884964     
   2.0506420205557863E-005   125.36873669336754     
   2.0692226716063096E-005   125.36873668778563     
   2.0879716799761505E-005   125.36873668210211     
   2.1068905711332219E-005   125.36873667631517     
   2.1259808843675395E-005   125.36873667042283     
   2.1452441729164644E-005   125.36873666442324     
   2.1646820040910769E-005   125.36873665831443     
   2.1842959594036978E-005   125.36873665209441     
   2.2040876346965643E-005   125.36873664576120     
   2.2240586402716723E-005   125.36873663931266     
   2.2442106010217934E-005   125.36873663274676     
   2.2645451565626814E-005   125.36873662606132     
   2.2850639613664767E-005   125.36873661925418     
   2.3057686848963149E-005   125.36873661232313     
   2.3266610117421632E-005   125.36873660526589     
   2.3477426417578801E-005   125.36873659808020     
   2.3690152901995198E-005   125.36873659076372     
   2.3904806878648918E-005   125.36873658331400     
   2.4121405812343807E-005   125.36873657572870     
   2.4339967326130477E-005   125.36873656800533     
   2.4560509202740122E-005   125.36873656014133     
   2.4783049386031404E-005   125.36873655213418     
   2.5007605982450376E-005   125.36873654398129     
   2.5234197262503708E-005   125.36873653567999     
   2.5462841662245197E-005   125.36873652722755     
   2.5693557784775775E-005   125.36873651862126     
   2.5926364401757117E-005   125.36873650985828     
   2.6161280454938938E-005   125.36873650093580     
   2.6398325057700148E-005   125.36873649185090     
   2.6637517496603979E-005   125.36873648260061     
   2.6878877232967157E-005   125.36873647318193     
   2.7122423904443373E-005   125.36873646359177     
   2.7368177326621001E-005   125.36873645382707     
   2.7616157494635390E-005   125.36873644388460     
   2.7866384584795695E-005   125.36873643376114     
   2.8118878956226468E-005   125.36873642345338     
   2.8373661152524165E-005   125.36873641295799     
   2.8630751903428580E-005   125.36873640227155     
   2.8890172126509511E-005   125.36873639139057     
   2.9151942928868638E-005   125.36873638031152     
   2.9416085608856868E-005   125.36873636903077     
   2.9682621657807210E-005   125.36873635754469     
   2.9951572761783387E-005   125.36873634584948     
   3.0222960803344257E-005   125.36873633394138     
   3.0496807863324222E-005   125.36873632181654     
   3.0773136222629814E-005   125.36873630947096     
   3.1051968364052497E-005   125.36873629690064     
   3.1333326974097937E-005   125.36873628410152     
   3.1617234944831838E-005   125.36873627106938     
   3.1903715375742499E-005   125.36873625780001     
   3.2192791575620243E-005   125.36873624428910     
   3.2484487064453883E-005   125.36873623053221     
   3.2778825575344372E-005   125.36873621652489     
   3.3075831056435790E-005   125.36873620226261     
   3.3375527672863810E-005   125.36873618774067     
   3.3677939808721876E-005   125.36873617295440     
   3.3983092069045099E-005   125.36873615789897     
   3.4291009281812251E-005   125.36873614256945     
   3.4601716499965773E-005   125.36873612696088     
   3.4915239003450196E-005   125.36873611106816     
   3.5231602301268947E-005   125.36873609488615     
   3.5550832133559843E-005   125.36873607840954     
   3.5872954473689387E-005   125.36873606163304     
   3.6197995530366001E-005   125.36873604455108     
   3.6525981749772474E-005   125.36873602715821     
   3.6856939817717634E-005   125.36873600944874     
   3.7190896661807630E-005   125.36873599141683     
   3.7527879453636816E-005   125.36873597305670     
   3.7867915610998466E-005   125.36873595436232     
   3.8211032800115621E-005   125.36873593532766     
   3.8557258937892033E-005   125.36873591594647     
   3.8906622194183582E-005   125.36873589621248     
   3.9259150994090222E-005   125.36873587611927     
   3.9614874020268775E-005   125.36873585566026     
   3.9973820215266547E-005   125.36873583482881     
   4.0336018783876257E-005   125.36873581361820     
   4.0701499195512139E-005   125.36873579202143     
   4.1070291186607681E-005   125.36873577003151     
   4.1442424763035089E-005   125.36873574764130     
   4.1817930202546571E-005   125.36873572484352     
   4.2196838057237885E-005   125.36873570163071     
   4.2579179156034097E-005   125.36873567799533     
   4.2964984607197902E-005   125.36873565392970     
   4.3354285800860698E-005   125.36873562942598     
   4.3747114411576533E-005   125.36873560447623     
   4.4143502400899272E-005   125.36873557907226     
   4.4543482019983027E-005   125.36873555320585     
   4.4947085812206226E-005   125.36873552686856     
   4.5354346615819427E-005   125.36873550005184     
   4.5765297566617071E-005   125.36873547274695     
   4.6179972100633604E-005   125.36873544494500     
   4.6598403956863778E-005   125.36873541663697     
   4.7020627180007893E-005   125.36873538781360     
   4.7446676123241629E-005   125.36873535846554     
   4.7876585451011184E-005   125.36873532858323     
   4.8310390141853662E-005   125.36873529815693     
   4.8748125491242989E-005   125.36873526717676     
   4.9189827114461665E-005   125.36873523563266     
   4.9635530949498487E-005   125.36873520351432     
   5.0085273259972605E-005   125.36873517081128     
   5.0539090638083998E-005   125.36873513751297     
   5.0997020007590670E-005   125.36873510360844     
   5.1459098626812944E-005   125.36873506908675     
   5.1925364091664839E-005   125.36873503393660     
   5.2395854338712990E-005   125.36873499814658     
   5.2870607648263230E-005   125.36873496170509     
   5.3349662647475269E-005   125.36873492460019     
   5.3833058313505369E-005   125.36873488681985     
   5.4320833976677737E-005   125.36873484835176     
   5.4813029323684470E-005   125.36873480918337     
   5.5309684400814628E-005   125.36873476930199     
   5.5810839617212456E-005   125.36873472869462     
   5.6316535748165179E-005   125.36873468734802     
   5.6826813938420631E-005   125.36873464524876     
   5.7341715705534834E-005   125.36873460238314     
   5.7861282943250020E-005   125.36873455873719     
   5.8385557924903201E-005   125.36873451429670     
   5.8914583306865631E-005   125.36873446904724     
   5.9448402132013450E-005   125.36873442297407     
   5.9987057833229769E-005   125.36873437606218     
   6.0530594236938456E-005   125.36873432829630     
   6.1079055566669988E-005   125.36873427966093     
   6.1632486446659574E-005   125.36873423014016     
   6.2190931905477942E-005   125.36873417971795     
   6.2754437379694910E-005   125.36873412837784     
   6.3323048717576295E-005   125.36873407610314     
   6.3896812182814220E-005   125.36873402287686     
   6.4475774458291207E-005   125.36873396868162     
   6.5059982649878475E-005   125.36873391349985     
   6.5649484290268554E-005   125.36873385731353     
   6.6244327342842744E-005   125.36873380010444     
   6.6844560205573403E-005   125.36873374185390     
   6.7450231714961888E-005   125.36873368254297     
   6.8061391150011873E-005   125.36873362215233     
   6.8678088236238949E-005   125.36873356066239     
   6.9300373149716303E-005   125.36873349805305     
   6.9928296521157290E-005   125.36873343430400     
   7.0561909440034759E-005   125.36873336939450     
   7.1201263458737924E-005   125.36873330330334     
   7.1846410596766727E-005   125.36873323600909     
   7.2497403344964356E-005   125.36873316748981     
   7.3154294669787958E-005   125.36873309772324     
   7.3817138017618156E-005   125.36873302668663     
   7.4485987319107617E-005   125.36873295435687     
   7.5160896993568959E-005   125.36873288071044     
   7.5841921953402424E-005   125.36873280572333     
   7.6529117608563756E-005   125.36873272937119     
   7.7222539871072448E-005   125.36873265162914     
   7.7922245159560896E-005   125.36873257247190     
   7.8628290403864781E-005   125.36873249187366     
   7.9340733049655031E-005   125.36873240980820     
   8.0059631063111706E-005   125.36873232624887     
   8.0785042935640361E-005   125.36873224116843     
   8.1517027688630969E-005   125.36873215453922     
   8.2255644878260090E-005   125.36873206633298     
   8.3000954600336547E-005   125.36873197652106     
   8.3753017495190907E-005   125.36873188507421     
   8.4511894752609397E-005   125.36873179196266     
   8.5277648116812473E-005   125.36873169715612     
   8.6050339891478425E-005   125.36873160062376     
   8.6830032944812589E-005   125.36873150233411     
   8.7616790714662511E-005   125.36873140225521     
   8.8410677213679356E-005   125.36873130035450     
   8.9211757034526196E-005   125.36873119659877     
   9.0020095355133385E-005   125.36873109095430     
   9.0835757944001636E-005   125.36873098338670     
   9.1658811165553126E-005   125.36873087386095     
   9.2489321985531053E-005   125.36873076234141     
   9.3327357976448109E-005   125.36873064879175     
   9.4172987323084474E-005   125.36873053317508     
   9.5026278828035362E-005   125.36873041545371     
   9.5887301917309091E-005   125.36873029558939     
   9.6756126645975682E-005   125.36873017354304     
   9.7632823703866782E-005   125.36873004927496     
   9.8517464421327139E-005   125.36872992274473     
   9.9410120775018200E-005   125.36872979391117     
   1.0031086539377442E-004   125.36872966273233     
   1.0121977156451238E-004   125.36872952916553     
   1.0213691323819375E-004   125.36872939316730     
   1.0306236503584203E-004   125.36872925469335     
   1.0399620225461395E-004   125.36872911369869     
   1.0493850087392582E-004   125.36872897013733     
   1.0588933756163547E-004   125.36872882396263     
   1.0684878968028002E-004   125.36872867512693     
   1.0781693529337047E-004   125.36872852358186     
   1.0879385317174304E-004   125.36872836927812     
   1.0977962279996813E-004   125.36872821216542     
   1.1077432438281750E-004   125.36872805219267     
   1.1177803885178988E-004   125.36872788930776     
   1.1279084787169577E-004   125.36872772345774     
   1.1381283384730190E-004   125.36872755458859     
   1.1484407993003591E-004   125.36872738264540     
   1.1588467002475174E-004   125.36872720757216     
   1.1693468879655637E-004   125.36872702931188     
   1.1799422167769838E-004   125.36872684780660     
   1.1906335487451895E-004   125.36872666299720     
   1.2014217537446582E-004   125.36872647482356     
   1.2123077095317083E-004   125.36872628322443     
   1.2232923018159152E-004   125.36872608813745     
   1.2343764243321760E-004   125.36872588949912     
   1.2455609789134250E-004   125.36872568724480     
   1.2568468755640099E-004   125.36872548130867     
   1.2682350325337309E-004   125.36872527162372     
   1.2797263763925540E-004   125.36872505812167     
   1.2913218421059972E-004   125.36872484073304     
   1.3030223731112027E-004   125.36872461938712     
   1.3148289213936974E-004   125.36872439401183     
   1.3267424475648477E-004   125.36872416453383     
   1.3387639209400194E-004   125.36872393087845     
   1.3508943196174420E-004   125.36872369296962     
   1.3631346305577896E-004   125.36872345072995     
   1.3754858496644836E-004   125.36872320408054     
   1.3879489818647208E-004   125.36872295294117     
   1.4005250411912374E-004   125.36872269723010     
   1.4132150508648134E-004   125.36872243686408     
   1.4260200433775241E-004   125.36872217175838     
   1.4389410605767465E-004   125.36872190182673     
   1.4519791537499275E-004   125.36872162698131     
   1.4651353837101180E-004   125.36872134713258     
   1.4784108208822842E-004   125.36872106218954     
   1.4918065453904000E-004   125.36872077205943     
   1.5053236471453292E-004   125.36872047664784     
   1.5189632259335017E-004   125.36872017585858     
   1.5327263915063981E-004   125.36871986959379     
   1.5466142636708381E-004   125.36871955775381     
   1.5606279723800947E-004   125.36871924023714     
   1.5747686578258271E-004   125.36871891694041     
   1.5890374705308509E-004   125.36871858775842     
   1.6034355714427485E-004   125.36871825258405     
   1.6179641320283254E-004   125.36871791130821     
   1.6326243343689237E-004   125.36871756381981     
   1.6474173712566003E-004   125.36871721000578     
   1.6623444462911756E-004   125.36871684975092     
   1.6774067739781605E-004   125.36871648293810     
   1.6926055798275718E-004   125.36871610944782     
   1.7079421004536445E-004   125.36871572915855     
   1.7234175836754434E-004   125.36871534194654     
   1.7390332886183909E-004   125.36871494768579     
   1.7547904858167130E-004   125.36871454624793     
   1.7706904573168097E-004   125.36871413750238     
   1.7867344967815714E-004   125.36871372131604     
   1.8029239095956290E-004   125.36871329755351     
   1.8192600129715667E-004   125.36871286607685     
   1.8357441360570938E-004   125.36871242674565     
   1.8523776200431852E-004   125.36871197941691     
   1.8691618182732072E-004   125.36871152394504     
   1.8860980963530271E-004   125.36871106018182     
   1.9031878322621224E-004   125.36871058797631     
   1.9204324164656978E-004   125.36871010717479     
   1.9378332520278167E-004   125.36870961762087     
   1.9553917547255573E-004   125.36870911915514     
   1.9731093531642058E-004   125.36870861161540     
   1.9909874888934890E-004   125.36870809483646     
   2.0090276165248642E-004   125.36870756865014     
   2.0272312038498700E-004   125.36870703288518     
   2.0455997319595480E-004   125.36870648736723     
   2.0641346953649521E-004   125.36870593191873     
   2.0828376021187397E-004   125.36870536635888     
   2.1017099739378779E-004   125.36870479050368     
   2.1207533463274479E-004   125.36870420416567     
   2.1399692687055816E-004   125.36870360715403     
   2.1593593045295261E-004   125.36870299927448     
   2.1789250314228477E-004   125.36870238032914     
   2.1986680413037951E-004   125.36870175011659     
   2.2185899405148191E-004   125.36870110843171     
   2.2386923499532712E-004   125.36870045506569     
   2.2589769052032820E-004   125.36869978980590     
   2.2794452566688377E-004   125.36869911243573     
   2.3000990697080609E-004   125.36869842273485     
   2.3209400247687086E-004   125.36869772047871     
   2.3419698175248971E-004   125.36869700543878     
   2.3631901590150684E-004   125.36869627738237     
   2.3846027757812009E-004   125.36869553607249     
   2.4062094100092910E-004   125.36869478126792     
   2.4280118196710957E-004   125.36869401272294     
   2.4500117786671702E-004   125.36869323018746     
   2.4722110769711950E-004   125.36869243340681     
   2.4946115207756140E-004   125.36869162212164     
   2.5172149326385896E-004   125.36869079606795     
   2.5400231516322920E-004   125.36868995497689     
   2.5630380334925294E-004   125.36868909857468     
   2.5862614507697374E-004   125.36868822658263     
   2.6096952929813332E-004   125.36868733871694     
   2.6333414667654525E-004   125.36868643468866     
   2.6572018960360771E-004   125.36868551420353     
   2.6812785221395712E-004   125.36868457696204     
   2.7055733040126336E-004   125.36868362265909     
   2.7300882183416809E-004   125.36868265098416     
   2.7548252597236784E-004   125.36868166162091     
   2.7797864408284236E-004   125.36868065424744     
   2.8049737925623015E-004   125.36867962853587     
   2.8303893642335276E-004   125.36867858415238     
   2.8560352237188815E-004   125.36867752075705     
   2.8819134576319561E-004   125.36867643800379     
   2.9080261714929320E-004   125.36867533554020     
   2.9343754898998836E-004   125.36867421300755     
   2.9609635567016463E-004   125.36867307004040     
   2.9877925351722419E-004   125.36867190626685     
   3.0148646081868910E-004   125.36867072130809     
   3.0421819783996157E-004   125.36866951477847     
   3.0697468684224557E-004   125.36866828628538     
   3.0975615210063011E-004   125.36866703542890     
   3.1256281992233733E-004   125.36866576180201     
   3.1539491866513521E-004   125.36866446499016     
   3.1825267875591729E-004   125.36866314457131     
   3.2113633270945094E-004   125.36866180011573     
   3.2404611514729538E-004   125.36866043118580     
   3.2698226281689094E-004   125.36865903733610     
   3.2994501461082156E-004   125.36865761811289     
   3.3293461158625165E-004   125.36865617305430     
   3.3595129698453931E-004   125.36865470169010     
   3.3899531625102670E-004   125.36865320354131     
   3.4206691705501052E-004   125.36865167812043     
   3.4516634930989269E-004   125.36865012493101     
   3.4829386519351433E-004   125.36864854346749     
   3.5144971916867312E-004   125.36864693321519     
   3.5463416800382753E-004   125.36864529365008     
   3.5784747079398778E-004   125.36864362423850     
   3.6108988898179680E-004   125.36864192443721     
   3.6436168637880156E-004   125.36864019369293     
   3.6766312918691768E-004   125.36863843144241     
   3.7099448602008847E-004   125.36863663711208     
   3.7435602792613949E-004   125.36863481011800     
   3.7774802840883238E-004   125.36863294986554     
   3.8117076345011737E-004   125.36863105574930     
   3.8462451153258790E-004   125.36862912715280     
   3.8810955366213917E-004   125.36862716344838     
   3.9162617339083078E-004   125.36862516399691     
   3.9517465683995789E-004   125.36862312814773     
   3.9875529272333042E-004   125.36862105523819     
   4.0236837237076368E-004   125.36861894459368     
   4.0601418975178168E-004   125.36861679552726     
   4.0969304149953540E-004   125.36861460733951     
   4.1340522693493730E-004   125.36861237931825     
   4.1715104809101532E-004   125.36861011073842     
   4.2093080973748672E-004   125.36860780086167     
   4.2474481940555476E-004   125.36860544893617     
   4.2859338741293090E-004   125.36860305419657     
   4.3247682688908238E-004   125.36860061586343     
   4.3639545380070970E-004   125.36859813314319     
   4.4034958697745404E-004   125.36859560522788     
   4.4433954813783859E-004   125.36859303129468     
   4.4836566191544411E-004   125.36859041050597     
   4.5242825588532183E-004   125.36858774200878     
   4.5652766059064602E-004   125.36858502493462     
   4.6066420956960798E-004   125.36858225839920     
   4.6483823938255325E-004   125.36857944150213     
   4.6905008963936499E-004   125.36857657332665     
   4.7330010302709587E-004   125.36857365293932     
   4.7758862533784990E-004   125.36857067938963     
   4.8191600549691671E-004   125.36856765170987     
   4.8628259559116107E-004   125.36856456891464     
   4.9068875089767008E-004   125.36856143000063     
   4.9513482991265861E-004   125.36855823394623     
   4.9962119438063811E-004   125.36855497971131     
   5.0414820932384900E-004   125.36855166623675     
   5.0871624307195968E-004   125.36854829244419     
   5.1332566729203459E-004   125.36854485723556     
   5.1797685701877459E-004   125.36854135949289     
   5.2267019068503008E-004   125.36853779807778     
   5.2740605015259184E-004   125.36853417183119     
   5.3218482074325981E-004   125.36853047957293     
   5.3700689127019450E-004   125.36852672010130     
   5.4187265406955112E-004   125.36852289219280     
   5.4678250503240153E-004   125.36851899460159     
   5.5173684363694464E-004   125.36851502605924     
   5.5673607298100975E-004   125.36851098527409     
   5.6178059981485231E-004   125.36850687093109     
   5.6687083457424936E-004   125.36850268169117     
   5.7200719141389334E-004   125.36849841619096     
   5.7719008824108848E-004   125.36849407304219     
   5.8241994674975285E-004   125.36848965083141     
   5.8769719245472889E-004   125.36848514811936     
   5.9302225472640416E-004   125.36848056344058     
   5.9839556682564593E-004   125.36847589530304     
   6.0381756593905233E-004   125.36847114218742     
   6.0928869321452337E-004   125.36846630254678     
   6.1480939379715365E-004   125.36846137480609     
   6.2038011686545028E-004   125.36845635736152     
   6.2600131566787980E-004   125.36845124858020     
   6.3167344755974504E-004   125.36844604679943     
   6.3739697404039688E-004   125.36844075032624     
   6.4317236079078366E-004   125.36843535743687     
   6.4900007771133905E-004   125.36842986637616     
   6.5488059896021535E-004   125.36842427535710     
   6.6081440299186169E-004   125.36841858256000     
   6.6680197259595274E-004   125.36841278613211     
   6.7284379493666923E-004   125.36840688418702     
   6.7894036159233534E-004   125.36840087480383     
   6.8509216859541442E-004   125.36839475602685     
   6.9129971647286772E-004   125.36838852586460     
   6.9756351028687862E-004   125.36838218228955     
   7.0388405967594539E-004   125.36837572323708     
   7.1026187889634731E-004   125.36836914660512     
   7.1669748686398519E-004   125.36836245025323     
   7.2319140719660270E-004   125.36835563200208     
   7.2974416825638761E-004   125.36834868963265     
   7.3635630319296300E-004   125.36834162088550     
   7.4302834998676338E-004   125.36833442346010     
   7.4976085149280815E-004   125.36832709501398     
   7.5655435548486766E-004   125.36831963316213     
   7.6340941470003391E-004   125.36831203547604     
   7.7032658688369030E-004   125.36830429948301     
   7.7730643483489299E-004   125.36829642266532     
   7.8434952645216078E-004   125.36828840245944     
   7.9145643477968096E-004   125.36828023625517     
   7.9862773805393404E-004   125.36827192139484     
   8.0586401975073988E-004   125.36826345517227     
   8.1316586863273174E-004   125.36825483483213     
   8.2053387879725819E-004   125.36824605756894     
   8.2796864972472237E-004   125.36823712052609     
   8.3547078632735484E-004   125.36822802079493     
   8.4304089899843318E-004   125.36821875541403     
   8.5067960366194337E-004   125.36820932136790     
   8.5838752182269384E-004   125.36819971558619     
   8.6616528061688261E-004   125.36818993494269     
   8.7401351286312272E-004   125.36817997625425     
   8.8193285711392962E-004   125.36816983627982     
   8.8992395770767622E-004   125.36815951171930     
   8.9798746482101690E-004   125.36814899921251     
   9.0612403452178865E-004   125.36813829533817     
   9.1433432882238950E-004   125.36812739661269     
   9.2261901573364221E-004   125.36811629948902     
   9.3097876931914501E-004   125.36810500035558     
   9.3941426975011554E-004   125.36809349553512     
   9.4792620336073090E-004   125.36808178128328     
   9.5651526270396992E-004   125.36806985378767     
   9.6518214660796077E-004   125.36805770916649     
   9.7392756023283959E-004   125.36804534346720     
   9.8275221512812401E-004   125.36803275266546     
   9.9165682929060737E-004   125.36801993266347     
   1.0006421272227757E-003   125.36800687928901     
   1.0097088399917554E-003   125.36799358829383     
   1.0188577052887956E-003   125.36798005535235     
   1.0280894674892880E-003   125.36796627606029     
   1.0374048777133306E-003   125.36795224593314     
   1.0468046938868420E-003   125.36793796040480     
   1.0562896808032271E-003   125.36792341482604     
   1.0658606101856037E-003   125.36790860446297     
   1.0755182607495909E-003   125.36789352449559     
   1.0852634182666682E-003   125.36787817001607     
   1.0950968756281076E-003   125.36786253602736     
   1.1050194329094848E-003   125.36784661744134     
   1.1150318974357768E-003   125.36783040907733     
   1.1251350838470463E-003   125.36781390566027     
   1.1353298141647235E-003   125.36779710181918     
   1.1456169178584890E-003   125.36777999208526     
   1.1559972319137599E-003   125.36776257089015     
   1.1664716008997905E-003   125.36774483256413     
   1.1770408770383873E-003   125.36772677133429     
   1.1877059202732494E-003   125.36770838132260     
   1.1984675983399342E-003   125.36768965654409     
   1.2093267868364607E-003   125.36767059090477     
   1.2202843692945479E-003   125.36765117819976     
   1.2313412372515038E-003   125.36763141211129     
   1.2424982903227603E-003   125.36761128620647     
   1.2537564362750712E-003   125.36759079393538     
   1.2651165911003687E-003   125.36756992862881     
   1.2765796790902913E-003   125.36754868349630     
   1.2881466329113865E-003   125.36752705162357     
   1.2998183936809944E-003   125.36750502597066     
   1.3115959110438214E-003   125.36748259936934     
   1.3234801432492032E-003   125.36745976452097     
   1.3354720572290725E-003   125.36743651399404     
   1.3475726286766294E-003   125.36741284022168     
   1.3597828421257278E-003   125.36738873549939     
   1.3721036910309791E-003   125.36736419198240     
   1.3845361778485818E-003   125.36733920168311     
   1.3970813141178839E-003   125.36731375646849     
   1.4097401205436860E-003   125.36728784805759     
   1.4225136270792854E-003   125.36726146801857     
   1.4354028730102799E-003   125.36723460776619     
   1.4484089070391224E-003   125.36720725855893     
   1.4615327873704490E-003   125.36717941149615     
   1.4747755817971760E-003   125.36715105751514     
   1.4881383677873797E-003   125.36712218738829     
   1.5016222325719602E-003   125.36709279172000     
   1.5152282732331013E-003   125.36706286094358     
   1.5289575967935348E-003   125.36703238531831     
   1.5428113203066068E-003   125.36700135492607     
   1.5567905709471671E-003   125.36696975966827     
   1.5708964861032774E-003   125.36693758926243     
   1.5851302134687524E-003   125.36690483323893     
   1.5994929111365402E-003   125.36687148093759     
   1.6139857476929465E-003   125.36683752150417     
   1.6286099023127144E-003   125.36680294388687     
   1.6433665648549645E-003   125.36676773683266     
   1.6582569359600056E-003   125.36673188888378     
   1.6732822271470222E-003   125.36669538837378     
   1.6884436609126460E-003   125.36665822342394     
   1.7037424708304214E-003   125.36662038193928     
   1.7191799016511729E-003   125.36658185160468     
   1.7347572094042812E-003   125.36654261988085     
   1.7504756614998764E-003   125.36650267400020     
   1.7663365368319581E-003   125.36646200096283     
   1.7823411258824492E-003   125.36642058753218     
   1.7984907308261941E-003   125.36637842023066     
   1.8147866656369053E-003   125.36633548533548     
   1.8312302561940730E-003   125.36629176887399     
   1.8478228403908410E-003   125.36624725661922     
   1.8645657682428624E-003   125.36620193408527     
   1.8814604019981396E-003   125.36615578652247     
   1.8985081162478600E-003   125.36610879891276     
   1.9157102980382375E-003   125.36606095596474     
   1.9330683469833650E-003   125.36601224210854     
   1.9505836753790913E-003   125.36596264149100     
   1.9682577083179283E-003   125.36591213797034     
   1.9860918838050011E-003   125.36586071511101     
   2.0040876528750486E-003   125.36580835617826     
   2.0222464797104811E-003   125.36575504413274     
   2.0405698417605114E-003   125.36570076162502     
   2.0590592298613646E-003   125.36564549098968     
   2.0777161483575748E-003   125.36558921423995     
   2.0965421152243837E-003   125.36553191306160     
   2.1155386621912464E-003   125.36547356880702     
   2.1347073348664571E-003   125.36541416248920     
   2.1540496928629032E-003   125.36535367477553     
   2.1735673099249615E-003   125.36529208598154     
   2.1932617740565382E-003   125.36522937606439     
   2.2131346876502777E-003   125.36516552461647     
   2.2331876676179338E-003   125.36510051085872     
   2.2534223455219268E-003   125.36503431363391     
   2.2738403677080941E-003   125.36496691139961     
   2.2944433954396369E-003   125.36489828222132     
   2.3152331050322879E-003   125.36482840376540     
   2.3362111879906998E-003   125.36475725329156     
   2.3573793511460703E-003   125.36468480764565     
   2.3787393167950151E-003   125.36461104325210     
   2.4002928228396970E-003   125.36453593610622     
   2.4220416229292284E-003   125.36445946176640     
   2.4439874866023495E-003   125.36438159534620     
   2.4661321994314056E-003   125.36430231150617     
   2.4884775631676252E-003   125.36422158444562     
   2.5110253958877124E-003   125.36413938789434     
   2.5337775321417752E-003   125.36405569510391     
   2.5567358231025849E-003   125.36397047883908     
   2.5799021367161946E-003   125.36388371136893     
   2.6032783578539198E-003   125.36379536445770     
   2.6268663884656948E-003   125.36370540935582     
   2.6506681477348241E-003   125.36361381679041     
   2.6746855722341277E-003   125.36352055695582     
   2.6989206160835080E-003   125.36342559950390     
   2.7233752511089423E-003   125.36332891353416     
   2.7480514670029147E-003   125.36323046758362     
   2.7729512714863031E-003   125.36313022961677     
   2.7980766904717328E-003   125.36302816701500     
   2.8234297682284090E-003   125.36292424656601     
   2.8490125675484450E-003   125.36281843445298     
   2.8748271699146964E-003   125.36271069624368     
   2.9008756756701134E-003   125.36260099687919     
   2.9271602041886350E-003   125.36248930066252     
   2.9536828940476220E-003   125.36237557124694     
   2.9804459032018596E-003   125.36225977162430     
   3.0074514091591332E-003   125.36214186411274     
   3.0347016091573980E-003   125.36202181034479     
   3.0621987203435486E-003   125.36189957125457     
   3.0899449799538154E-003   125.36177510706517     
   3.1179426454957895E-003   125.36164837727597     
   3.1461939949320992E-003   125.36151934064898     
   3.1747013268657543E-003   125.36138795519591     
   3.2034669607271622E-003   125.36125417816413     
   3.2324932369628455E-003   125.36111796602313     
   3.2617825172258654E-003   125.36097927444996     
   3.2913371845679721E-003   125.36083805831522     
   3.3211596436334961E-003   125.36069427166811     
   3.3512523208549983E-003   125.36054786772151     
   3.3816176646506873E-003   125.36039879883693     
   3.4122581456236321E-003   125.36024701650886     
   3.4431762567627739E-003   125.36009247134902     
   3.4743745136457654E-003   125.35993511307042     
   3.5058554546436422E-003   125.35977489047079     
   3.5376216411273525E-003   125.35961175141615     
   3.5696756576761557E-003   125.35944564282379     
   3.6020201122879125E-003   125.35927651064486     
   3.6346576365912766E-003   125.35910429984699     
   3.6675908860598102E-003   125.35892895439639     
   3.7008225402280436E-003   125.35875041723943     
   3.7343553029094852E-003   125.35856863028435     
   3.7681919024166125E-003   125.35838353438214     
   3.8023350917828548E-003   125.35819506930751     
   3.8367876489865879E-003   125.35800317373918     
   3.8715523771771553E-003   125.35780778523994     
   3.9066321049029407E-003   125.35760884023644     
   3.9420296863415093E-003   125.35740627399848     
   3.9777480015318238E-003   125.35720002061794     
   4.0137899566085791E-003   125.35699001298731     
   4.0501584840386502E-003   125.35677618277808     
   4.0868565428596832E-003   125.35655846041823     
   4.1238871189208538E-003   125.35633677506985     
   4.1612532251258019E-003   125.35611105460606     
   4.1989579016777686E-003   125.35588122558747     
   4.2370042163269563E-003   125.35564721323840     
   4.2753952646201300E-003   125.35540894142257     
   4.3141341701524736E-003   125.35516633261830     
   4.3532240848217427E-003   125.35491930789335     
   4.3926681890847008E-003   125.35466778687928     
   4.4324696922158988E-003   125.35441168774528     
   4.4726318325687834E-003   125.35415092717170     
   4.5131578778391810E-003   125.35388542032274     
   4.5540511253311646E-003   125.35361508081910     
   4.5953149022253332E-003   125.35333982070975     
   4.6369525658495172E-003   125.35305955044358     
   4.6789675039519401E-003   125.35277417883995     
   4.7213631349768553E-003   125.35248361305939     
   4.7641429083426778E-003   125.35218775857324     
   4.8073103047226408E-003   125.35188651913302     
   4.8508688363279899E-003   125.35157979673906     
   4.8948220471937455E-003   125.35126749160882     
   4.9391735134670578E-003   125.35094950214427     
   4.9839268436981648E-003   125.35062572489913     
   5.0290856791340025E-003   125.35029605454491     
   5.0746536940144580E-003   125.34996038383716     
   5.1206345958713191E-003   125.34961860358014     
   5.1670321258299292E-003   125.34927060259169     
   5.2138500589135736E-003   125.34891626766702     
   5.2610922043506234E-003   125.34855548354186     
   5.3087624058844700E-003   125.34818813285509     
   5.3568645420862537E-003   125.34781409611062     
   5.4054025266704426E-003   125.34743325163861     
   5.4543803088132553E-003   125.34704547555580     
   5.5038018734739841E-003   125.34665064172555     
   5.5536712417192128E-003   125.34624862171654     
   5.6039924710499884E-003   125.34583928476138     
   5.6547696557319440E-003   125.34542249771387     
   5.7060069271284231E-003   125.34499812500606     
   5.7577084540366193E-003   125.34456602860391     
   5.8098784430267543E-003   125.34412606796269     
   5.8625211387843381E-003   125.34367809998133     
   5.9156408244555349E-003   125.34322197895585     
   5.9692418219956349E-003   125.34275755653216     
   6.0233284925207175E-003   125.34228468165784     
   6.0779052366624724E-003   125.34180320053315     
   6.1329764949262441E-003   125.34131295656107     
   6.1885467480523367E-003   125.34081379029655     
   6.2446205173805631E-003   125.34030553939451     
   6.3012023652181193E-003   125.33978803855756     
   6.3582968952107877E-003   125.33926111948196     
   6.4159087527175000E-003   125.33872461080328     
   6.4740426251882937E-003   125.33817833804062     
   6.5327032425456988E-003   125.33762212354002     
   6.5918953775695706E-003   125.33705578641688     
   6.6516238462854226E-003   125.33647914249731     
   6.7118935083562668E-003   125.33589200425820     
   6.7727092674780068E-003   125.33529418076657     
   6.8340760717784223E-003   125.33468547761746     
   6.8959989142197524E-003   125.33406569687102     
   6.9584828330049421E-003   125.33343463698829     
   7.0215329119875606E-003   125.33279209276571     
   7.0851542810854420E-003   125.33213785526870     
   7.1493521166980621E-003   125.33147171176378     
   7.2141316421277038E-003   125.33079344564975     
   7.2794981280044470E-003   125.33010283638730     
   7.3454568927149872E-003   125.32939965942759     
   7.4120133028353690E-003   125.32868368613941     
   7.4791727735676111E-003   125.32795468373509     
   7.5469407691803065E-003   125.32721241519496     
   7.6153228034532127E-003   125.32645663919072     
   7.6843244401258613E-003   125.32568711000694     
   7.7539512933502428E-003   125.32490357746167     
   7.8242090281475853E-003   125.32410578682516     
   7.8951033608692777E-003   125.32329347873753     
   7.9666400596619634E-003   125.32246638912453     
   8.0388249449368579E-003   125.32162424911215     
   8.1116638898433100E-003   125.32076678493939     
   8.1851628207466453E-003   125.31989371786960     
   8.2593277177103741E-003   125.31900476410030     
   8.3341646149827208E-003   125.31809963467110     
   8.4096796014876025E-003   125.31717803537023     
   8.4858788213200299E-003   125.31623966663925     
   8.5627684742460141E-003   125.31528422347603     
   8.6403548162069903E-003   125.31431139533599     
   8.7186441598288179E-003   125.31332086603160     
   8.7976428749353928E-003   125.31231231363006     
   8.8773573890669217E-003   125.31128541034896     
   8.9577941880028614E-003   125.31023982245038     
   9.0389598162896444E-003   125.30917521013274     
   9.1208608777731404E-003   125.30809122742093     
   9.2035040361359739E-003   125.30698752205441     
   9.2868960154396923E-003   125.30586373537309     
   9.3710436006718585E-003   125.30471950220155     
   9.4559536382980910E-003   125.30355445073067     
   9.5416330368191075E-003   125.30236820239764     
   9.6280887673328274E-003   125.30116037176337     
   9.7153278641015500E-003   125.29993056638799     
   9.8033574251242834E-003   125.29867838670380     
   9.8921846127142561E-003   125.29740342588642     
   9.9818166540816631E-003   125.29610526972291     
   1.0072260841921688E-002   125.29478349647836     
   1.0163524535007852E-002   125.29343767675920     
   1.0255615158790754E-002   125.29206737337478     
   1.0348540206002213E-002   125.29067214119596     
   1.0442307237264902E-002   125.28925152701140     
   1.0536923881707499E-002   125.28780506938129     
   1.0632397837585409E-002   125.28633229848819     
   1.0728736872907122E-002   125.28483273598542     
   1.0825948826066231E-002   125.28330589484271     
   1.0924041606479187E-002   125.28175127918897     
   1.1023023195228829E-002   125.28016838415216     
   1.1122901645713746E-002   125.27855669569659     
   1.1223685084303521E-002   125.27691569045699     
   1.1325381710999919E-002   125.27524483556959     
   1.1427999800104050E-002   125.27354358850050     
   1.1531547700889596E-002   125.27181139687058     
   1.1636033838282128E-002   125.27004769827747     
   1.1741466713544582E-002   125.26825192011428     
   1.1847854904968931E-002   125.26642347938507     
   1.1955207068574159E-002   125.26456178251686     
   1.2063531938810516E-002   125.26266622516867     
   1.2172838329270188E-002   125.26073619203663     
   1.2283135133404389E-002   125.25877105665587     
   1.2394431325246957E-002   125.25677018119896     
   1.2506735960144507E-002   125.25473291627043     
   1.2620058175493188E-002   125.25265860069783     
   1.2734407191482135E-002   125.25054656131893     
   1.2849792311843649E-002   125.24839611276522     
   1.2966222924610157E-002   125.24620655724138     
   1.3083708502878070E-002   125.24397718430106     
   1.3202258605578518E-002   125.24170727061821     
   1.3321882878255099E-002   125.23939607975473     
   1.3442591053848669E-002   125.23704286192387     
   1.3564392953489227E-002   125.23464685374917     
   1.3687298487295002E-002   125.23220727801939     
   1.3811317655178753E-002   125.22972334343886     
   1.3936460547661400E-002   125.22719424437341     
   1.4062737346692999E-002   125.22461916059189     
   1.4190158326481198E-002   125.22199725700278     
   1.4318733854327137E-002   125.21932768338652     
   1.4448474391468994E-002   125.21660957412260     
   1.4579390493933111E-002   125.21384204791212     
   1.4711492813392880E-002   125.21102420749537     
   1.4844792098035379E-002   125.20815513936408     
   1.4979299193435873E-002   125.20523391346899     
   1.5115025043440247E-002   125.20225958292177     
   1.5251980691055407E-002   125.19923118369198     
   1.5390177279347798E-002   125.19614773429852     
   1.5529626052349997E-002   125.19300823549540     
   1.5670338355975581E-002   125.18981166995228     
   1.5812325638942259E-002   125.18655700192903     
   1.5955599453703354E-002   125.18324317694467     
   1.6100171457387760E-002   125.17986912144033     
   1.6246053412748370E-002   125.17643374243633     
   1.6393257189119163E-002   125.17293592718310     
   1.6541794763380878E-002   125.16937454280594     
   1.6691678220935528E-002   125.16574843594347     
   1.6842919756689664E-002   125.16205643237969     
   1.6995531676046605E-002   125.15829733666951     
   1.7149526395907635E-002   125.15446993175766     
   1.7304916445682259E-002   125.15057297859089     
   1.7461714468307649E-002   125.14660521572313     
   1.7619933221277296E-002   125.14256535891417     
   1.7779585577678999E-002   125.13845210072046     
   1.7940684527242234E-002   125.13426411007944     
   1.8103243177395062E-002   125.13000003188625     
   1.8267274754330549E-002   125.12565848656273     
   1.8432792604082919E-002   125.12123806961924     
   1.8599810193613397E-002   125.11673735120861     
   1.8768341111905916E-002   125.11215487567203     
   1.8938399071072774E-002   125.10748916107735     
   1.9109997907470255E-002   125.10273869874887     
   1.9283151582824426E-002   125.09790195278927     
   1.9457874185367065E-002   125.09297735959274     
   1.9634179930981946E-002   125.08796332734988     
   1.9812083164361453E-002   125.08285823554377     
   1.9991598360173727E-002   125.07766043443728     
   2.0172740124240342E-002   125.07236824455140     
   2.0355523194724681E-002   125.06697995613442     
   2.0539962443331079E-002   125.06149382862182     
   2.0726072876514803E-002   125.05590809008694     
   2.0913869636703043E-002   125.05022093668150     
   2.1103368003526909E-002   125.04443053206724     
   2.1294583395064647E-002   125.03853500683678     
   2.1487531369096081E-002   125.03253245792509     
   2.1682227624368434E-002   125.02642094801026     
   2.1878688001873630E-002   125.02019850490402     
   2.2076928486137144E-002   125.01386312093194     
   2.2276965206518545E-002   125.00741275230239     
   2.2478814438523839E-002   125.00084531846484     
   2.2682492605129667E-002   124.99415870145725     
   2.2888016278119535E-002   124.98735074524178     
   2.3095402179432126E-002   124.98041925502925     
   2.3304667182521849E-002   124.97336199659192     
   2.3515828313731703E-002   124.96617669556437     
   2.3728902753678588E-002   124.95886103673246     
   2.3943907838651145E-002   124.95141266330999     
   2.4160861062020332E-002   124.94382917620274     
   2.4379780075662653E-002   124.93610813326030     
   2.4600682691396439E-002   124.92824704851469     
   2.4823586882431008E-002   124.92024339140609     
   2.5048510784829045E-002   124.91209458599548     
   2.5275472698982171E-002   124.90379801016350     
   2.5504491091099937E-002   124.89535099479590     
   2.5735584594712271E-002   124.88675082295509     
   2.5968772012185538E-002   124.87799472903744     
   2.6204072316252384E-002   124.86907989791639     
   2.6441504651555349E-002   124.86000346407110     
   2.6681088336204601E-002   124.85076251070006     
   2.6922842863349641E-002   124.84135406881998     
   2.7166787902765339E-002   124.83177511634923     
   2.7412943302452333E-002   124.82202257717606     
   2.7661329090251902E-002   124.81209332021086     
   2.7911965475475468E-002   124.80198415842270     
   2.8164872850548913E-002   124.79169184785948     
   2.8420071792671718E-002   124.78121308665190     
   2.8677583065491206E-002   124.77054451400051     
   2.8937427620791926E-002   124.75968270914595     
   2.9199626600200326E-002   124.74862419032206     
   2.9464201336904913E-002   124.73736541369141     
   2.9731173357391946E-002   124.72590277226330     
   3.0000564383196926E-002   124.71423259479366     
   3.0272396332671880E-002   124.70235114466678     
   3.0546691322768722E-002   124.69025461875867     
   3.0823471670838726E-002   124.67793914628142     
   3.1102759896448343E-002   124.66540078760880     
   3.1384578723211431E-002   124.65263553308236     
   3.1668951080638115E-002   124.63963930179804     
   3.1955900106000398E-002   124.62640794037286     
   3.2245449146214668E-002   124.61293722169174     
   3.2537621759741245E-002   124.59922284363346     
   3.2832441718501193E-002   124.58526042777621     
   3.3129933009810424E-002   124.57104551808219     
   3.3430119838331405E-002   124.55657357956068     
   3.3733026628042492E-002   124.54183999690984     
   3.4038678024225139E-002   124.52684007313641     
   3.4347098895469073E-002   124.51156902815335     
   3.4658314335695717E-002   124.49602199735502     
   3.4972349666199859E-002   124.48019403016968     
   3.5289230437709859E-002   124.46408008858879     
   3.5608982432466546E-002   124.44767504567297     
   3.5931631666320900E-002   124.43097368403453     
   3.6257204390850797E-002   124.41397069429586     
   3.6585727095496887E-002   124.39666067352337     
   3.6917226509717828E-002   124.37903812363740     
   3.7251729605165124E-002   124.36109744979676     
   3.7589263597877523E-002   124.34283295875819     
   3.7929855950495459E-002   124.32423885721063     
   3.8273534374495453E-002   124.30530925008341     
   3.8620326832444776E-002   124.28603813882825     
   3.8970261540276580E-002   124.26641941967534     
   3.9323366969585619E-002   124.24644688186216     
   3.9679671849944760E-002   124.22611420583559     
   4.0039205171242480E-002   124.20541496142674     
   4.0401996186041608E-002   124.18434260599788     
   4.0768074411959336E-002   124.16289048256178     
   4.1137469634068891E-002   124.14105181787258     
   4.1510211907322889E-002   124.11881972048826     
   4.1886331558998707E-002   124.09618717880423     
   4.2265859191165996E-002   124.07314705905782     
   4.2648825683176510E-002   124.04969210330344     
   4.3035262194176575E-002   124.02581492735794     
   4.3425200165642240E-002   124.00150801871598     
   4.3818671323937457E-002   123.97676373443531     
   4.4215707682895407E-002   123.95157429899126     
   4.4616341546423258E-002   123.92593180210062     
   4.5020605511130456E-002   123.89982819651446     
   4.5428532468980883E-002   123.87325529577942     
   4.5840155609969055E-002   123.84620477196751     
   4.6255508424820506E-002   123.81866815337423     
   4.6674624707716730E-002   123.79063682218418     
   4.7097538559044701E-002   123.76210201210493     
   4.7524284388171419E-002   123.73305480596778     
   4.7954896916243543E-002   123.70348613329610     
   4.8389411179012354E-002   123.67338676784057     
   4.8827862529684386E-002   123.64274732508125     
   4.9270286641797861E-002   123.61155825969624     
   4.9716719512125168E-002   123.57980986299692     
   5.0167197463601640E-002   123.54749226032935     
   5.0621757148280898E-002   123.51459540844169     
   5.1080435550316966E-002   123.48110909281790     
   5.1543269988973378E-002   123.44702292497713     
   5.2010298121659575E-002   123.41232633973868     
   5.2481557946994828E-002   123.37700859245284     
   5.2957087807899872E-002   123.34105875619724     
   5.3436926394716602E-002   123.30446571893857     
   5.3921112748356051E-002   123.26721818065988     
   5.4409686263474789E-002   123.22930465045322     
   5.4902686691680233E-002   123.19071344357744     
   5.5400154144764915E-002   123.15143267848204     
   5.5902129097970099E-002   123.11145027379568     
   5.6408652393278941E-002   123.07075394528084     
   5.6919765242739472E-002   123.02933120275355     
   5.7435509231817783E-002   122.98716934696924     
   5.7955926322781459E-002   122.94425546647408     
   5.8481058858113770E-002   122.90057643442242     
   5.9010949563958776E-002   122.85611890536050     
   5.9545641553597602E-002   122.81086931197633     
   6.0085178330956265E-002   122.76481386181644     
   6.0629603794145288E-002   122.71793853396937     
   6.1178962239031340E-002   122.67022907571653     
   6.1733298362841228E-002   122.62167099915061     
   6.2292657267798666E-002   122.57224957776198     
   6.2857084464793836E-002   122.52194984299368     
   6.3426625877086293E-002   122.47075658076506     
   6.4001327844041417E-002   122.41865432796510     
   6.4581237124900673E-002   122.36562736891558     
   6.5166400902586089E-002   122.31165973180504     
   6.5756866787539170E-002   122.25673518509379     
   6.6352682821594622E-002   122.20083723389112     
   6.6953897481889138E-002   122.14394911630524     
   6.7560559684805635E-002   122.08605379976669     
   6.8172718789953193E-002   122.02713397732640     
   6.8790424604183151E-002   121.96717206392900     
   6.9413727385641430E-002   121.90615019266269     
   7.0042677847857754E-002   121.84405021098655     
   7.0677327163871734E-002   121.78085367693640     
   7.1317726970396539E-002   121.71654185531062     
   7.1963929372020147E-002   121.65109571383707     
   7.2615986945444688E-002   121.58449591932239     
   7.3273952743764276E-002   121.51672283378535     
   7.3937880300781467E-002   121.44775651057552     
   7.4607823635363016E-002   121.37757669047903     
   7.5283837255834873E-002   121.30616279781310     
   7.5965976164417248E-002   121.23349393651087     
   7.6654295861699584E-002   121.15954888619900     
   7.7348852351156377E-002   121.08430609826922     
   7.8049702143703673E-002   121.00774369194659     
   7.8756902262296966E-002   120.92983945035620     
   7.9470510246570744E-002   120.85057081659107     
   8.0190584157520020E-002   120.76991488978295     
   8.0917182582224439E-002   120.68784842117925     
   8.1650364638614900E-002   120.60434781022846     
   8.2390189980283704E-002   120.51938910067656     
   8.3136718801338036E-002   120.43294797667784     
   8.3890011841297532E-002   120.34499975892273     
   8.4650130390036216E-002   120.25551940078608     
   8.5417136292769175E-002   120.16448148449891     
   8.6191091955084537E-002   120.07186021734741     
   8.6972060348020769E-002   119.97762942790264     
   8.7760105013190384E-002   119.88176256228456     
   8.8555290067949682E-002   119.78423268046464     
   8.9357680210615575E-002   119.68501245261088     
   9.0167340725729614E-002   119.58407415547947     
   9.0984337489369710E-002   119.48138966885799     
   9.1808736974509891E-002   119.37693047206403     
   9.2640606256428878E-002   119.27066764050470     
   9.3480013018167385E-002   119.16257184230186     
   9.4327025556035005E-002   119.05261333498788     
   9.5181712785167016E-002   118.94076196227805     
   9.6044144245131427E-002   118.82698715092468     
   9.6914390105587001E-002   118.71125790765896     
   9.7792521171992303E-002   118.59354281622680     
   9.8678608891366759E-002   118.47381003452450     
   9.9572725358103673E-002   118.35202729184137     
  0.10047494331983599        118.22816188621546     
  0.10138533618335538        118.10218068191010     
  0.10230397802058468        117.97405010701794     
  0.10323094357460451        117.84373615120013     
  0.10416630826573482        117.71120436356904     
  0.10511014819767101        117.57641985072181     
  0.10606254016367607        117.43934727493337     
  0.10702356165282864        117.29995085251817     
  0.10799329085632776        117.15819435236851     
  0.10897180667385463        117.01404109467974     
  0.10995918871999218        116.86745394987113     
  0.11095551733070262        116.71839533771306     
  0.11196087356986391        116.56682722666974     
  0.11297533923586522        116.41271113346926     
  0.11399899686826230        116.25600812291063     
  0.11503192975449311        116.09667880791982     
  0.11607422193665431        115.93468334986626     
  0.11712595821833913        115.76998145915124     
  0.11818722417153718        115.60253239608130     
  0.11925810614359691        115.43229497203866     
  0.12033869126425091        115.25922755096185     
  0.12142906745270514        115.08328805115035     
  0.12252932342479218        114.90443394740642     
  0.12363954870018946        114.72262227352887     
  0.12475983360970271        114.53780962517330     
  0.12589026930261560        114.34995216309335     
  0.12703094775410578        114.15900561677913     
  0.12818196177272839        113.96492528850807     
  0.12934340500796701        113.76766605782464     
  0.13051537195785337        113.56718238646576     
  0.13169795797665584        113.36342832374879     
  0.13289125928263781        113.15635751243981     
  0.13409537296588617        112.94592319511980     
  0.13531039699621089        112.73207822106777     
  0.13653643023111600        112.51477505367883     
  0.13777357242384300        112.29396577843721     
  0.13902192423148693        112.06960211146340     
  0.14028158722318620        111.84163540865572     
  0.14155266388838647        111.61001667544693     
  0.14283525764517943        111.37469657719670     
  0.14412947284871716        111.13562545024149     
  0.14543541479970287        110.89275331362342     
  0.14675318975295823        110.64602988152065     
  0.14808290492606868        110.39540457640166     
  0.14942466850810696        110.14082654292653     
  0.15077858966843546        109.88224466261860     
  0.15214477856558870        109.61960756933037     
  0.15352334635623613        109.35286366552774     
  0.15491440520422595        109.08196113941688     
  0.15631806828971120        108.80684798293902     
  0.15773444981835841        108.52747201065780     
  0.15916366503063953        108.24378087956484     
  0.16060583021120828        107.95572210982935     
  0.16206106269836137        107.66324310651753     
  0.16352948089358546        107.36629118230795     
  0.16501120427119059        107.06481358122949     
  0.16650635338803091        106.75875750344822     
  0.16801504989331348        106.44807013112995     
  0.16953741653849605        106.13269865540532     
  0.17107357718727437        105.81259030446397     
  0.17262365682566000        105.48769237280514     
  0.17418778157214967        105.15795225167138     
  0.17576607868798644        104.82331746069175     
  0.17735867658751409        104.48373568076171     
  0.17896570484862523        104.13915478818620     
  0.18058729422330408        103.78952289011161     
  0.18222357664826483        103.43478836127322     
  0.18387468525568623        103.07489988208376     
  0.18554075438404380        102.70980647808754     
  0.18722191958903961        102.33945756080600     
  0.18891831765463191        101.96380296999786     
  0.19063008660416372        101.58279301735821     
  0.19235736571159323        101.19637853167850     
  0.19410029551282512        100.80451090549030     
  0.19585901781714507        100.40714214321304     
  0.19763367571875790        100.00422491082654     
  0.19942441360842975        99.595712587086695     
  0.20123137718523640        99.181559316302369     
  0.20305471346841744        98.761720062689932     
  0.20489457080933846        98.336150666319924     
  0.20675109890356097        97.904807900669923     
  0.20862444880302228        97.467649531794635     
  0.21051477292832529        97.024634379123398     
  0.21242222508113998        96.575722377892859     
  0.21434696045671695        96.120874643220588     
  0.21628913565651470        95.660053535822883     
  0.21824890870094094        95.193222729378078     
  0.22022643904220968        94.720347279533598     
  0.22222188757731459        94.241393694552514     
  0.22423541666112007        93.756330007592169     
  0.22626719011957078        93.265125850604818     
  0.22831737326302098        92.767752529846376     
  0.23038613289968468        92.264183102975835     
  0.23247363734920742        91.754392457725416     
  0.23458005645636140        91.238357392115674     
  0.23670556160486428        90.716056696187422     
  0.23885032573132361        90.187471235217259     
  0.24101452333930723        89.652584034378876     
  0.24319833051354148        89.111380364808184     
  0.24540192493423768        88.563847831024617     
  0.24762548589154898        88.009976459656656     
  0.24986919430015755        87.449758789413110     
  0.25213323271399457        86.883189962237452     
  0.25441778534109299        86.310267815575315     
  0.25672303805857538        85.730992975680209     
  0.25904917842777730        85.145368951875525     
  0.26139639570950779        84.553402231684757     
  0.26376488087944810        83.955102376734843     
  0.26615482664369006        83.350482119330778     
  0.26856642745441500        82.739557459592277     
  0.27099987952571497        82.122347763035691     
  0.27345538084955712        81.498875858477135     
  0.27593313121189317        80.869168136124458     
  0.27843333220891403        80.233254645718034     
  0.28095618726345256        79.591169194571748     
  0.28350190164153438        78.942949445357371     
  0.28607068246907902        78.288637013466783     
  0.28866273874875209        77.628277563777999     
  0.29127828137697015        76.961920906641353     
  0.29391752316106018        76.289621092894421     
  0.29658067883657374        75.611436507703701     
  0.29926796508475867        74.927429963023016     
  0.30197960055018863        74.237668788448858     
  0.30471580585855285        73.542224920243356     
  0.30747680363460661        72.841174988287065     
  0.31026281852028442        72.134600400713609     
  0.31307407719297797        71.422587425969340     
  0.31591080838397861        70.705227272032431     
  0.31877324289708814        69.982616162516138     
  0.32166161362739687        69.254855409372780     
  0.32457615558023323        68.522051481905649     
  0.32751710589028399        67.784316071788808     
  0.33048470384088841        67.041766153785119     
  0.33347919088350680        66.294524041846742     
  0.33650081065736565        65.542717440273961     
  0.33954980900928089        64.786479489601803     
  0.34262643401366044        64.025948806877366     
  0.34573093599268817        63.261269519985703     
  0.34886356753669112        62.492591295675545     
  0.35202458352469035        61.720069360933877     
  0.35521424114513905        60.943864517352793     
  0.35843279991684773        60.164143148130705     
  0.36168052171009957        59.381077217347276     
  0.36495767076795665        58.594844261151543     
  0.36826451372775970        57.805627370501732     
  0.37160131964282211        57.013615165098294     
  0.37496836000432116        56.219001758152629     
  0.37836590876338688        55.421986711639619     
  0.38179424235339166        54.622774981685900     
  0.38525363971244142        53.821576853754117     
  0.38874438230607117        53.018607867290626     
  0.39226675415014500        52.214088729515048     
  0.39582104183396499        51.408245218041323     
  0.39940753454358874        50.601308072033618     
  0.40302652408535816        49.793512871616031     
  0.40667830490964152        48.985099905272492     
  0.41036317413479101        48.176314024991925     
  0.41408143157131672        47.367404488936330     
  0.41783337974628021        46.558624791432116     
  0.42161932392790891        45.750232480111109     
  0.42543957215043327        44.942488960055755     
  0.42929443523914962        44.135659284833004     
  0.43318422683570929        43.330011934334095     
  0.43710926342363771        42.525818579372086     
  0.44106986435408424        41.723353833026501     
  0.44506635187180504        40.922894988763225     
  0.44909905114138210        40.124721745400272     
  0.45316829027367955        39.329115919033121     
  0.45727440035253930        38.536361142080594     
  0.46141771546171911        37.746742549659352     
  0.46559857271207444        36.960546453546456     
  0.46981731226898649        36.178060004041043     
  0.47407427738003927        35.399570840090753     
  0.47836981440294690        34.625366728104432     
  0.48270427283373424        33.855735189929618     
  0.48707800533517259        33.090963120532798     
  0.49149136776547381        32.331336395979619     
  0.49594471920724303        31.577139472374192     
  0.50043842199669530        30.828654976476763     
  0.50497284175313573        30.086163288782924     
  0.50954834740870747        29.349942119908036     
  0.51416531123840903        28.620266081183697     
  0.51882410889038300        27.897406250434326     
  0.52352511941648072        27.181629733962094     
  0.52826872530310187        26.473199225828886     
  0.53305531250231541        25.772372565580607     
  0.53788527046326107        25.079402295615861     
  0.54275899216383627        24.394535219453406     
  0.54767687414266975        23.718011962203729     
  0.55263931653138476        23.050066534596336     
  0.55764672308715524        22.390925901957733     
  0.56269950122555601        21.740809559573353     
  0.56779806205371164        21.099929115900341     
  0.57294282040374478        20.468487885126624     
  0.57813419486652862        19.846680490593851     
  0.58337260782574352        19.234692480618286     
  0.58865848549224431        18.632699958252349     
  0.59399225793873722        18.040869226532521     
  0.59937435913477188        17.459356450752580     
  0.60480522698205019        16.888307339288271     
  0.61028530335005526        16.327856844476536     
  0.61581503411200311        15.778128885021914     
  0.62139486918111964        15.239236091362036     
  0.62702526254724733        14.711279575374849     
  0.63270667231378253        14.194348725750952     
  0.63843956073494823        13.688521030285495     
  0.64422439425340428        13.193861926265665     
  0.65006164353819795        12.710424680041314     
  0.65595178352305961        12.238250296768086     
  0.66189529344504339        11.777367461205348     
  0.66789265688352051        11.327792510333666     
  0.67394436179952344        10.889529438431783     
  0.68005090057544815        10.462569935117999     
  0.68621277005511572        10.046893456719307     
  0.69243047158419646        9.6424673311820150     
  0.69870451105100129        9.2492468965814325     
  0.70503539892764122        8.8671756731267131     
  0.71142365031156185        8.4961855683898477     
  0.71786978496745157        8.1361971153179748     
  0.72437432736953267        7.7871197424142284     
  0.73093780674423270        7.4488520752984506     
  0.73756075711324365        7.1212822686833430     
  0.74424371733697237        6.8042883676281303     
  0.75098723115838262        6.4977386967603152     
  0.75779184724723592        6.2014922759882261     
  0.76465811924473259        5.9153992610650752     
  0.77158660580855765        5.6393014072096967     
  0.77857787065833428        5.3730325538421999     
  0.78563248262148966        5.1164191283554672     
  0.79275101567953643        4.8692806667175761     
  0.79993404901477316        4.6314303485871875     
  0.80718216705740808        4.4026755445246133     
  0.81449595953310983        4.1828183727978212     
  0.82187602151098937        3.9716562632152277     
  0.82932295345201590        3.7689825253676816     
  0.83683736125787223        3.5745869186307568     
  0.84441985632025229        3.3882562212667025     
  0.85207105557060570        3.2097747959732814     
  0.85979158153033286        3.0389251492548368     
  0.86758206236143520        2.8754884820395583     
  0.87544313191762324        2.7192452290357858     
  0.88337542979588968        2.5699755844091774     
  0.89137960138854766        2.4274600114714295     
  0.89945629793574233        2.2914797341986546     
  0.90760617657843679        2.1618172085433192     
  0.91582990041187939        2.0382565716659204     
  0.92412813853955456        1.9205840673905503     
  0.93250156612762236        1.8085884463800332     
  0.94095086445985288        1.7020613397299886     
  0.94947672099305624        1.6007976048948096     
  0.95807982941301617        1.5045956430799763     
  0.96676088969093010        1.4132576874621430     
  0.97552060814036101        1.3265900618286572     
  0.98435969747470409        1.2444034094590120     
  0.99327887686517558        1.1665128922997798     
   1.0022788719993265        1.0927383607093244     
   1.0113604151400861        1.0229044942664633     
   1.0205242451853405       0.95684091434587615     
   1.0297711077280518       0.89438226936013698     
   1.0391017551169217       0.83536829375155475     
   1.0485169465176039       0.77964384198456638     
   1.0580174479744713       0.72705889893942621     
   1.0676040324729448       0.67746856823882906     
   1.0772774800023850       0.63073304014965892     
   1.0870385776195528       0.58671754079113114     
   1.0968881195126481       0.54529226444766055     
   1.1068269070659265       0.50633229082940834     
   1.1168557489249009       0.46971748914558220     
   1.1269754610621370       0.43533241085548363     
   1.1371868668436409       0.40306617294072056     
   1.1474907970958517       0.37281233349970810     
   1.1578880901732393       0.34446876140396637     
   1.1683795920265148       0.31793750167619550     
   1.1789661562714597       0.29312463815444373     
   1.1896486442583780       0.26994015489692763     
   1.2004279251421774       0.24829779766025181     
   1.2113048759530876       0.22811493665231108     
   1.2222803816680157       0.20931243162238000     
   1.2333553352825517       0.19181450020720434     
   1.2445306378836245       0.17554859030584199     
   1.2558071987228163       0.16044525710985391     
   1.2671859352903425       0.14643804527159715     
   1.2786677733897001       0.13346337655399565     
   1.2902536472129940       0.12146044317225270     
   1.3019444994169451       0.11037110691338820     
   1.3137412811995881       0.10013980400478087     
   1.3256449523776617        9.0713455599446824E-002
   1.3376564814647041        8.2041383654617092E-002
   1.3497768457498511        7.4075231902130112E-002
   1.3620070313773536        6.6768891544656109E-002
   1.3743480334268108        6.0078431261108928E-002
   1.3868008559941332        5.3962031067646098E-002
   1.3993665122732384        4.8379919557125284E-002
   1.4120460246384876        4.3294314029183857E-002
   1.4248404247278681        3.8669363024445860E-002
   1.4377507535269300        3.4471090788757458E-002
   1.4507780614534840        3.0667343215657505E-002
   1.4639234084430652        2.7227734846236376E-002
   1.4771878640351734        2.4123596543749126E-002
   1.4905725074602927        2.1327923504417166E-002
   1.5040784277277011        1.8815323314317949E-002
   1.5177067237140740        1.6561963813701466E-002
   1.5314585042528934        1.4545520583081957E-002
   1.5453348882246636        1.2745123918721761E-002
   1.5593370046479484        1.1141305217410479E-002
   1.5734659927712284        9.7159427406507404E-003
   1.5877230021655953        8.4522067754963306E-003
   1.6021091928182831        7.3345042525315100E-003
   1.6166257352270474        6.3484229201403600E-003
   1.6312738104954005        5.4806752077760715E-003
   1.6460546104287102        4.7190419390351719E-003
   1.6609693376311654        4.0523160777587407E-003
   1.6760192056036252        3.4702467070542829E-003
   1.6912054388423532        2.9634834521303291E-003
   1.7065292729386425        2.5235215633493233E-003
   1.7219919546793505        2.1426478762344224E-003
   1.7375947421483375        1.8138878607046520E-003
   1.7533389048288290        1.5309539630249717E-003
   1.7692257237067048        1.2881954313691110E-003
   1.7852564913747224        1.0805498000672625E-003
   1.8014325121376855        9.0349618913591456E-004
   1.8177551021185667        7.5301055516030567E-004
   1.8342255893655897        6.2552300761053396E-004
   1.8508453139602830        5.1787728179068164E-004
   1.8676156281265126        4.2729243638597826E-004
   1.8845378963405022        3.5132682048473457E-004
   1.9016134954418507        2.8784433246038002E-004
   1.9188438147455558        2.3498297160078727E-004
   1.9362302561550511        1.9112566320570910E-004
   1.9537742342762694        1.5487331931658869E-004
   1.9714771765327399        1.2502008051334384E-004
   1.9893405232817243        1.0053066946707297E-004
