   1.3822751979752665E-006  -9404670.6021777559     
   1.3947998477444208E-006  -9320220.0417795982     
   1.4074379820440571E-006  -9236527.8078850675     
   1.4201906291455367E-006  -9153587.0910771079     
   1.4330588266372786E-006  -9071391.1430840436     
   1.4460436215091809E-006  -8989933.2762305196     
   1.4591460702378062E-006  -8909206.8628933821     
   1.4723672388723408E-006  -8829205.3349624202     
   1.4857082031213301E-006  -8749922.1833059825     
   1.4991700484402000E-006  -8671350.9572413787     
   1.5127538701195753E-006  -8593485.2640100215     
   1.5264607733743922E-006  -8516318.7682573069     
   1.5402918734338238E-006  -8439845.1915171500     
   1.5542482956320160E-006  -8364058.3117011562     
   1.5683311754996499E-006  -8288951.9625923634     
   1.5825416588563296E-006  -8214520.0333435601     
   1.5968809019038098E-006  -8140756.4679800775     
   1.6113500713200681E-006  -8067655.2649070658     
   1.6259503443542271E-006  -7995210.4764211895     
   1.6406829089223402E-006  -7923416.2082267040     
   1.6555489637040427E-006  -7852266.6189558804     
   1.6705497182400797E-006  -7781755.9196937401     
   1.6856863930307173E-006  -7711878.3735070499     
   1.7009602196350457E-006  -7642628.2949775523     
   1.7163724407711826E-006  -7574000.0497393832     
   1.7319243104173829E-006  -7505988.0540206479     
   1.7476170939140666E-006  -7438586.7741891099     
   1.7634520680667692E-006  -7371790.7263019616     
   1.7794305212500273E-006  -7305594.4756596321     
   1.7955537535122026E-006  -7239992.6363636088     
   1.8118230766812585E-006  -7174979.8708782271     
   1.8282398144714926E-006  -7110550.8895963971     
   1.8448053025912382E-006  -7046700.4504092224     
   1.8615208888515413E-006  -6983423.3582794908     
   1.8783879332758217E-006  -6920714.4648189927     
   1.8954078082105273E-006  -6858568.6678696349     
   1.9125818984367932E-006  -6796980.9110883148     
   1.9299116012831093E-006  -6735946.1835355274     
   1.9473983267390128E-006  -6675459.5192676540     
   1.9650434975698066E-006  -6615515.9969329294     
   1.9828485494323194E-006  -6556110.7393710241     
   2.0008149309917165E-006  -6497238.9132162202     
   2.0189441040393643E-006  -6438895.7285041669     
   2.0372375436117671E-006  -6381076.4382821489     
   2.0556967381105788E-006  -6323776.3382228650     
   2.0743231894237040E-006  -6266990.7662416715     
   2.0931184130474958E-006  -6210715.1021172618     
   2.1120839382100596E-006  -6154944.7671157531     
   2.1312213079956740E-006  -6099675.2236181535     
   2.1505320794703438E-006  -6044901.9747511605     
   2.1700178238084827E-006  -5990620.5640212940     
   2.1896801264207510E-006  -5936826.5749522969     
   2.2095205870830478E-006  -5883515.6307258001     
   2.2295408200666723E-006  -5830683.3938252181     
   2.2497424542696664E-006  -5778325.5656828331     
   2.2701271333493445E-006  -5726437.8863300513     
   2.2906965158560273E-006  -5675016.1340508061     
   2.3114522753679846E-006  -5624056.1250380622     
   2.3323961006276029E-006  -5573553.7130534155     
   2.3535296956787845E-006  -5523504.7890897393     
   2.3748547800055940E-006  -5473905.2810368724     
   2.3963730886721607E-006  -5424751.1533502908     
   2.4180863724638457E-006  -5376038.4067227757     
   2.4399963980296921E-006  -5327763.0777590135     
   2.4621049480261643E-006  -5279921.2386531234     
   2.4844138212621871E-006  -5232508.9968690900     
   2.5069248328455049E-006  -5185522.4948240407     
   2.5296398143303616E-006  -5138957.9095743969     
   2.5525606138665207E-006  -5092811.4525048211     
   2.5756890963496353E-006  -5047079.3690199712     
   2.5990271435729817E-006  -5001757.9382390119     
   2.6225766543805676E-006  -4956843.4726928743     
   2.6463395448216243E-006  -4912332.3180242404     
   2.6703177483065036E-006  -4868220.8526902068     
   2.6945132157639856E-006  -4824505.4876676295     
   2.7189279158000091E-006  -4781182.6661611162     
   2.7435638348578430E-006  -4738248.8633136312     
   2.7684229773797120E-006  -4695700.5859197006     
   2.7935073659698772E-006  -4653534.3721412085     
   2.8188190415592056E-006  -4611746.7912257183     
   2.8443600635712224E-006  -4570334.4432273479     
   2.8701325100896731E-006  -4529293.9587301351     
   2.8961384780275994E-006  -4488621.9985739011     
   2.9223800832979528E-006  -4448315.2535825549     
   2.9488594609857475E-006  -4408370.4442948624     
   2.9755787655217773E-006  -4368784.3206976196     
   3.0025401708579087E-006  -4329553.6619612118     
   3.0297458706439531E-006  -4290675.2761775749     
   3.0571980784061550E-006  -4252146.0001004785     
   3.0848990277272852E-006  -4213962.6988881659     
   3.1128509724283716E-006  -4176122.2658482925     
   3.1410561867520776E-006  -4138621.6221851567     
   3.1695169655477397E-006  -4101457.7167491992     
   3.1982356244580815E-006  -4064627.5257887575     
   3.2272145001076222E-006  -4028128.0527040418     
   3.2564559502927873E-006  -3991956.3278033300     
   3.2859623541737489E-006  -3956109.4080613363     
   3.3157361124679980E-006  -3920584.3768797675     
   3.3457796476456731E-006  -3885378.3438500175     
   3.3760954041266594E-006  -3850488.4445179962     
   3.4066858484794730E-006  -3815911.8401510702     
   3.4375534696219467E-006  -3781645.7175070983     
   3.4687007790237363E-006  -3747687.2886055331     
   3.5001303109106568E-006  -3714033.7905005920     
   3.5318446224708797E-006  -3680682.4850564497     
   3.5638462940629855E-006  -3647630.6587244584     
   3.5961379294259132E-006  -3614875.6223223694     
   3.6287221558908056E-006  -3582414.7108155303     
   3.6616016245947757E-006  -3550245.2831000518     
   3.6947790106966097E-006  -3518364.7217879230     
   3.7282570135944263E-006  -3486770.4329940523     
   3.7620383571453054E-006  -3455459.8461252195     
   3.7961257898869085E-006  -3424430.4136709310     
   3.8305220852611085E-006  -3393679.6109961430     
   3.8652300418396374E-006  -3363204.9361358560     
   3.9002524835517982E-006  -3333003.9095915407     
   3.9355922599142137E-006  -3303074.0741294068     
   3.9712522462626778E-006  -3273412.9945804738     
   4.0072353439860992E-006  -3244018.2576424358     
   4.0435444807625659E-006  -3214887.4716833150     
   4.0801826107975465E-006  -3186018.2665468678     
   4.1171527150642558E-006  -3157408.2933597448     
   4.1544578015461909E-006  -3129055.2243403797     
   4.1921009054818705E-006  -3100956.7526095952     
   4.2300850896117898E-006  -3073110.5920029092     
   4.2684134444276133E-006  -3045514.4768845257     
   4.3070890884236215E-006  -3018166.1619630000     
   4.3461151683504469E-006  -2991063.4221085501     
   4.3854948594710933E-006  -2964204.0521720219     
   4.4252313658192907E-006  -2937585.8668054650     
   4.4653279204601802E-006  -2911206.7002843330     
   4.5057877857533648E-006  -2885064.4063312709     
   4.5466142536183423E-006  -2859156.8579414915     
   4.5878106458023476E-006  -2833481.9472097130     
   4.6293803141506173E-006  -2808037.5851586577     
   4.6713266408791030E-006  -2782821.7015690841     
   4.7136530388496575E-006  -2757832.2448113547     
   4.7563629518477181E-006  -2733067.1816785000     
   4.7994598548624953E-006  -2708524.4972208021     
   4.8429472543697116E-006  -2684202.1945818467     
   4.8868286886168969E-006  -2660098.2948360555     
   4.9311077279112676E-006  -2636210.8368276753     
   4.9757879749102179E-006  -2612537.8770112144     
   5.0208730649144392E-006  -2589077.4892933099     
   5.0663666661637013E-006  -2565827.7648760146     
   5.1122724801353070E-006  -2542786.8121014941     
   5.1585942418452531E-006  -2519952.7562981164     
   5.2053357201521228E-006  -2497323.7396279229     
   5.2525007180637320E-006  -2474897.9209354692     
   5.3000930730465462E-006  -2452673.4755980270     
   5.3481166573379097E-006  -2430648.5953771253     
   5.3965753782611034E-006  -2408821.4882714278     
   5.4454731785432502E-006  -2387190.3783709309     
   5.4948140366361082E-006  -2365753.5057124724     
   5.5446019670397693E-006  -2344509.1261365358     
   5.5948410206292831E-006  -2323455.5111453398     
   5.6455352849842541E-006  -2302590.9477622053     
   5.6966888847214120E-006  -2281913.7383921808     
   5.7483059818302076E-006  -2261422.2006839225     
   5.8003907760114341E-006  -2241114.6673928164     
   5.8529475050189339E-006  -2220989.4862453230     
   5.9059804450043885E-006  -2201045.0198045457     
   5.9594939108652420E-006  -2181279.6453370051     
   6.0134922565957623E-006  -2161691.7546806103     
   6.0679798756413074E-006  -2142279.7541138106     
   6.1229612012557750E-006  -2123042.0642259312     
   6.1784407068623126E-006  -2103977.1197886649     
   6.2344229064172805E-006  -2085083.3696287214     
   6.2909123547775236E-006  -2066359.2765016214     
   6.3479136480709604E-006  -2047803.3169666219     
   6.4054314240705436E-006  -2029413.9812627637     
   6.4634703625715955E-006  -2011189.7731860348     
   6.5220351857725724E-006  -1993129.2099676342     
   6.5811306586592691E-006  -1975230.8221533322     
   6.6407615893925162E-006  -1957493.1534839091     
   6.7009328296993833E-006  -1939914.7607766716     
   6.7616492752679249E-006  -1922494.2138080315     
   6.8229158661455110E-006  -1905230.0951971391     
   6.8847375871407578E-006  -1888121.0002905612     
   6.9471194682291062E-006  -1871165.5370479953     
   7.0100665849620794E-006  -1854362.3259290075     
   7.0735840588802289E-006  -1837709.9997807944     
   7.1376770579298511E-006  -1821207.2037269424     
   7.2023507968834567E-006  -1804852.5950571948     
   7.2676105377640611E-006  -1788644.8431182043     
   7.3334615902733138E-006  -1772582.6292052676     
   7.3999093122235133E-006  -1756664.6464550328     
   7.4669591099735259E-006  -1740889.5997391692     
   7.5346164388686691E-006  -1725256.2055589925     
   7.6028868036845680E-006  -1709763.1919410350     
   7.6717757590750385E-006  -1694409.2983335562     
   7.7412889100240283E-006  -1679193.2755039795     
   7.8114319123016564E-006  -1664113.8854372525     
   7.8822104729243725E-006  -1649169.9012351192     
   7.9536303506193070E-006  -1634360.1070162940     
   8.0256973562928051E-006  -1619683.2978175378     
   8.0984173535032240E-006  -1605138.2794956162     
   8.1717962589380035E-006  -1590723.8686301422     
   8.2458400428950607E-006  -1576438.8924272915     
   8.3205547297685613E-006  -1562282.1886243767     
   8.3959463985390606E-006  -1548252.6053952880     
   8.4720211832681230E-006  -1534349.0012567732     
   8.5487852735973959E-006  -1520570.2449755662     
   8.6262449152522143E-006  -1506915.2154763455     
   8.7044064105497754E-006  -1493382.8017505216     
   8.7832761189119066E-006  -1479971.9027658426     
   8.8628604573824823E-006  -1466681.4273768100     
   8.9431659011495386E-006  -1453510.2942359019     
   9.0241989840721059E-006  -1440457.4317055903     
   9.1059662992118230E-006  -1427521.7777711509     
   9.1884744993693641E-006  -1414702.2799542551     
   9.2717302976257276E-006  -1401997.8952273359     
   9.3557404678884304E-006  -1389407.5899287267     
   9.4405118454426553E-006  -1376930.3396785581     
   9.5260513275073807E-006  -1364565.1292954127     
   9.6123658737965547E-006  -1352310.9527137277     
   9.6994625070853662E-006  -1340166.8129019367     
   9.7873483137816222E-006  -1328131.7217813514     
   9.8760304445023285E-006  -1316204.7001457675     
   9.9655161146554793E-006  -1304384.7775817928     
   1.0055812605027112E-005  -1292670.9923898946     
   1.0146927262373702E-005  -1281062.3915061520     
   1.0238867500019914E-005  -1269558.0304247101     
   1.0331640798461763E-005  -1258156.9731209367     
   1.0425254705975242E-005  -1246858.2919752616     
   1.0519716839230490E-005  -1235661.0676977038     
   1.0615034883911482E-005  -1224564.3892530769     
   1.0711216595341366E-005  -1213567.3537868629     
   1.0808269799113457E-005  -1202669.0665517568     
   1.0906202391727943E-005  -1191868.6408348635     
   1.1005022341234371E-005  -1181165.1978855550     
   1.1104737687879937E-005  -1170557.8668439742     
   1.1205356544763683E-005  -1160045.7846701760     
   1.1306887098496567E-005  -1149628.0960739113     
   1.1409337609867580E-005  -1139303.9534450362     
   1.1512716414515845E-005  -1129072.5167845499     
   1.1617031923608834E-005  -1118932.9536362488     
   1.1722292624526717E-005  -1108884.4390189971     
   1.1828507081552923E-005  -1098926.1553596028     
   1.1935683936570947E-005  -1089057.2924262986     
   1.2043831909767485E-005  -1079277.0472628195     
   1.2152959800341919E-005  -1069584.6241230718     
   1.2263076487222249E-005  -1059979.2344063893     
   1.2374190929787507E-005  -1050460.0965933707     
   1.2486312168596716E-005  -1041026.4361822922     
   1.2599449326124445E-005  -1031677.4856260945     
   1.2713611607503044E-005  -1022412.4842699309     
   1.2828808301271600E-005  -1013230.6782892789     
   1.2945048780131668E-005  -1004131.3206286079     
   1.3062342501709870E-005  -995113.67094059556     
   1.3180699009327377E-005  -986176.99552589294     
   1.3300127932776392E-005  -977320.56727342703     
   1.3420638989103646E-005  -968543.66560124268     
   1.3542241983401013E-005  -959845.57639787218     
   1.3664946809603259E-005  -951225.59196423588     
   1.3788763451293057E-005  -942683.01095605991     
   1.3913701982513268E-005  -934217.13832681382     
   1.4039772568586593E-005  -925827.28527115961     
   1.4166985466942646E-005  -917512.76916890906     
   1.4295351027952534E-005  -909272.91352948349     
   1.4424879695770983E-005  -901107.04793687304     
   1.4555582009186105E-005  -893014.50799508963     
   1.4687468602476855E-005  -884994.63527411071     
   1.4820550206278272E-005  -877046.77725630626     
   1.4954837648454542E-005  -869170.28728335025     
   1.5090341854979996E-005  -861364.52450360486     
   1.5227073850828053E-005  -853628.85381998052     
   1.5365044760868266E-005  -845962.64583826170     
   1.5504265810771454E-005  -838365.27681589872     
   1.5644748327923043E-005  -830836.12861125846     
   1.5786503742344724E-005  -823374.58863332949     
   1.5929543587624392E-005  -815980.04979188135     
   1.6073879501854578E-005  -808651.91044806968     
   1.6219523228579328E-005  -801389.57436548523     
   1.6366486617749716E-005  -794192.45066164294     
   1.6514781626687963E-005  -787059.95375990542     
   1.6664420321060331E-005  -779991.50334183977     
   1.6815414875858807E-005  -772986.52430000063     
   1.6967777576391701E-005  -766044.44669113879     
   1.7121520819283203E-005  -759164.70568982803     
   1.7276657113482007E-005  -752346.74154251069     
   1.7433199081279071E-005  -745589.99952195364     
   1.7591159459334603E-005  -738893.92988211487     
   1.7750551099714343E-005  -732257.98781341442     
   1.7911386970935241E-005  -725681.63339840760     
   1.8073680159020618E-005  -719164.33156785485     
   1.8237443868564864E-005  -712705.55205718928     
   1.8402691423807817E-005  -706304.76936337003     
   1.8569436269718835E-005  -699961.46270212880     
   1.8737691973090729E-005  -693675.11596559593     
   1.8907472223643591E-005  -687445.21768030862     
   1.9078790835138623E-005  -681271.26096559630     
   1.9251661746502057E-005  -675152.74349234020     
   1.9426099022959269E-005  -669089.16744210105     
   1.9602116857179152E-005  -663080.03946661681     
   1.9779729570428886E-005  -657124.87064766162     
   1.9958951613739127E-005  -651223.17645726679     
   2.0139797569079812E-005  -645374.47671829711     
   2.0322282150546562E-005  -639578.29556538409     
   2.0506420205557863E-005  -633834.16140620760     
   2.0692226716063096E-005  -628141.60688312526     
   2.0879716799761505E-005  -622500.16883514787     
   2.1068905711332219E-005  -616909.38826025522     
   2.1259808843675395E-005  -611368.81027805002     
   2.1452441729164644E-005  -605877.98409274814     
   2.1646820040910769E-005  -600436.46295650094     
   2.1842959594036978E-005  -595043.80413304619     
   2.2040876346965643E-005  -589699.56886168581     
   2.2240586402716723E-005  -584403.32232158759     
   2.2442106010217934E-005  -579154.63359640702     
   2.2645451565626814E-005  -573953.07563922636     
   2.2850639613664767E-005  -568798.22523780947     
   2.3057686848963149E-005  -563689.66298016813     
   2.3266610117421632E-005  -558626.97322043718     
   2.3477426417578801E-005  -553609.74404505687     
   2.3690152901995198E-005  -548637.56723925867     
   2.3904806878648918E-005  -543710.03825385112     
   2.4121405812343807E-005  -538826.75617230579     
   2.4339967326130477E-005  -533987.32367813610     
   2.4560509202740122E-005  -529191.34702257265     
   2.4783049386031404E-005  -524438.43599252449     
   2.5007605982450376E-005  -519728.20387883298     
   2.5234197262503708E-005  -515060.26744480542     
   2.5462841662245197E-005  -510434.24689503585     
   2.5693557784775775E-005  -505849.76584450324     
   2.5926364401757117E-005  -501306.45128794777     
   2.6161280454938938E-005  -496803.93356952246     
   2.6398325057700148E-005  -492341.84635271656     
   2.6637517496603979E-005  -487919.82659054972     
   2.6878877232967157E-005  -483537.51449603389     
   2.7122423904443373E-005  -479194.55351289938     
   2.7368177326621001E-005  -474890.59028658515     
   2.7616157494635390E-005  -470625.27463548852     
   2.7866384584795695E-005  -466398.25952247367     
   2.8118878956226468E-005  -462209.20102663641     
   2.8373661152524165E-005  -458057.75831532036     
   2.8630751903428580E-005  -453943.59361638763     
   2.8890172126509511E-005  -449866.37219073554     
   2.9151942928868638E-005  -445825.76230506209     
   2.9416085608856868E-005  -441821.43520487519     
   2.9682621657807210E-005  -437853.06508774392     
   2.9951572761783387E-005  -433920.32907679089     
   3.0222960803344257E-005  -430022.90719442168     
   3.0496807863324222E-005  -426160.48233629146     
   3.0773136222629814E-005  -422332.74024550332     
   3.1051968364052497E-005  -418539.36948704050     
   3.1333326974097937E-005  -414780.06142242695     
   3.1617234944831838E-005  -411054.51018461573     
   3.1903715375742499E-005  -407362.41265310260     
   3.2192791575620243E-005  -403703.46842926368     
   3.2484487064453883E-005  -400077.37981191411     
   3.2778825575344372E-005  -396483.85177308647     
   3.3075831056435790E-005  -392922.59193402604     
   3.3375527672863810E-005  -389393.31054140284     
   3.3677939808721876E-005  -385895.72044373595     
   3.3983092069045099E-005  -382429.53706803051     
   3.4291009281812251E-005  -378994.47839662374     
   3.4601716499965773E-005  -375590.26494423958     
   3.4915239003450196E-005  -372216.61973524891     
   3.5231602301268947E-005  -368873.26828113419     
   3.5550832133559843E-005  -365559.93855815637     
   3.5872954473689387E-005  -362276.36098522187     
   3.6197995530366001E-005  -359022.26840194943     
   3.6525981749772474E-005  -355797.39604693302     
   3.6856939817717634E-005  -352601.48153619998     
   3.7190896661807630E-005  -349434.26484186295     
   3.7527879453636816E-005  -346295.48827096313     
   3.7867915610998466E-005  -343184.89644450432     
   3.8211032800115621E-005  -340102.23627667368     
   3.8557258937892033E-005  -337047.25695425068     
   3.8906622194183582E-005  -334019.70991620020     
   3.9259150994090222E-005  -331019.34883344884     
   3.9614874020268775E-005  -328045.92958884273     
   3.9973820215266547E-005  -325099.21025728638     
   4.0336018783876257E-005  -322178.95108605770     
   4.0701499195512139E-005  -319284.91447530233     
   4.1070291186607681E-005  -316416.86495870113     
   4.1442424763035089E-005  -313574.56918431236     
   4.1817930202546571E-005  -310757.79589558567     
   4.2196838057237885E-005  -307966.31591254595     
   4.2579179156034097E-005  -305199.90211314720     
   4.2964984607197902E-005  -302458.32941479317     
   4.3354285800860698E-005  -299741.37475602370     
   4.3747114411576533E-005  -297048.81707836647     
   4.4143502400899272E-005  -294380.43730835046     
   4.4543482019983027E-005  -291736.01833968196     
   4.4947085812206226E-005  -289115.34501558047     
   4.5354346615819427E-005  -286518.20411127212     
   4.5765297566617071E-005  -283944.38431664219     
   4.6179972100633604E-005  -281393.67621904140     
   4.6598403956863778E-005  -278865.87228624878     
   4.7020627180007893E-005  -276360.76684958464     
   4.7446676123241629E-005  -273878.15608717856     
   4.7876585451011184E-005  -271417.83800738474     
   4.8310390141853662E-005  -268979.61243234773     
   4.8748125491242989E-005  -266563.28098171583     
   4.9189827114461665E-005  -264168.64705649973     
   4.9635530949498487E-005  -261795.51582307724     
   5.0085273259972605E-005  -259443.69419734084     
   5.0539090638083998E-005  -257112.99082898782     
   5.0997020007590670E-005  -254803.21608595183     
   5.1459098626812944E-005  -252514.18203897352     
   5.1925364091664839E-005  -250245.70244631040     
   5.2395854338712990E-005  -247997.59273858365     
   5.2870607648263230E-005  -245769.67000376119     
   5.3349662647475269E-005  -243561.75297227508     
   5.3833058313505369E-005  -241373.66200227357     
   5.4320833976677737E-005  -239205.21906500446     
   5.4813029323684470E-005  -237056.24773033062     
   5.5309684400814628E-005  -234926.57315237471     
   5.5810839617212456E-005  -232816.02205529361     
   5.6316535748165179E-005  -230724.42271918029     
   5.6826813938420631E-005  -228651.60496609195     
   5.7341715705534834E-005  -226597.40014620422     
   5.7861282943250020E-005  -224561.64112408910     
   5.8385557924903201E-005  -222544.16226511649     
   5.8914583306865631E-005  -220544.79942197783     
   5.9448402132013450E-005  -218563.38992133053     
   5.9987057833229769E-005  -216599.77255056240     
   6.0530594236938456E-005  -214653.78754467505     
   6.1079055566669988E-005  -212725.27657328523     
   6.1632486446659574E-005  -210814.08272774209     
   6.2190931905477942E-005  -208920.05050836119     
   6.2754437379694910E-005  -207043.02581177253     
   6.3323048717576295E-005  -205182.85591838212     
   6.3896812182814220E-005  -203339.38947994643     
   6.4475774458291207E-005  -201512.47650725843     
   6.5059982649878475E-005  -199701.96835794396     
   6.5649484290268554E-005  -197907.71772436766     
   6.6244327342842744E-005  -196129.57862164790     
   6.6844560205573403E-005  -194367.40637577898     
   6.7450231714961888E-005  -192621.05761185993     
   6.8061391150011873E-005  -190890.39024242948     
   6.8678088236238949E-005  -189175.26345590502     
   6.9300373149716303E-005  -187475.53770512622     
   6.9928296521157290E-005  -185791.07469600087     
   7.0561909440034759E-005  -184121.73737625292     
   7.1201263458737924E-005  -182467.38992427173     
   7.1846410596766727E-005  -180827.89773806112     
   7.2497403344964356E-005  -179203.12742428770     
   7.3154294669787958E-005  -177592.94678742794     
   7.3817138017618156E-005  -175997.22481901213     
   7.4485987319107617E-005  -174415.83168696545     
   7.5160896993568959E-005  -172848.63872504412     
   7.5841921953402424E-005  -171295.51842236717     
   7.6529117608563756E-005  -169756.34441304160     
   7.7222539871072448E-005  -168230.99146588094     
   7.7922245159560896E-005  -166719.33547421626     
   7.8628290403864781E-005  -165221.25344579839     
   7.9340733049655031E-005  -163736.62349279094     
   8.0059631063111706E-005  -162265.32482185325     
   8.0785042935640361E-005  -160807.23772431241     
   8.1517027688630969E-005  -159362.24356642319     
   8.2255644878260090E-005  -157930.22477971608     
   8.3000954600336547E-005  -156511.06485143118     
   8.3753017495190907E-005  -155104.64831503882     
   8.4511894752609397E-005  -153710.86074084463     
   8.5277648116812473E-005  -152329.58872667933     
   8.6050339891478425E-005  -150960.71988867206     
   8.6830032944812589E-005  -149604.14285210651     
   8.7616790714662511E-005  -148259.74724235918     
   8.8410677213679356E-005  -146927.42367591916     
   8.9211757034526196E-005  -145607.06375148799     
   9.0020095355133385E-005  -144298.56004116044     
   9.0835757944001636E-005  -143001.80608168335     
   9.1658811165553126E-005  -141716.69636579385     
   9.2489321985531053E-005  -140443.12633363492     
   9.3327357976448109E-005  -139180.99236424809     
   9.4172987323084474E-005  -137930.19176714256     
   9.5026278828035362E-005  -136690.62277394018     
   9.5887301917309091E-005  -135462.18453009499     
   9.6756126645975682E-005  -134244.77708668794     
   9.7632823703866782E-005  -133038.30139229420     
   9.8517464421327139E-005  -131842.65928492465     
   9.9410120775018200E-005  -130657.75348403864     
   1.0031086539377442E-004  -129483.48758262937     
   1.0121977156451238E-004  -128319.76603937984     
   1.0213691323819375E-004  -127166.49417088927     
   1.0306236503584203E-004  -126023.57814396963     
   1.0399620225461395E-004  -124890.92496801092     
   1.0493850087392582E-004  -123768.44248741529     
   1.0588933756163547E-004  -122656.03937409903     
   1.0684878968028002E-004  -121553.62512006193     
   1.0781693529337047E-004  -120461.11003002318     
   1.0879385317174304E-004  -119378.40521412362     
   1.0977962279996813E-004  -118305.42258069350     
   1.1077432438281750E-004  -117242.07482908493     
   1.1177803885178988E-004  -116188.27544256909     
   1.1279084787169577E-004  -115143.93868129676     
   1.1381283384730190E-004  -114108.97957532250     
   1.1484407993003591E-004  -113083.31391769121     
   1.1588467002475174E-004  -112066.85825758688     
   1.1693468879655637E-004  -111059.52989354265     
   1.1799422167769838E-004  -110061.24686671226     
   1.1906335487451895E-004  -109071.92795420141     
   1.2014217537446582E-004  -108091.49266245945     
   1.2123077095317083E-004  -107119.86122073012     
   1.2232923018159152E-004  -106156.95457456121     
   1.2343764243321760E-004  -105202.69437937248     
   1.2455609789134250E-004  -104257.00299408137     
   1.2568468755640099E-004  -103319.80347478586     
   1.2682350325337309E-004  -102391.01956850426     
   1.2797263763925540E-004  -101470.57570697082     
   1.2913218421059972E-004  -100558.39700048759     
   1.3030223731112027E-004  -99654.409231830956     
   1.3148289213936974E-004  -98758.538850213256     
   1.3267424475648477E-004  -97870.712965298488     
   1.3387639209400194E-004  -96990.859341271789     
   1.3508943196174420E-004  -96118.906390962031     
   1.3631346305577896E-004  -95254.783170017428     
   1.3754858496644836E-004  -94398.419371133234     
   1.3879489818647208E-004  -93549.745318331436     
   1.4005250411912374E-004  -92708.691961291639     
   1.4132150508648134E-004  -91875.190869733051     
   1.4260200433775241E-004  -91049.174227846757     
   1.4389410605767465E-004  -90230.574828778088     
   1.4519791537499275E-004  -89419.326069158444     
   1.4651353837101180E-004  -88615.361943686265     
   1.4784108208822842E-004  -87818.617039756806     
   1.4918065453904000E-004  -87029.026532139818     
   1.5053236471453292E-004  -86246.526177705309     
   1.5189632259335017E-004  -85471.052310196552     
   1.5327263915063981E-004  -84702.541835049924     
   1.5466142636708381E-004  -83940.932224261574     
   1.5606279723800947E-004  -83186.161511299724     
   1.5747686578258271E-004  -82438.168286063155     
   1.5890374705308509E-004  -81696.891689884622     
   1.6034355714427485E-004  -80962.271410579109     
   1.6179641320283254E-004  -80234.247677536929     
   1.6326243343689237E-004  -79512.761256860409     
   1.6474173712566003E-004  -78797.753446544593     
   1.6623444462911756E-004  -78089.166071701038     
   1.6774067739781605E-004  -77386.941479824600     
   1.6926055798275718E-004  -76691.022536102624     
   1.7079421004536445E-004  -76001.352618766308     
   1.7234175836754434E-004  -75317.875614483914     
   1.7390332886183909E-004  -74640.535913795087     
   1.7547904858167130E-004  -73969.278406586425     
   1.7706904573168097E-004  -73304.048477607561     
   1.7867344967815714E-004  -72644.792002027491     
   1.8029239095956290E-004  -71991.455341030873     
   1.8192600129715667E-004  -71343.985337453865     
   1.8357441360570938E-004  -70702.329311459020     
   1.8523776200431852E-004  -70066.435056249218     
   1.8691618182732072E-004  -69436.250833819882     
   1.8860980963530271E-004  -68811.725370749584     
   1.9031878322621224E-004  -68192.807854028200     
   1.9204324164656978E-004  -67579.447926922614     
   1.9378332520278167E-004  -66971.595684879663     
   1.9553917547255573E-004  -66369.201671465649     
   1.9731093531642058E-004  -65772.216874342601     
   1.9909874888934890E-004  -65180.592721280314     
   2.0090276165248642E-004  -64594.281076204534     
   2.0272312038498700E-004  -64013.234235280383     
   2.0455997319595480E-004  -63437.404923031187     
   2.0641346953649521E-004  -62866.746288491777     
   2.0828376021187397E-004  -62301.211901396884     
   2.1017099739378779E-004  -61740.755748403186     
   2.1207533463274479E-004  -61185.332229345702     
   2.1399692687055816E-004  -60634.896153527581     
   2.1593593045295261E-004  -60089.402736043259     
   2.1789250314228477E-004  -59548.807594134712     
   2.1986680413037951E-004  -59013.066743580290     
   2.2185899405148191E-004  -58482.136595116062     
   2.2386923499532712E-004  -57955.973950889296     
   2.2589769052032820E-004  -57434.536000943779     
   2.2794452566688377E-004  -56917.780319736645     
   2.3000990697080609E-004  -56405.664862686572     
   2.3209400247687086E-004  -55898.147962752890     
   2.3419698175248971E-004  -55395.188327045471     
   2.3631901590150684E-004  -54896.745033465013     
   2.3846027757812009E-004  -54402.777527373510     
   2.4062094100092910E-004  -53913.245618294633     
   2.4280118196710957E-004  -53428.109476643738     
   2.4500117786671702E-004  -52947.329630487184     
   2.4722110769711950E-004  -52470.866962330874     
   2.4946115207756140E-004  -51998.682705937434     
   2.5172149326385896E-004  -51530.738443172238     
   2.5400231516322920E-004  -51066.996100877455     
   2.5630380334925294E-004  -50607.417947774491     
   2.5862614507697374E-004  -50151.966591393917     
   2.6096952929813332E-004  -49700.604975033188     
   2.6333414667654525E-004  -49253.296374741622     
   2.6572018960360771E-004  -48810.004396332428     
   2.6812785221395712E-004  -48370.692972421581     
   2.7055733040126336E-004  -47935.326359493301     
   2.7300882183416809E-004  -47503.869134991874     
   2.7548252597236784E-004  -47076.286194439534     
   2.7797864408284236E-004  -46652.542748580272     
   2.8049737925623015E-004  -46232.604320549406     
   2.8303893642335276E-004  -45816.436743068298     
   2.8560352237188815E-004  -45404.006155664523     
   2.8819134576319561E-004  -44995.279001916875     
   2.9080261714929320E-004  -44590.222026725045     
   2.9343754898998836E-004  -44188.802273604037     
   2.9609635567016463E-004  -43790.987082002634     
   2.9877925351722419E-004  -43396.744084646125     
   3.0148646081868910E-004  -43006.041204902751     
   3.0421819783996157E-004  -42618.846654173911     
   3.0697468684224557E-004  -42235.128929307757     
   3.0975615210063011E-004  -41854.856810036013     
   3.1256281992233733E-004  -41477.999356433807     
   3.1539491866513521E-004  -41104.525906402298     
   3.1825267875591729E-004  -40734.406073173988     
   3.2113633270945094E-004  -40367.609742840315     
   3.2404611514729538E-004  -40004.107071901533     
   3.2698226281689094E-004  -39643.868484838589     
   3.2994501461082156E-004  -39286.864671706709     
   3.3293461158625165E-004  -38933.066585750777     
   3.3595129698453931E-004  -38582.445441041913     
   3.3899531625102670E-004  -38234.972710135429     
   3.4206691705501052E-004  -37890.620121749758     
   3.4516634930989269E-004  -37549.359658466201     
   3.4829386519351433E-004  -37211.163554449391     
   3.5144971916867312E-004  -36876.004293188184     
   3.5463416800382753E-004  -36543.854605256820     
   3.5784747079398778E-004  -36214.687466096264     
   3.6108988898179680E-004  -35888.476093815341     
   3.6436168637880156E-004  -35565.193947011787     
   3.6766312918691768E-004  -35244.814722612689     
   3.7099448602008847E-004  -34927.312353734436     
   3.7435602792613949E-004  -34612.661007561852     
   3.7774802840883238E-004  -34300.835083246369     
   3.8117076345011737E-004  -33991.809209823048     
   3.8462451153258790E-004  -33685.558244146392     
   3.8810955366213917E-004  -33382.057268844554     
   3.9162617339083078E-004  -33081.281590292085     
   3.9517465683995789E-004  -32783.206736600718     
   3.9875529272333042E-004  -32487.808455628310     
   4.0236837237076368E-004  -32195.062713005638     
   4.0601418975178168E-004  -31904.945690180866     
   4.0969304149953540E-004  -31617.433782481625     
   4.1340522693493730E-004  -31332.503597194474     
   4.1715104809101532E-004  -31050.131951661617     
   4.2093080973748672E-004  -30770.295871394661     
   4.2474481940555476E-004  -30492.972588205434     
   4.2859338741293090E-004  -30218.139538353418     
   4.3247682688908238E-004  -29945.774360709955     
   4.3639545380070970E-004  -29675.854894938871     
   4.4034958697745404E-004  -29408.359179693471     
   4.4433954813783859E-004  -29143.265450829687     
   4.4836566191544411E-004  -28880.552139635285     
   4.5242825588532183E-004  -28620.197871075019     
   4.5652766059064602E-004  -28362.181462051474     
   4.6066420956960798E-004  -28106.481919681533     
   4.6483823938255325E-004  -27853.078439588375     
   4.6905008963936499E-004  -27601.950404208786     
   4.7330010302709587E-004  -27353.077381115636     
   4.7758862533784990E-004  -27106.439121355430     
   4.8191600549691671E-004  -26862.015557800845     
   4.8628259559116107E-004  -26619.786803517993     
   4.9068875089767008E-004  -26379.733150148346     
   4.9513482991265861E-004  -26141.835066305266     
   4.9962119438063811E-004  -25906.073195984834     
   5.0414820932384900E-004  -25672.428356991026     
   5.0871624307195968E-004  -25440.881539374965     
   5.1332566729203459E-004  -25211.413903888271     
   5.1797685701877459E-004  -24984.006780450196     
   5.2267019068503008E-004  -24758.641666628646     
   5.2740605015259184E-004  -24535.300226134696     
   5.3218482074325981E-004  -24313.964287330771     
   5.3700689127019450E-004  -24094.615841752107     
   5.4187265406955112E-004  -23877.237042641565     
   5.4678250503240153E-004  -23661.810203497571     
   5.5173684363694464E-004  -23448.317796635078     
   5.5673607298100975E-004  -23236.742451759474     
   5.6178059981485231E-004  -23027.066954553313     
   5.6687083457424936E-004  -22819.274245275683     
   5.7200719141389334E-004  -22613.347417374196     
   5.7719008824108848E-004  -22409.269716109426     
   5.8241994674975285E-004  -22207.024537191704     
   5.8769719245472889E-004  -22006.595425430158     
   5.9302225472640416E-004  -21807.966073393836     
   5.9839556682564593E-004  -21611.120320084945     
   6.0381756593905233E-004  -21416.042149623921     
   6.0928869321452337E-004  -21222.715689946341     
   6.1480939379715365E-004  -21031.125211511520     
   6.2038011686545028E-004  -20841.255126022741     
   6.2600131566787980E-004  -20653.089985158935     
   6.3167344755974504E-004  -20466.614479317759     
   6.3739697404039688E-004  -20281.813436369990     
   6.4317236079078366E-004  -20098.671820425046     
   6.4900007771133905E-004  -19917.174730607669     
   6.5488059896021535E-004  -19737.307399845526     
   6.6081440299186169E-004  -19559.055193667726     
   6.6680197259595274E-004  -19382.403609014120     
   6.7284379493666923E-004  -19207.338273055298     
   6.7894036159233534E-004  -19033.844942023199     
   6.8509216859541442E-004  -18861.909500052152     
   6.9129971647286772E-004  -18691.517958030428     
   6.9756351028687862E-004  -18522.656452462008     
   7.0388405967594539E-004  -18355.311244338642     
   7.1026187889634731E-004  -18189.468718021984     
   7.1669748686398519E-004  -18025.115380135823     
   7.2319140719660270E-004  -17862.237858468172     
   7.2974416825638761E-004  -17700.822900883351     
   7.3635630319296300E-004  -17540.857374243667     
   7.4302834998676338E-004  -17382.328263340944     
   7.4976085149280815E-004  -17225.222669837523     
   7.5655435548486766E-004  -17069.527811216871     
   7.6340941470003391E-004  -16915.231019743496     
   7.7032658688369030E-004  -16762.319741432322     
   7.7730643483489299E-004  -16610.781535027254     
   7.8434952645216078E-004  -16460.604070988895     
   7.9145643477968096E-004  -16311.775130491433     
   7.9862773805393404E-004  -16164.282604428443     
   8.0586401975073988E-004  -16018.114492427687     
   8.1316586863273174E-004  -15873.258901874709     
   8.2053387879725819E-004  -15729.704046945257     
   8.2796864972472237E-004  -15587.438247646309     
   8.3547078632735484E-004  -15446.449928865817     
   8.4304089899843318E-004  -15306.727619430867     
   8.5067960366194337E-004  -15168.259951174405     
   8.5838752182269384E-004  -15031.035658010273     
   8.6616528061688261E-004  -14895.043575016563     
   8.7401351286312272E-004  -14760.272637527227     
   8.8193285711392962E-004  -14626.711880231822     
   8.8992395770767622E-004  -14494.350436283337     
   8.9798746482101690E-004  -14363.177536414061     
   9.0612403452178865E-004  -14233.182508059330     
   9.1433432882238950E-004  -14104.354774489226     
   9.2261901573364221E-004  -13976.683853947992     
   9.3097876931914501E-004  -13850.159358801235     
   9.3941426975011554E-004  -13724.770994690733     
   9.4792620336073090E-004  -13600.508559696889     
   9.5651526270396992E-004  -13477.361943508668     
   9.6518214660796077E-004  -13355.321126600984     
   9.7392756023283959E-004  -13234.376179419505     
   9.8275221512812401E-004  -13114.517261572752     
   9.9165682929060737E-004  -12995.734621031452     
   1.0006421272227757E-003  -12878.018593335100     
   1.0097088399917554E-003  -12761.359600805636     
   1.0188577052887956E-003  -12645.748151768164     
   1.0280894674892880E-003  -12531.174839778709     
   1.0374048777133306E-003  -12417.630342858869     
   1.0468046938868420E-003  -12305.105422737361     
   1.0562896808032271E-003  -12193.590924098373     
   1.0658606101856037E-003  -12083.077773836661     
   1.0755182607495909E-003  -11973.556980319347     
   1.0852634182666682E-003  -11865.019632654325     
   1.0950968756281076E-003  -11757.456899965258     
   1.1050194329094848E-003  -11650.860030673084     
   1.1150318974357768E-003  -11545.220351783939     
   1.1251350838470463E-003  -11440.529268183533     
   1.1353298141647235E-003  -11336.778261937812     
   1.1456169178584890E-003  -11233.958891599914     
   1.1559972319137599E-003  -11132.062791523373     
   1.1664716008997905E-003  -11031.081671181440     
   1.1770408770383873E-003  -10931.007314492579     
   1.1877059202732494E-003  -10831.831579151960     
   1.1984675983399342E-003  -10733.546395968991     
   1.2093267868364607E-003  -10636.143768210793     
   1.2202843692945479E-003  -10539.615770951570     
   1.2313412372515038E-003  -10443.954550427787     
   1.2424982903227603E-003  -10349.152323399219     
   1.2537564362750712E-003  -10255.201376515648     
   1.2651165911003687E-003  -10162.094065689304     
   1.2765796790902913E-003  -10069.822815472909     
   1.2881466329113865E-003  -9978.3801184433487     
   1.2998183936809944E-003  -9887.7585345908283     
   1.3115959110438214E-003  -9797.9506907135255     
   1.3234801432492032E-003  -9708.9492798177253     
   1.3354720572290725E-003  -9620.7470605232666     
   1.3475726286766294E-003  -9533.3368564744014     
   1.3597828421257278E-003  -9446.7115557558827     
   1.3721036910309791E-003  -9360.8641103143345     
   1.3845361778485818E-003  -9275.7875353848067     
   1.3970813141178839E-003  -9191.4749089224697     
   1.4097401205436860E-003  -9107.9193710394320     
   1.4225136270792854E-003  -9025.1141234465995     
   1.4354028730102799E-003  -8943.0524289005443     
   1.4484089070391224E-003  -8861.7276106553545     
   1.4615327873704490E-003  -8781.1330519194053     
   1.4747755817971760E-003  -8701.2621953169855     
   1.4881383677873797E-003  -8622.1085423547811     
   1.5016222325719602E-003  -8543.6656528931508     
   1.5152282732331013E-003  -8465.9271446221355     
   1.5289575967935348E-003  -8388.8866925421735     
   1.5428113203066068E-003  -8312.5380284494986     
   1.5567905709471671E-003  -8236.8749404261252     
   1.5708964861032774E-003  -8161.8912723344602     
   1.5851302134687524E-003  -8087.5809233164009     
   1.5994929111365402E-003  -8013.9378472969629     
   1.6139857476929465E-003  -7940.9560524923691     
   1.6286099023127144E-003  -7868.6296009225280     
   1.6433665648549645E-003  -7796.9526079279231     
   1.6582569359600056E-003  -7725.9192416908145     
   1.6732822271470222E-003  -7655.5237227607495     
   1.6884436609126460E-003  -7585.7603235843399     
   1.7037424708304214E-003  -7516.6233680392506     
   1.7191799016511729E-003  -7448.1072309723850     
   1.7347572094042812E-003  -7380.2063377422019     
   1.7504756614998764E-003  -7312.9151637651576     
   1.7663365368319581E-003  -7246.2282340662141     
   1.7823411258824492E-003  -7180.1401228333852     
   1.7984907308261941E-003  -7114.6454529762705     
   1.8147866656369053E-003  -7049.7388956885816     
   1.8312302561940730E-003  -6985.4151700145649     
   1.8478228403908410E-003  -6921.6690424193439     
   1.8645657682428624E-003  -6858.4953263631014     
   1.8814604019981396E-003  -6795.8888818790911     
   1.8985081162478600E-003  -6733.8446151554508     
   1.9157102980382375E-003  -6672.3574781207462     
   1.9330683469833650E-003  -6611.4224680332591     
   1.9505836753790913E-003  -6551.0346270739528     
   1.9682577083179283E-003  -6491.1890419430974     
   1.9860918838050011E-003  -6431.8808434605098     
   2.0040876528750486E-003  -6373.1052061693881     
   2.0222464797104811E-003  -6314.8573479437109     
   2.0405698417605114E-003  -6257.1325295991501     
   2.0590592298613646E-003  -6199.9260545074803     
   2.0777161483575748E-003  -6143.2332682144579     
   2.0965421152243837E-003  -6087.0495580611241     
   2.1155386621912464E-003  -6031.3703528085125     
   2.1347073348664571E-003  -5976.1911222657245     
   2.1540496928629032E-003  -5921.5073769213477     
   2.1735673099249615E-003  -5867.3146675781763     
   2.1932617740565382E-003  -5813.6085849912279     
   2.2131346876502777E-003  -5760.3847595089901     
   2.2331876676179338E-003  -5707.6388607179042     
   2.2534223455219268E-003  -5655.3665970900374     
   2.2738403677080941E-003  -5603.5637156339135     
   2.2944433954396369E-003  -5552.2260015484844     
   2.3152331050322879E-003  -5501.3492778802156     
   2.3362111879906998E-003  -5450.9294051832321     
   2.3573793511460703E-003  -5400.9622811825348     
   2.3787393167950151E-003  -5351.4438404402354     
   2.4002928228396970E-003  -5302.3700540247792     
   2.4220416229292284E-003  -5253.7369291831556     
   2.4439874866023495E-003  -5205.5405090160366     
   2.4661321994314056E-003  -5157.7768721558432     
   2.4884775631676252E-003  -5110.4421324476962     
   2.5110253958877124E-003  -5063.5324386332350     
   2.5337775321417752E-003  -5017.0439740372758     
   2.5567358231025849E-003  -4970.9729562572820     
   2.5799021367161946E-003  -4925.3156368556274     
   2.6032783578539198E-003  -4880.0683010546145     
   2.6268663884656948E-003  -4835.2272674342466     
   2.6506681477348241E-003  -4790.7888876326915     
   2.6746855722341277E-003  -4746.7495460494611     
   2.6989206160835080E-003  -4703.1056595512355     
   2.7233752511089423E-003  -4659.8536771803392     
   2.7480514670029147E-003  -4616.9900798658318     
   2.7729512714863031E-003  -4574.5113801371999     
   2.7980766904717328E-003  -4532.4141218406085     
   2.8234297682284090E-003  -4490.6948798577096     
   2.8490125675484450E-003  -4449.3502598269752     
   2.8748271699146964E-003  -4408.3768978675253     
   2.9008756756701134E-003  -4367.7714603054519     
   2.9271602041886350E-003  -4327.5306434025779     
   2.9536828940476220E-003  -4287.6511730876764     
   2.9804459032018596E-003  -4248.1298046900829     
   3.0074514091591332E-003  -4208.9633226757187     
   3.0347016091573980E-003  -4170.1485403854631     
   3.0621987203435486E-003  -4131.6822997759036     
   3.0899449799538154E-003  -4093.5614711623812     
   3.1179426454957895E-003  -4055.7829529643714     
   3.1461939949320992E-003  -4018.3436714531413     
   3.1747013268657543E-003  -3981.2405805016615     
   3.2034669607271622E-003  -3944.4706613367907     
   3.2324932369628455E-003  -3908.0309222936567     
   3.2617825172258654E-003  -3871.9183985722675     
   3.2913371845679721E-003  -3836.1301519962904     
   3.3211596436334961E-003  -3800.6632707740073     
   3.3512523208549983E-003  -3765.5148692614166     
   3.3816176646506873E-003  -3730.6820877274563     
   3.4122581456236321E-003  -3696.1620921213416     
   3.4431762567627739E-003  -3661.9520738419956     
   3.4743745136457654E-003  -3628.0492495095359     
   3.5058554546436422E-003  -3594.4508607388311     
   3.5376216411273525E-003  -3561.1541739150803     
   3.5696756576761557E-003  -3528.1564799714120     
   3.6020201122879125E-003  -3495.4550941684774     
   3.6346576365912766E-003  -3463.0473558760295     
   3.6675908860598102E-003  -3430.9306283564579     
   3.7008225402280436E-003  -3399.1022985502686     
   3.7343553029094852E-003  -3367.5597768634943     
   3.7681919024166125E-003  -3336.3004969570125     
   3.8023350917828548E-003  -3305.3219155377515     
   3.8367876489865879E-003  -3274.6215121517776     
   3.8715523771771553E-003  -3244.1967889792404     
   3.9066321049029407E-003  -3214.0452706311562     
   3.9420296863415093E-003  -3184.1645039480163     
   3.9777480015318238E-003  -3154.5520578002133     
   4.0137899566085791E-003  -3125.2055228902459     
   4.0501584840386502E-003  -3096.1225115567122     
   4.0868565428596832E-003  -3067.3006575800591     
   4.1238871189208538E-003  -3038.7376159900750     
   4.1612532251258019E-003  -3010.4310628751136     
   4.1989579016777686E-003  -2982.3786951930329     
   4.2370042163269563E-003  -2954.5782305838284     
   4.2753952646201300E-003  -2927.0274071839522     
   4.3141341701524736E-003  -2899.7239834423026     
   4.3532240848217427E-003  -2872.6657379378589     
   4.3926681890847008E-003  -2845.8504691989629     
   4.4324696922158988E-003  -2819.2759955242173     
   4.4726318325687834E-003  -2792.9401548049982     
   4.5131578778391810E-003  -2766.8408043495574     
   4.5540511253311646E-003  -2740.9758207087107     
   4.5953149022253332E-003  -2715.3430995030831     
   4.6369525658495172E-003  -2689.9405552519152     
   4.6789675039519401E-003  -2664.7661212034045     
   4.7213631349768553E-003  -2639.8177491665674     
   4.7641429083426778E-003  -2615.0934093446176     
   4.8073103047226408E-003  -2590.5910901698348     
   4.8508688363279899E-003  -2566.3087981399240     
   4.8948220471937455E-003  -2542.2445576558403     
   4.9391735134670578E-003  -2518.3964108610708     
   4.9839268436981648E-003  -2494.7624174823659     
   5.0290856791340025E-003  -2471.3406546718934     
   5.0746536940144580E-003  -2448.1292168508153     
   5.1206345958713191E-003  -2425.1262155542749     
   5.1670321258299292E-003  -2402.3297792777639     
   5.2138500589135736E-003  -2379.7380533248838     
   5.2610922043506234E-003  -2357.3491996564662     
   5.3087624058844700E-003  -2335.1613967410531     
   5.3568645420862537E-003  -2313.1728394067204     
   5.4054025266704426E-003  -2291.3817386942278     
   5.4543803088132553E-003  -2269.7863217114996     
   5.5038018734739841E-003  -2248.3848314893985     
   5.5536712417192128E-003  -2227.1755268388097     
   5.6039924710499884E-003  -2206.1566822089990     
   5.6547696557319440E-003  -2185.3265875472512     
   5.7060069271284231E-003  -2164.6835481597627     
   5.7577084540366193E-003  -2144.2258845737892     
   5.8098784430267543E-003  -2123.9519324010344     
   5.8625211387843381E-003  -2103.8600422022619     
   5.9156408244555349E-003  -2083.9485793531212     
   5.9692418219956349E-003  -2064.2159239111925     
   6.0233284925207175E-003  -2044.6604704842116     
   6.0779052366624724E-003  -2025.2806280994880     
   6.1329764949262441E-003  -2006.0748200744979     
   6.1885467480523367E-003  -1987.0414838886304     
   6.2446205173805631E-003  -1968.1790710561011     
   6.3012023652181193E-003  -1949.4860469999969     
   6.3582968952107877E-003  -1930.9608909274582     
   6.4159087527175000E-003  -1912.6020957059795     
   6.4740426251882937E-003  -1894.4081677408294     
   6.5327032425456988E-003  -1876.3776268535655     
   6.5918953775695706E-003  -1858.5090061616440     
   6.6516238462854226E-003  -1840.8008519591135     
   6.7118935083562668E-003  -1823.2517235983792     
   6.7727092674780068E-003  -1805.8601933730326     
   6.8340760717784223E-003  -1788.6248464017315     
   6.8959989142197524E-003  -1771.5442805131302     
   6.9584828330049421E-003  -1754.6171061318364     
   7.0215329119875606E-003  -1737.8419461654030     
   7.0851542810854420E-003  -1721.2174358923271     
   7.1493521166980621E-003  -1704.7422228510648     
   7.2141316421277038E-003  -1688.4149667300383     
   7.2794981280044470E-003  -1672.2343392586358     
   7.3454568927149872E-003  -1656.1990240991915     
   7.4120133028353690E-003  -1640.3077167399333     
   7.4791727735676111E-003  -1624.5591243889021     
   7.5469407691803065E-003  -1608.9519658688168     
   7.6153228034532127E-003  -1593.4849715128912     
   7.6843244401258613E-003  -1578.1568830615859     
   7.7539512933502428E-003  -1562.9664535602883     
   7.8242090281475853E-003  -1547.9124472579181     
   7.8951033608692777E-003  -1532.9936395064376     
   7.9666400596619634E-003  -1518.2088166612764     
   8.0388249449368579E-003  -1503.5567759826417     
   8.1116638898433100E-003  -1489.0363255377260     
   8.1851628207466453E-003  -1474.6462841037919     
   8.2593277177103741E-003  -1460.3854810721243     
   8.3341646149827208E-003  -1446.2527563528579     
   8.4096796014876025E-003  -1432.2469602806518     
   8.4858788213200299E-003  -1418.3669535212205     
   8.5627684742460141E-003  -1404.6116069787004     
   8.6403548162069903E-003  -1390.9798017038572     
   8.7186441598288179E-003  -1377.4704288031162     
   8.7976428749353928E-003  -1364.0823893484107     
   8.8773573890669217E-003  -1350.8145942878457     
   8.9577941880028614E-003  -1337.6659643571675     
   9.0389598162896444E-003  -1324.6354299920242     
   9.1208608777731404E-003  -1311.7219312410264     
   9.2035040361359739E-003  -1298.9244176795826     
   9.2868960154396923E-003  -1286.2418483245178     
   9.3710436006718585E-003  -1273.6731915494565     
   9.4559536382980910E-003  -1261.2174250009732     
   9.5416330368191075E-003  -1248.8735355154954     
   9.6280887673328274E-003  -1236.6405190369576     
   9.7153278641015500E-003  -1224.5173805351967     
   9.8033574251242834E-003  -1212.5031339250843     
   9.8921846127142561E-003  -1200.5968019863894     
   9.9818166540816631E-003  -1188.7974162843602     
   1.0072260841921688E-002  -1177.1040170910273     
   1.0163524535007852E-002  -1165.5156533072147     
   1.0255615158790754E-002  -1154.0313823852521     
   1.0348540206002213E-002  -1142.6502702523896     
   1.0442307237264902E-002  -1131.3713912349008     
   1.0536923881707499E-002  -1120.1938279828712     
   1.0632397837585409E-002  -1109.1166713956670     
   1.0728736872907122E-002  -1098.1390205480752     
   1.0825948826066231E-002  -1087.2599826171129     
   1.0924041606479187E-002  -1076.4786728094957     
   1.1023023195228829E-002  -1065.7942142897623     
   1.1122901645713746E-002  -1055.2057381090506     
   1.1223685084303521E-002  -1044.7123831345132     
   1.1325381710999919E-002  -1034.3132959793743     
   1.1427999800104050E-002  -1024.0076309336191     
   1.1531547700889596E-002  -1013.7945498953081     
   1.1636033838282128E-002  -1003.6732223025131     
   1.1741466713544582E-002  -993.64282506587017     
   1.1847854904968931E-002  -983.70254250174219     
   1.1955207068574159E-002  -973.85156626598427     
   1.2063531938810516E-002  -964.08909528831464     
   1.2172838329270188E-002  -954.41433570727190     
   1.2283135133404389E-002  -944.82650080576673     
   1.2394431325246957E-002  -935.32481094721595     
   1.2506735960144507E-002  -925.90849351225518     
   1.2620058175493188E-002  -916.57678283602456     
   1.2734407191482135E-002  -907.32892014602362     
   1.2849792311843649E-002  -898.16415350052944     
   1.2966222924610157E-002  -889.08173772757323     
   1.3083708502878070E-002  -880.08093436447029     
   1.3202258605578518E-002  -871.16101159789923     
   1.3321882878255099E-002  -862.32124420452510     
   1.3442591053848669E-002  -853.56091349216024     
   1.3564392953489227E-002  -844.87930724146247     
   1.3687298487295002E-002  -836.27571964815900     
   1.3811317655178753E-002  -827.74945126579917     
   1.3936460547661400E-002  -819.29980894902519     
   1.4062737346692999E-002  -810.92610579735970     
   1.4190158326481198E-002  -802.62766109950371     
   1.4318733854327137E-002  -794.40380027814467     
   1.4448474391468994E-002  -786.25385483526100     
   1.4579390493933111E-002  -778.17716229793155     
   1.4711492813392880E-002  -770.17306616463293     
   1.4844792098035379E-002  -762.24091585203064     
   1.4979299193435873E-002  -754.38006664225202     
   1.5115025043440247E-002  -746.58987963064203     
   1.5251980691055407E-002  -738.86972167399631     
   1.5390177279347798E-002  -731.21896533926315     
   1.5529626052349997E-002  -723.63698885271958     
   1.5670338355975581E-002  -716.12317604960663     
   1.5812325638942259E-002  -708.67691632422736     
   1.5955599453703354E-002  -701.29760458050191     
   1.6100171457387760E-002  -693.98464118297306     
   1.6246053412748370E-002  -686.73743190826258     
   1.6393257189119163E-002  -679.55538789696868     
   1.6541794763380878E-002  -672.43792560600866     
   1.6691678220935528E-002  -665.38446676139506     
   1.6842919756689664E-002  -658.39443831144661     
   1.6995531676046605E-002  -651.46727238042843     
   1.7149526395907635E-002  -644.60240622261745     
   1.7304916445682259E-002  -637.79928217679139     
   1.7461714468307649E-002  -631.05734762113366     
   1.7619933221277296E-002  -624.37605492855664     
   1.7779585577678999E-002  -617.75486142243210     
   1.7940684527242234E-002  -611.19322933273440     
   1.8103243177395062E-002  -604.69062575258363     
   1.8267274754330549E-002  -598.24652259519189     
   1.8432792604082919E-002  -591.86039655120703     
   1.8599810193613397E-002  -585.53172904644907     
   1.8768341111905916E-002  -579.26000620004015     
   1.8938399071072774E-002  -573.04471878291815     
   1.9109997907470255E-002  -566.88536217673789     
   1.9283151582824426E-002  -560.78143633315131     
   1.9457874185367065E-002  -554.73244573346574     
   1.9634179930981946E-002  -548.73789934867705     
   1.9812083164361453E-002  -542.79731059987421     
   1.9991598360173727E-002  -536.91019731901076     
   2.0172740124240342E-002  -531.07608171004313     
   2.0355523194724681E-002  -525.29449031043077     
   2.0539962443331079E-002  -519.56495395299351     
   2.0726072876514803E-002  -513.88700772812729     
   2.0913869636703043E-002  -508.26019094637252     
   2.1103368003526909E-002  -502.68404710133035     
   2.1294583395064647E-002  -497.15812383292973     
   2.1487531369096081E-002  -491.68197289103580     
   2.1682227624368434E-002  -486.25515009940125     
   2.1878688001873630E-002  -480.87721531995669     
   2.2076928486137144E-002  -475.54773241743516     
   2.2276965206518545E-002  -470.26626922433212     
   2.2478814438523839E-002  -465.03239750619377     
   2.2682492605129667E-002  -459.84569292723421     
   2.2888016278119535E-002  -454.70573501627780     
   2.3095402179432126E-002  -449.61210713302262     
   2.3304667182521849E-002  -444.56439643462517     
   2.3515828313731703E-002  -439.56219384260123     
   2.3728902753678588E-002  -434.60509401004168     
   2.3943907838651145E-002  -429.69269528914066     
   2.4160861062020332E-002  -424.82459969903186     
   2.4379780075662653E-002  -420.00041289393482     
   2.4600682691396439E-002  -415.21974413160194     
   2.4823586882431008E-002  -410.48220624207067     
   2.5048510784829045E-002  -405.78741559671454     
   2.5275472698982171E-002  -401.13499207759133     
   2.5504491091099937E-002  -396.52455904708575     
   2.5735584594712271E-002  -391.95574331784638     
   2.5968772012185538E-002  -387.42817512301184     
   2.6204072316252384E-002  -382.94148808672441     
   2.6441504651555349E-002  -378.49531919493194     
   2.6681088336204601E-002  -374.08930876647008     
   2.6922842863349641E-002  -369.72310042442916     
   2.7166787902765339E-002  -365.39634106779829     
   2.7412943302452333E-002  -361.10868084338642     
   2.7661329090251902E-002  -356.85977311801980     
   2.7911965475475468E-002  -352.64927445101137     
   2.8164872850548913E-002  -348.47684456690047     
   2.8420071792671718E-002  -344.34214632846249     
   2.8677583065491206E-002  -340.24484570998396     
   2.8937427620791926E-002  -336.18461177080258     
   2.9199626600200326E-002  -332.16111662911067     
   2.9464201336904913E-002  -328.17403543601813     
   2.9731173357391946E-002  -324.22304634987518     
   3.0000564383196926E-002  -320.30783051085052     
   3.0272396332671880E-002  -316.42807201576636     
   3.0546691322768722E-002  -312.58345789318417     
   3.0823471670838726E-002  -308.77367807874373     
   3.1102759896448343E-002  -304.99842539074962     
   3.1384578723211431E-002  -301.25739550600645     
   3.1668951080638115E-002  -297.55028693589963     
   3.1955900106000398E-002  -293.87680100271888     
   3.2245449146214668E-002  -290.23664181622553     
   3.2537621759741245E-002  -286.62951625045906     
   3.2832441718501193E-002  -283.05513392078296     
   3.3129933009810424E-002  -279.51320716116703     
   3.3430119838331405E-002  -276.00345100170557     
   3.3733026628042492E-002  -272.52558314636849     
   3.4038678024225139E-002  -269.07932395098521     
   3.4347098895469073E-002  -265.66439640145870     
   3.4658314335695717E-002  -262.28052609220765     
   3.4972349666199859E-002  -258.92744120483667     
   3.5289230437709859E-002  -255.60487248703203     
   3.5608982432466546E-002  -252.31255323168068     
   3.5931631666320900E-002  -249.05021925621304     
   3.6257204390850797E-002  -245.81760888216536     
   3.6585727095496887E-002  -242.61446291496318     
   3.6917226509717828E-002  -239.44052462392156     
   3.7251729605165124E-002  -236.29553972246225     
   3.7589263597877523E-002  -233.17925634854674     
   3.7929855950495459E-002  -230.09142504532178     
   3.8273534374495453E-002  -227.03179874197767     
   3.8620326832444776E-002  -224.00013273481835     
   3.8970261540276580E-002  -220.99618466853906     
   3.9323366969585619E-002  -218.01971451771391     
   3.9679671849944760E-002  -215.07048456848901     
   4.0039205171242480E-002  -212.14825940048206     
   4.0401996186041608E-002  -209.25280586888459     
   4.0768074411959336E-002  -206.38389308676827     
   4.1137469634068891E-002  -203.54129240759201     
   4.1510211907322889E-002  -200.72477740790907     
   4.1886331558998707E-002  -197.93412387027374     
   4.2265859191165996E-002  -195.16910976634466     
   4.2648825683176510E-002  -192.42951524018517     
   4.3035262194176575E-002  -189.71512259175819     
   4.3425200165642240E-002  -187.02571626061564     
   4.3818671323937457E-002  -184.36108280977950     
   4.4215707682895407E-002  -181.72101090981528     
   4.4616341546423258E-002  -179.10529132309441     
   4.5020605511130456E-002  -176.51371688824685     
   4.5428532468980883E-002  -173.94608250480064     
   4.5840155609969055E-002  -171.40218511800805     
   4.6255508424820506E-002  -168.88182370385744     
   4.6674624707716730E-002  -166.38479925426913     
   4.7097538559044701E-002  -163.91091476247396     
   4.7524284388171419E-002  -161.45997520857432     
   4.7954896916243543E-002  -159.03178754528511     
   4.8389411179012354E-002  -156.62616068385489     
   4.8827862529684386E-002  -154.24290548016484     
   4.9270286641797861E-002  -151.88183472100528     
   4.9716719512125168E-002  -149.54276311052757     
   5.0167197463601640E-002  -147.22550725687194     
   5.0621757148280898E-002  -144.92988565896800     
   5.1080435550316966E-002  -142.65571869350816     
   5.1543269988973378E-002  -140.40282860209231     
   5.2010298121659575E-002  -138.17103947854315     
   5.2481557946994828E-002  -135.96017725638984     
   5.2957087807899872E-002  -133.77006969652007     
   5.3436926394716602E-002  -131.60054637499837     
   5.3921112748356051E-002  -129.45143867105017     
   5.4409686263474789E-002  -127.32257975520999     
   5.4902686691680233E-002  -125.21380457763314     
   5.5400154144764915E-002  -123.12494985656822     
   5.5902129097970099E-002  -121.05585406699142     
   5.6408652393278941E-002  -119.00635742939946     
   5.6919765242739472E-002  -116.97630189876111     
   5.7435509231817783E-002  -114.96553115362499     
   5.7955926322781459E-002  -112.97389058538359     
   5.8481058858113770E-002  -111.00122728769108     
   5.9010949563958776E-002  -109.04739004603427     
   5.9545641553597602E-002  -107.11222932745515     
   6.0085178330956265E-002  -105.19559727042360     
   6.0629603794145288E-002  -103.29734767485880     
   6.1178962239031340E-002  -101.41733599229865     
   6.1733298362841228E-002  -99.555419316214284     
   6.2292657267798666E-002  -97.711456372469954     
   6.2857084464793836E-002  -95.885307509925156     
   6.3426625877086293E-002  -94.076834691178931     
   6.4001327844041417E-002  -92.285901483453728     
   6.4581237124900673E-002  -90.512373049617437     
   6.5166400902586089E-002  -88.756116139342538     
   6.5756866787539170E-002  -87.016999080399785     
   6.6352682821594622E-002  -85.294891770085485     
   6.6953897481889138E-002  -83.589665666780235     
   6.7560559684805635E-002  -81.901193781637090     
   6.8172718789953193E-002  -80.229350670398077     
   6.8790424604183151E-002  -78.574012425336136     
   6.9413727385641430E-002  -76.935056667321362     
   7.0042677847857754E-002  -75.312362538008927     
   7.0677327163871734E-002  -73.705810692147423     
   7.1317726970396539E-002  -72.115283290004072     
   7.1963929372020147E-002  -70.540663989906250     
   7.2615986945444688E-002  -68.981837940895957     
   7.3273952743764276E-002  -67.438691775495059     
   7.3937880300781467E-002  -65.911113602579604     
   7.4607823635363016E-002  -64.398993000359297     
   7.5283837255834873E-002  -62.902221009461442     
   7.5965976164417248E-002  -61.420690126114906     
   7.6654295861699584E-002  -59.954294295432604     
   7.7348852351156377E-002  -58.502928904789144     
   7.8049702143703673E-002  -57.066490777290767     
   7.8756902262296966E-002  -55.644878165334873     
   7.9470510246570744E-002  -54.237990744255399     
   8.0190584157520020E-002  -52.845729606051819     
   8.0917182582224439E-002  -51.467997253197140     
   8.1650364638614900E-002  -50.104697592522911     
   8.2390189980283704E-002  -48.755735929176552     
   8.3136718801338036E-002  -47.421018960647871     
   8.3890011841297532E-002  -46.100454770861049     
   8.4650130390036216E-002  -44.793952824327647     
   8.5417136292769175E-002  -43.501423960357585     
   8.6191091955084537E-002  -42.222780387322430     
   8.6972060348020769E-002  -40.957935676968688     
   8.7760105013190384E-002  -39.706804758774126     
   8.8555290067949682E-002  -38.469303914345005     
   8.9357680210615575E-002  -37.245350771847782     
   9.0167340725729614E-002  -36.034864300470730     
   9.0984337489369710E-002  -34.837764804910819     
   9.1808736974509891E-002  -33.653973919880059     
   9.2640606256428878E-002  -32.483414604626219     
   9.3480013018167385E-002  -31.326011137461691     
   9.4327025556035005E-002  -30.181689110295849     
   9.5181712785167016E-002  -29.050375423163374     
   9.6044144245131427E-002  -27.931998278743464     
   9.6914390105587001E-002  -26.826487176863139     
   9.7792521171992303E-002  -25.733772908977869     
   9.8678608891366759E-002  -24.653787552622717     
   9.9572725358103673E-002  -23.586464465827291     
  0.10047494331983599       -22.531738281486682     
  0.10138533618335538       -21.489544901680816     
  0.10230397802058468       -20.459821491935259     
  0.10323094357460451       -19.442506475414561     
  0.10416630826573482       -18.437539527039661     
  0.10511014819767101       -17.444861567522111     
  0.10606254016367607       -16.464414757305121     
  0.10702356165282864       -15.496142490402335     
  0.10799329085632776       -14.539989388125647     
  0.10897180667385463       -13.595901292692147     
  0.10995918871999218       -12.663825260699667     
  0.11095551733070262       -11.743709556461525     
  0.11196087356986391       -10.835503645189220     
  0.11297533923586522       -9.9391581860126763     
  0.11399899686826230       -9.0546250248263789     
  0.11503192975449311       -8.1818571869502676     
  0.11607422193665431       -7.3208088695931792     
  0.11712595821833913       -6.4714354341070504     
  0.11818722417153718       -5.6336933980188064     
  0.11925810614359691       -4.8075404268273445     
  0.12033869126425091       -3.9929353255525371     
  0.12142906745270514       -3.1898380300219316     
  0.12252932342479218       -2.3982095978820581     
  0.12363954870018946       -1.6180121993192671     
  0.12475983360970271      -0.84920910747564449     
  0.12589026930261560       -9.1764688544799355E-002
  0.12703094775410578       0.65435560846783858     
  0.12818196177272839        1.3891852623365395     
  0.12934340500796701        2.1127566905742015     
  0.13051537195785337        2.8251012607763499     
  0.13169795797665584        3.5262493023663239     
  0.13289125928263781        4.2162301187599809     
  0.13409537296588617        4.8950719999672003     
  0.13531039699621089        5.5628022356491158     
  0.13653643023111600        6.2194471286490938     
  0.13777357242384300        6.8650320090173125     
  0.13902192423148693        7.4995812485479547     
  0.14028158722318620        8.1231182758492508     
  0.14155266388838647        8.7356655919665229     
  0.14283525764517943        9.3372447865790633     
  0.14412947284871716        9.9278765547920642     
  0.14543541479970287        10.507580714544943     
  0.14675318975295823        11.076376224658048     
  0.14808290492606868        11.634281203539985     
  0.14942466850810696        12.181312948578380     
  0.15077858966843546        12.717487956236653     
  0.15214477856558870        13.242821942880568     
  0.15352334635623613        13.757329866358162     
  0.15491440520422595        14.261025948356490     
  0.15631806828971120        14.753923697560310     
  0.15773444981835841        15.236035933636572     
  0.15916366503063953        15.707374812069773     
  0.16060583021120828        16.167951849873305     
  0.16206106269836137        16.617777952201877     
  0.16352948089358546        17.056863439890577     
  0.16501120427119059        17.485218077946087     
  0.16650635338803091        17.902851105015813     
  0.16801504989331348        18.309771263860938     
  0.16953741653849605        18.705986832858997     
  0.17107357718727437        19.091505658561942     
  0.17262365682566000        19.466335189335723     
  0.17418778157214967        19.830482510107387     
  0.17576607868798644        20.183954378244778     
  0.17735867658751409        20.526757260594891     
  0.17896570484862523        20.858897371706405     
  0.18058729422330408        21.180380713260817     
  0.18222357664826483        21.491213114737420     
  0.18387468525568623        21.791400275336485     
  0.18554075438404380        22.080947807184117     
  0.18722191958903961        22.359861279842406     
  0.18891831765463191        22.628146266147922     
  0.19063008660416372        22.885808389399941     
  0.19235736571159323        23.132853371919950     
  0.19410029551282512        23.369287085003236     
  0.19585901781714507        23.595115600281218     
  0.19763367571875790        23.810345242513847     
  0.19942441360842975        24.014982643828247     
  0.20123137718523640        24.209034799420536     
  0.20305471346841744        24.392509124734914     
  0.20489457080933846        24.565413514133056     
  0.20675109890356097        24.727756401065548     
  0.20862444880302228        24.879546819754907     
  0.21051477292832529        25.020794468398094     
  0.21242222508113998        25.151509773894233     
  0.21434696045671695        25.271703958101511     
  0.21628913565651470        25.381389105623995     
  0.21824890870094094        25.480578233127915     
  0.22022643904220968        25.569285360183130     
  0.22222188757731459        25.647525581623626     
  0.22423541666112007        25.715315141416966     
  0.22626719011957078        25.772671508030740     
  0.22831737326302098        25.819613451279551     
  0.23038613289968468        25.856161120632663     
  0.23247363734920742        25.882336124960275     
  0.23458005645636140        25.898161613689993     
  0.23670556160486428        25.903662359342988     
  0.23885032573132361        25.898864841414309     
  0.24101452333930723        25.883797331556849     
  0.24319833051354148        25.858489980024778     
  0.24540192493423768        25.822974903326099     
  0.24762548589154898        25.777286273030143     
  0.24986919430015755        25.721460405668765     
  0.25213323271399457        25.655535853666464     
  0.25441778534109299        25.579553497226648     
  0.25672303805857538        25.493556637097093     
  0.25904917842777730        25.397591088129943     
  0.26139639570950779        25.291705273546022     
  0.26376488087944810        25.175950319805942     
  0.26615482664369006        25.050380151983845     
  0.26856642745441500        24.915051589532411     
  0.27099987952571497        24.770024442320143     
  0.27345538084955712        24.615361606814730     
  0.27593313121189317        24.451129162278320     
  0.27843333220891403        24.277396466832315     
  0.28095618726345256        24.094236253241831     
  0.28350190164153438        23.901724724260788     
  0.28607068246907902        23.699941647370842     
  0.28866273874875209        23.488970448738414     
  0.29127828137697015        23.268898306204981     
  0.29391752316106018        23.039816241118189     
  0.29658067883657374        22.801819208800453     
  0.29926796508475867        22.555006187444583     
  0.30197960055018863        22.299480265215848     
  0.30471580585855285        22.035348725330863     
  0.30747680363460661        21.762723128875308     
  0.31026281852028442        21.481719395112520     
  0.31307407719297797        21.192457879026797     
  0.31591080838397861        20.895063445835888     
  0.31877324289708814        20.589665542199057     
  0.32166161362739687        20.276398263837812     
  0.32457615558023323        19.955400419278703     
  0.32751710589028399        19.626815589419628     
  0.33048470384088841        19.290792182612606     
  0.33347919088350680        18.947483484949814     
  0.33650081065736565        18.597047705431933     
  0.33954980900928089        18.239648015691905     
  0.34262643401366044        17.875452583940842     
  0.34573093599268817        17.504634602798689     
  0.34886356753669112        17.127372310665919     
  0.35202458352469035        16.743849006290574     
  0.35521424114513905        16.354253056180596     
  0.35843279991684773        15.958777894509879     
  0.36168052171009957        15.557622015164881     
  0.36495767076795665        15.150988955579173     
  0.36826451372775970        14.739087272002912     
  0.37160131964282211        14.322130505858162     
  0.37496836000432116        13.900337140832363     
  0.37836590876338688        13.473930550368856     
  0.38179424235339166        13.043138935217712     
  0.38525363971244142        12.608195250719497     
  0.38874438230607117        12.169337123502210     
  0.39226675415014500        11.726806757283832     
  0.39582104183396499        11.280850827484684     
  0.39940753454358874        10.831720364368593     
  0.40302652408535816        10.379670624448039     
  0.40667830490964152        9.9249609499072093     
  0.41036317413479101        9.4678546158161510     
  0.41408143157131672        9.0086186649328610     
  0.41783337974628021        8.5475237299138271     
  0.42161932392790891        8.0848438427804865     
  0.42543957215043327        7.6208562315182178     
  0.42929443523914962        7.1558411037153817     
  0.43318422683570929        6.6900814171837055     
  0.43710926342363771        6.2238626375368398     
  0.44106986435408424        5.7574724827425072     
  0.44506635187180504        5.2912006547034238     
  0.44909905114138210        4.8253385579654946     
  0.45316829027367955        4.3601790056961320     
  0.45727440035253930        3.8960159131234064     
  0.46141771546171911        3.4331439786750337     
  0.46559857271207444        2.9718583531085088     
  0.46981731226898649        2.5124542969759460     
  0.47407427738003927        2.0552268268229028     
  0.47836981440294690        1.6004703505769697     
  0.48270427283373424        1.1484782926397585     
  0.48707800533517259       0.69954270925607176     
  0.49149136776547381       0.25395389479398034     
  0.49594471920724303      -0.18800002036813623     
  0.50043842199669530      -0.62603347959048250     
  0.50497284175313573       -1.0598639165356722     
  0.50954834740870747       -1.4892121776653084     
  0.51416531123840903       -1.9138029497237667     
  0.51882410889038300       -2.3333651912024500     
  0.52352511941648072       -2.7476325667170869     
  0.52826872530310187       -3.1563438831709760     
  0.53305531250231541       -3.5592435265197615     
  0.53788527046326107       -3.9560818978978070     
  0.54275899216383627       -4.3466158478136485     
  0.54767687414266975       -4.7306091070720839     
  0.55263931653138476       -5.1078327130348740     
  0.55764672308715524       -5.4780654297895488     
  0.56269950122555601       -5.8410941607588214     
  0.56779806205371164       -6.1967143522505985     
  0.57294282040374478       -6.5447303864217794     
  0.57813419486652862       -6.8849559621084104     
  0.58337260782574352       -7.2172144619604914     
  0.58865848549224431       -7.5413393043128742     
  0.59399225793873722       -7.8571742782235496     
  0.59937435913477188       -8.1645738601195923     
  0.60480522698205019       -8.4634035105070247     
  0.61028530335005526       -8.7535399492268837     
  0.61581503411200311       -9.0348714077735472     
  0.62139486918111964       -9.3072978572359961     
  0.62702526254724733       -9.5707312104754365     
  0.63270667231378253       -9.8250954972164593     
  0.63843956073494823       -10.070327010802108     
  0.64422439425340428       -10.306374425446180     
  0.65006164353819795       -10.533198882909755     
  0.65595178352305961       -10.750774047631936     
  0.66189529344504339       -10.959086129457599     
  0.66789265688352051       -11.158133873227754     
  0.67394436179952344       -11.347928514629206     
  0.68005090057544815       -11.528493701840778     
  0.68621277005511572       -11.699865382661738     
  0.69243047158419646       -11.862091656963585     
  0.69870451105100129       -12.015232594469545     
  0.70503539892764122       -12.159360018034047     
  0.71142365031156185       -12.294557252768477     
  0.71786978496745157       -12.420918841536379     
  0.72437432736953267       -12.538550227521965     
  0.73093780674423270       -12.647567404756998     
  0.73756075711324365       -12.748096537673591     
  0.74424371733697237       -12.840273550931082     
  0.75098723115838262       -12.924243690943552     
  0.75779184724723592       -13.000161060708948     
  0.76465811924473259       -13.068188129709640     
  0.77158660580855765       -13.128495220815818     
  0.77857787065833428       -13.181259976276426     
  0.78563248262148966       -13.226666805025236     
  0.79275101567953643       -13.264906313660841     
  0.79993404901477316       -13.296174723577629     
  0.80718216705740808       -13.320673276828266     
  0.81449595953310983       -13.338607633385795     
  0.82187602151098937       -13.350187262544235     
  0.82932295345201590       -13.355624831248528     
  0.83683736125787223       -13.355135592178204     
  0.84441985632025229       -13.348936774421892     
  0.85207105557060570       -13.337246979572413     
  0.85979158153033286       -13.320285586043710     
  0.86758206236143520       -13.298272164360679     
  0.87544313191762324       -13.271425906101939     
  0.88337542979588968       -13.239965069083041     
  0.89137960138854766       -13.204106441254575     
  0.89945629793574233       -13.164064825656546     
  0.90760617657843679       -13.120052548618162     
  0.91582990041187939       -13.072278993222129     
  0.92412813853955456       -13.020950159865780     
  0.93250156612762236       -12.966268255549823     
  0.94095086445985288       -12.908431313310743     
  0.94947672099305624       -12.847632842987005     
  0.95807982941301617       -12.784061514274459     
  0.96676088969093010       -12.717900872784845     
  0.97552060814036101       -12.649329089575751     
  0.98435969747470409       -12.578518744373035     
  0.99327887686517558       -12.505636642460376     
   1.0022788719993265       -12.430843664967702     
   1.0113604151400861       -12.354294652053557     
   1.0205242451853405       -12.276138318248153     
   1.0297711077280518       -12.196517199006784     
   1.0391017551169217       -12.115567627319507     
   1.0485169465176039       -12.033419739034589     
   1.0580174479744713       -11.950197505382285     
   1.0676040324729448       -11.866018791033843     
   1.0772774800023850       -11.780995435899150     
   1.0870385776195528       -11.695233358757159     
   1.0968881195126481       -11.608832680726024     
   1.1068269070659265       -11.521887866516265     
   1.1168557489249009       -11.434487881369639     
   1.1269754610621370       -11.346716361569133     
   1.1371868668436409       -11.258651796411050     
   1.1474907970958517       -11.170367719557577     
   1.1578880901732393       -11.081932907736723     
   1.1683795920265148       -10.993411584824536     
   1.1789661562714597       -10.904863629430482     
   1.1896486442583780       -10.816344784209161     
   1.2004279251421774       -10.727906865237664     
   1.2113048759530876       -10.639597969926198     
   1.2222803816680157       -10.551462682067454     
   1.2333553352825517       -10.463542272775262     
   1.2445306378836245       -10.375874896213171     
   1.2558071987228163       -10.288495779166038     
   1.2671859352903425       -10.201437403660455     
   1.2786677733897001       -10.114729681990555     
   1.2902536472129940       -10.028400123652256     
   1.3019444994169451       -9.9424739938297062     
   1.3137412811995881       -9.8569744632105429     
   1.3256449523776617       -9.7719227490303560     
   1.3376564814647041       -9.6873382473600760     
   1.3497768457498511       -9.6032386567520529     
   1.3620070313773536       -9.5196400934504624     
   1.3743480334268108       -9.4365571984490995     
   1.3868008559941332       -9.3540032367443597     
   1.3993665122732384       -9.2719901891831995     
   1.4120460246384876       -9.1905288373456795     
   1.4248404247278681       -9.1096288419294638     
   1.4377507535269300       -9.0292988151204572     
   1.4507780614534840       -8.9495463874400656     
   1.4639234084430652       -8.8703782695567295     
   1.4771878640351734       -8.7918003095380932     
   1.4905725074602927       -8.7138175460019180     
   1.5040784277277011       -8.6364342575995767     
   1.5177067237140740       -8.5596540092369668     
   1.5314585042528934       -8.4834796954050482     
   1.5453348882246636       -8.4079135809572421     
   1.5593370046479484       -8.3329573396343868     
   1.5734659927712284       -8.2586120906011669     
   1.5877230021655953       -8.1848784332213391     
   1.6021091928182831       -8.1117564802640416     
   1.6166257352270474       -8.0392458896999770     
   1.6312738104954005       -7.9673458952152982     
   1.6460546104287102       -7.8960553355428758     
   1.6609693376311654       -7.8253726826855505     
   1.6760192056036252       -7.7552960690840607     
   1.6912054388423532       -7.6858233137639225     
   1.7065292729386425       -7.6169519474804002     
   1.7219919546793505       -7.5486792368686748     
   1.7375947421483375       -7.4810022075976024     
   1.7533389048288290       -7.4139176665192812     
   1.7692257237067048       -7.3474222228033144     
   1.7852564913747224       -7.2815123080433963     
   1.8014325121376855       -7.2161841953246277     
   1.8177551021185667       -7.1514340172423836     
   1.8342255893655897       -7.0872577828672041     
   1.8508453139602830       -7.0236513936548466     
   1.8676156281265126       -6.9606106583059937     
   1.8845378963405022       -6.8981313065858210     
   1.9016134954418507       -6.8362090021194950     
   1.9188438147455558       -6.7748393541855387     
   1.9362302561550511       -6.7140179285344779     
   1.9537742342762694       -6.6537402572653566     
   1.9714771765327399       -6.5940018477972639     
   1.9893405232817243       -6.5347981909770416     
