   1.3822751979752665E-006   1394.3763859620142     
   1.3947998477444208E-006   1394.3763859613223     
   1.4074379820440571E-006   1394.3763859606183     
   1.4201906291455367E-006   1394.3763859599017     
   1.4330588266372786E-006   1394.3763859591713     
   1.4460436215091809E-006   1394.3763859584285     
   1.4591460702378062E-006   1394.3763859576718     
   1.4723672388723408E-006   1394.3763859569012     
   1.4857082031213301E-006   1394.3763859561163     
   1.4991700484402000E-006   1394.3763859553176     
   1.5127538701195753E-006   1394.3763859545040     
   1.5264607733743922E-006   1394.3763859536759     
   1.5402918734338238E-006   1394.3763859528326     
   1.5542482956320160E-006   1394.3763859519743     
   1.5683311754996499E-006   1394.3763859511000     
   1.5825416588563296E-006   1394.3763859502099     
   1.5968809019038098E-006   1394.3763859493035     
   1.6113500713200681E-006   1394.3763859483804     
   1.6259503443542271E-006   1394.3763859474407     
   1.6406829089223402E-006   1394.3763859464839     
   1.6555489637040427E-006   1394.3763859455098     
   1.6705497182400797E-006   1394.3763859445176     
   1.6856863930307173E-006   1394.3763859435080     
   1.7009602196350457E-006   1394.3763859424796     
   1.7163724407711826E-006   1394.3763859414325     
   1.7319243104173829E-006   1394.3763859403662     
   1.7476170939140666E-006   1394.3763859392807     
   1.7634520680667692E-006   1394.3763859381752     
   1.7794305212500273E-006   1394.3763859370499     
   1.7955537535122026E-006   1394.3763859359040     
   1.8118230766812585E-006   1394.3763859347373     
   1.8282398144714926E-006   1394.3763859335493     
   1.8448053025912382E-006   1394.3763859323394     
   1.8615208888515413E-006   1394.3763859311077     
   1.8783879332758217E-006   1394.3763859298535     
   1.8954078082105273E-006   1394.3763859285766     
   1.9125818984367932E-006   1394.3763859272767     
   1.9299116012831093E-006   1394.3763859259525     
   1.9473983267390128E-006   1394.3763859246048     
   1.9650434975698066E-006   1394.3763859232322     
   1.9828485494323194E-006   1394.3763859218350     
   2.0008149309917165E-006   1394.3763859204118     
   2.0189441040393643E-006   1394.3763859189633     
   2.0372375436117671E-006   1394.3763859174878     
   2.0556967381105788E-006   1394.3763859159860     
   2.0743231894237040E-006   1394.3763859144567     
   2.0931184130474958E-006   1394.3763859128992     
   2.1120839382100596E-006   1394.3763859113135     
   2.1312213079956740E-006   1394.3763859096994     
   2.1505320794703438E-006   1394.3763859080552     
   2.1700178238084827E-006   1394.3763859063818     
   2.1896801264207510E-006   1394.3763859046776     
   2.2095205870830478E-006   1394.3763859029423     
   2.2295408200666723E-006   1394.3763859011754     
   2.2497424542696664E-006   1394.3763858993766     
   2.2701271333493445E-006   1394.3763858975447     
   2.2906965158560273E-006   1394.3763858956795     
   2.3114522753679846E-006   1394.3763858937807     
   2.3323961006276029E-006   1394.3763858918471     
   2.3535296956787845E-006   1394.3763858898781     
   2.3748547800055940E-006   1394.3763858878735     
   2.3963730886721607E-006   1394.3763858858324     
   2.4180863724638457E-006   1394.3763858837540     
   2.4399963980296921E-006   1394.3763858816380     
   2.4621049480261643E-006   1394.3763858794832     
   2.4844138212621871E-006   1394.3763858772897     
   2.5069248328455049E-006   1394.3763858750558     
   2.5296398143303616E-006   1394.3763858727814     
   2.5525606138665207E-006   1394.3763858704656     
   2.5756890963496353E-006   1394.3763858681073     
   2.5990271435729817E-006   1394.3763858657062     
   2.6225766543805676E-006   1394.3763858632619     
   2.6463395448216243E-006   1394.3763858607722     
   2.6703177483065036E-006   1394.3763858582377     
   2.6945132157639856E-006   1394.3763858556574     
   2.7189279158000091E-006   1394.3763858530297     
   2.7435638348578430E-006   1394.3763858503542     
   2.7684229773797120E-006   1394.3763858476304     
   2.7935073659698772E-006   1394.3763858448567     
   2.8188190415592056E-006   1394.3763858420321     
   2.8443600635712224E-006   1394.3763858391567     
   2.8701325100896731E-006   1394.3763858362286     
   2.8961384780275994E-006   1394.3763858332475     
   2.9223800832979528E-006   1394.3763858302116     
   2.9488594609857475E-006   1394.3763858271211     
   2.9755787655217773E-006   1394.3763858239738     
   3.0025401708579087E-006   1394.3763858207699     
   3.0297458706439531E-006   1394.3763858175068     
   3.0571980784061550E-006   1394.3763858141847     
   3.0848990277272852E-006   1394.3763858108023     
   3.1128509724283716E-006   1394.3763858073580     
   3.1410561867520776E-006   1394.3763858038512     
   3.1695169655477397E-006   1394.3763858002806     
   3.1982356244580815E-006   1394.3763857966451     
   3.2272145001076222E-006   1394.3763857929432     
   3.2564559502927873E-006   1394.3763857891738     
   3.2859623541737489E-006   1394.3763857853360     
   3.3157361124679980E-006   1394.3763857814286     
   3.3457796476456731E-006   1394.3763857774493     
   3.3760954041266594E-006   1394.3763857733982     
   3.4066858484794730E-006   1394.3763857692729     
   3.4375534696219467E-006   1394.3763857650729     
   3.4687007790237363E-006   1394.3763857607964     
   3.5001303109106568E-006   1394.3763857564418     
   3.5318446224708797E-006   1394.3763857520082     
   3.5638462940629855E-006   1394.3763857474942     
   3.5961379294259132E-006   1394.3763857428971     
   3.6287221558908056E-006   1394.3763857382169     
   3.6616016245947757E-006   1394.3763857334516     
   3.6947790106966097E-006   1394.3763857285994     
   3.7282570135944263E-006   1394.3763857236590     
   3.7620383571453054E-006   1394.3763857186282     
   3.7961257898869085E-006   1394.3763857135061     
   3.8305220852611085E-006   1394.3763857082911     
   3.8652300418396374E-006   1394.3763857029805     
   3.9002524835517982E-006   1394.3763856975738     
   3.9355922599142137E-006   1394.3763856920684     
   3.9712522462626778E-006   1394.3763856864630     
   4.0072353439860992E-006   1394.3763856807554     
   4.0435444807625659E-006   1394.3763856749438     
   4.0801826107975465E-006   1394.3763856690266     
   4.1171527150642558E-006   1394.3763856630014     
   4.1544578015461909E-006   1394.3763856568671     
   4.1921009054818705E-006   1394.3763856506205     
   4.2300850896117898E-006   1394.3763856442604     
   4.2684134444276133E-006   1394.3763856377846     
   4.3070890884236215E-006   1394.3763856311909     
   4.3461151683504469E-006   1394.3763856244771     
   4.3854948594710933E-006   1394.3763856176408     
   4.4252313658192907E-006   1394.3763856106807     
   4.4653279204601802E-006   1394.3763856035935     
   4.5057877857533648E-006   1394.3763855963775     
   4.5466142536183423E-006   1394.3763855890302     
   4.5878106458023476E-006   1394.3763855815487     
   4.6293803141506173E-006   1394.3763855739314     
   4.6713266408791030E-006   1394.3763855661753     
   4.7136530388496575E-006   1394.3763855582781     
   4.7563629518477181E-006   1394.3763855502370     
   4.7994598548624953E-006   1394.3763855420493     
   4.8429472543697116E-006   1394.3763855337129     
   4.8868286886168969E-006   1394.3763855252244     
   4.9311077279112676E-006   1394.3763855165819     
   4.9757879749102179E-006   1394.3763855077816     
   5.0208730649144392E-006   1394.3763854988217     
   5.0663666661637013E-006   1394.3763854896981     
   5.1122724801353070E-006   1394.3763854804085     
   5.1585942418452531E-006   1394.3763854709498     
   5.2053357201521228E-006   1394.3763854613192     
   5.2525007180637320E-006   1394.3763854515132     
   5.3000930730465462E-006   1394.3763854415286     
   5.3481166573379097E-006   1394.3763854313625     
   5.3965753782611034E-006   1394.3763854210108     
   5.4454731785432502E-006   1394.3763854104709     
   5.4948140366361082E-006   1394.3763853997391     
   5.5446019670397693E-006   1394.3763853888122     
   5.5948410206292831E-006   1394.3763853776861     
   5.6455352849842541E-006   1394.3763853663577     
   5.6966888847214120E-006   1394.3763853548232     
   5.7483059818302076E-006   1394.3763853430780     
   5.8003907760114341E-006   1394.3763853311198     
   5.8529475050189339E-006   1394.3763853189434     
   5.9059804450043885E-006   1394.3763853065457     
   5.9594939108652420E-006   1394.3763852939221     
   6.0134922565957623E-006   1394.3763852810685     
   6.0679798756413074E-006   1394.3763852679813     
   6.1229612012557750E-006   1394.3763852546558     
   6.1784407068623126E-006   1394.3763852410875     
   6.2344229064172805E-006   1394.3763852272723     
   6.2909123547775236E-006   1394.3763852132058     
   6.3479136480709604E-006   1394.3763851988833     
   6.4054314240705436E-006   1394.3763851842996     
   6.4634703625715955E-006   1394.3763851694509     
   6.5220351857725724E-006   1394.3763851543313     
   6.5811306586592691E-006   1394.3763851389372     
   6.6407615893925162E-006   1394.3763851232623     
   6.7009328296993833E-006   1394.3763851073020     
   6.7616492752679249E-006   1394.3763850910518     
   6.8229158661455110E-006   1394.3763850745056     
   6.8847375871407578E-006   1394.3763850576574     
   6.9471194682291062E-006   1394.3763850405032     
   7.0100665849620794E-006   1394.3763850230368     
   7.0735840588802289E-006   1394.3763850052524     
   7.1376770579298511E-006   1394.3763849871439     
   7.2023507968834567E-006   1394.3763849687061     
   7.2676105377640611E-006   1394.3763849499326     
   7.3334615902733138E-006   1394.3763849308173     
   7.3999093122235133E-006   1394.3763849113541     
   7.4669591099735259E-006   1394.3763848915364     
   7.5346164388686691E-006   1394.3763848713579     
   7.6028868036845680E-006   1394.3763848508124     
   7.6717757590750385E-006   1394.3763848298927     
   7.7412889100240283E-006   1394.3763848085921     
   7.8114319123016564E-006   1394.3763847869038     
   7.8822104729243725E-006   1394.3763847648211     
   7.9536303506193070E-006   1394.3763847423359     
   8.0256973562928051E-006   1394.3763847194414     
   8.0984173535032240E-006   1394.3763846961301     
   8.1717962589380035E-006   1394.3763846723946     
   8.2458400428950607E-006   1394.3763846482273     
   8.3205547297685613E-006   1394.3763846236197     
   8.3959463985390606E-006   1394.3763845985643     
   8.4720211832681230E-006   1394.3763845730525     
   8.5487852735973959E-006   1394.3763845470767     
   8.6262449152522143E-006   1394.3763845206277     
   8.7044064105497754E-006   1394.3763844936975     
   8.7832761189119066E-006   1394.3763844662767     
   8.8628604573824823E-006   1394.3763844383570     
   8.9431659011495386E-006   1394.3763844099290     
   9.0241989840721059E-006   1394.3763843809836     
   9.1059662992118230E-006   1394.3763843515114     
   9.1884744993693641E-006   1394.3763843215022     
   9.2717302976257276E-006   1394.3763842909470     
   9.3557404678884304E-006   1394.3763842598357     
   9.4405118454426553E-006   1394.3763842281578     
   9.5260513275073807E-006   1394.3763841959037     
   9.6123658737965547E-006   1394.3763841630621     
   9.6994625070853662E-006   1394.3763841296227     
   9.7873483137816222E-006   1394.3763840955744     
   9.8760304445023285E-006   1394.3763840609067     
   9.9655161146554793E-006   1394.3763840256074     
   1.0055812605027112E-005   1394.3763839896660     
   1.0146927262373702E-005   1394.3763839530700     
   1.0238867500019914E-005   1394.3763839158082     
   1.0331640798461763E-005   1394.3763838778675     
   1.0425254705975242E-005   1394.3763838392365     
   1.0519716839230490E-005   1394.3763837999022     
   1.0615034883911482E-005   1394.3763837598519     
   1.0711216595341366E-005   1394.3763837190725     
   1.0808269799113457E-005   1394.3763836775506     
   1.0906202391727943E-005   1394.3763836352730     
   1.1005022341234371E-005   1394.3763835922257     
   1.1104737687879937E-005   1394.3763835483951     
   1.1205356544763683E-005   1394.3763835037662     
   1.1306887098496567E-005   1394.3763834583251     
   1.1409337609867580E-005   1394.3763834120566     
   1.1512716414515845E-005   1394.3763833649459     
   1.1617031923608834E-005   1394.3763833169780     
   1.1722292624526717E-005   1394.3763832681364     
   1.1828507081552923E-005   1394.3763832184056     
   1.1935683936570947E-005   1394.3763831677700     
   1.2043831909767485E-005   1394.3763831162125     
   1.2152959800341919E-005   1394.3763830637163     
   1.2263076487222249E-005   1394.3763830102644     
   1.2374190929787507E-005   1394.3763829558397     
   1.2486312168596716E-005   1394.3763829004242     
   1.2599449326124445E-005   1394.3763828440001     
   1.2713611607503044E-005   1394.3763827865484     
   1.2828808301271600E-005   1394.3763827280509     
   1.2945048780131668E-005   1394.3763826684890     
   1.3062342501709870E-005   1394.3763826078423     
   1.3180699009327377E-005   1394.3763825460919     
   1.3300127932776392E-005   1394.3763824832176     
   1.3420638989103646E-005   1394.3763824191983     
   1.3542241983401013E-005   1394.3763823540137     
   1.3664946809603259E-005   1394.3763822876426     
   1.3788763451293057E-005   1394.3763822200631     
   1.3913701982513268E-005   1394.3763821512539     
   1.4039772568586593E-005   1394.3763820811914     
   1.4166985466942646E-005   1394.3763820098541     
   1.4295351027952534E-005   1394.3763819372180     
   1.4424879695770983E-005   1394.3763818632592     
   1.4555582009186105E-005   1394.3763817879546     
   1.4687468602476855E-005   1394.3763817112790     
   1.4820550206278272E-005   1394.3763816332075     
   1.4954837648454542E-005   1394.3763815537150     
   1.5090341854979996E-005   1394.3763814727756     
   1.5227073850828053E-005   1394.3763813903622     
   1.5365044760868266E-005   1394.3763813064490     
   1.5504265810771454E-005   1394.3763812210084     
   1.5644748327923043E-005   1394.3763811340118     
   1.5786503742344724E-005   1394.3763810454316     
   1.5929543587624392E-005   1394.3763809552395     
   1.6073879501854578E-005   1394.3763808634055     
   1.6219523228579328E-005   1394.3763807698992     
   1.6366486617749716E-005   1394.3763806746908     
   1.6514781626687963E-005   1394.3763805777496     
   1.6664420321060331E-005   1394.3763804790435     
   1.6815414875858807E-005   1394.3763803785407     
   1.6967777576391701E-005   1394.3763802762085     
   1.7121520819283203E-005   1394.3763801720131     
   1.7276657113482007E-005   1394.3763800659210     
   1.7433199081279071E-005   1394.3763799578978     
   1.7591159459334603E-005   1394.3763798479083     
   1.7750551099714343E-005   1394.3763797359159     
   1.7911386970935241E-005   1394.3763796218855     
   1.8073680159020618E-005   1394.3763795057789     
   1.8237443868564864E-005   1394.3763793875587     
   1.8402691423807817E-005   1394.3763792671864     
   1.8569436269718835E-005   1394.3763791446233     
   1.8737691973090729E-005   1394.3763790198288     
   1.8907472223643591E-005   1394.3763788927627     
   1.9078790835138623E-005   1394.3763787633834     
   1.9251661746502057E-005   1394.3763786316488     
   1.9426099022959269E-005   1394.3763784975160     
   1.9602116857179152E-005   1394.3763783609413     
   1.9779729570428886E-005   1394.3763782218807     
   1.9958951613739127E-005   1394.3763780802892     
   2.0139797569079812E-005   1394.3763779361193     
   2.0322282150546562E-005   1394.3763777893255     
   2.0506420205557863E-005   1394.3763776398591     
   2.0692226716063096E-005   1394.3763774876722     
   2.0879716799761505E-005   1394.3763773327146     
   2.1068905711332219E-005   1394.3763771749366     
   2.1259808843675395E-005   1394.3763770142862     
   2.1452441729164644E-005   1394.3763768507110     
   2.1646820040910769E-005   1394.3763766841585     
   2.1842959594036978E-005   1394.3763765145736     
   2.2040876346965643E-005   1394.3763763419022     
   2.2240586402716723E-005   1394.3763761660873     
   2.2442106010217934E-005   1394.3763759870722     
   2.2645451565626814E-005   1394.3763758047974     
   2.2850639613664767E-005   1394.3763756192054     
   2.3057686848963149E-005   1394.3763754302345     
   2.3266610117421632E-005   1394.3763752378236     
   2.3477426417578801E-005   1394.3763750419105     
   2.3690152901995198E-005   1394.3763748424301     
   2.3904806878648918E-005   1394.3763746393192     
   2.4121405812343807E-005   1394.3763744325104     
   2.4339967326130477E-005   1394.3763742219369     
   2.4560509202740122E-005   1394.3763740075308     
   2.4783049386031404E-005   1394.3763737892211     
   2.5007605982450376E-005   1394.3763735669374     
   2.5234197262503708E-005   1394.3763733406072     
   2.5462841662245197E-005   1394.3763731101574     
   2.5693557784775775E-005   1394.3763728755121     
   2.5926364401757117E-005   1394.3763726365953     
   2.6161280454938938E-005   1394.3763723933293     
   2.6398325057700148E-005   1394.3763721456351     
   2.6637517496603979E-005   1394.3763718934315     
   2.6878877232967157E-005   1394.3763716366368     
   2.7122423904443373E-005   1394.3763713751682     
   2.7368177326621001E-005   1394.3763711089393     
   2.7616157494635390E-005   1394.3763708378640     
   2.7866384584795695E-005   1394.3763705618542     
   2.8118878956226468E-005   1394.3763702808201     
   2.8373661152524165E-005   1394.3763699946696     
   2.8630751903428580E-005   1394.3763697033105     
   2.8890172126509511E-005   1394.3763694066474     
   2.9151942928868638E-005   1394.3763691045840     
   2.9416085608856868E-005   1394.3763687970218     
   2.9682621657807210E-005   1394.3763684838605     
   2.9951572761783387E-005   1394.3763681649987     
   3.0222960803344257E-005   1394.3763678403323     
   3.0496807863324222E-005   1394.3763675097557     
   3.0773136222629814E-005   1394.3763671731613     
   3.1051968364052497E-005   1394.3763668304398     
   3.1333326974097937E-005   1394.3763664814794     
   3.1617234944831838E-005   1394.3763661261660     
   3.1903715375742499E-005   1394.3763657643851     
   3.2192791575620243E-005   1394.3763653960179     
   3.2484487064453883E-005   1394.3763650209455     
   3.2778825575344372E-005   1394.3763646390453     
   3.3075831056435790E-005   1394.3763642501926     
   3.3375527672863810E-005   1394.3763638542619     
   3.3677939808721876E-005   1394.3763634511231     
   3.3983092069045099E-005   1394.3763630406459     
   3.4291009281812251E-005   1394.3763626226964     
   3.4601716499965773E-005   1394.3763621971384     
   3.4915239003450196E-005   1394.3763617638340     
   3.5231602301268947E-005   1394.3763613226413     
   3.5550832133559843E-005   1394.3763608734178     
   3.5872954473689387E-005   1394.3763604160160     
   3.6197995530366001E-005   1394.3763599502881     
   3.6525981749772474E-005   1394.3763594760819     
   3.6856939817717634E-005   1394.3763589932437     
   3.7190896661807630E-005   1394.3763585016154     
   3.7527879453636816E-005   1394.3763580010377     
   3.7867915610998466E-005   1394.3763574913482     
   3.8211032800115621E-005   1394.3763569723797     
   3.8557258937892033E-005   1394.3763564439639     
   3.8906622194183582E-005   1394.3763559059296     
   3.9259150994090222E-005   1394.3763553581000     
   3.9614874020268775E-005   1394.3763548002987     
   3.9973820215266547E-005   1394.3763542323427     
   4.0336018783876257E-005   1394.3763536540478     
   4.0701499195512139E-005   1394.3763530652254     
   4.1070291186607681E-005   1394.3763524656847     
   4.1442424763035089E-005   1394.3763518552300     
   4.1817930202546571E-005   1394.3763512336620     
   4.2196838057237885E-005   1394.3763506007797     
   4.2579179156034097E-005   1394.3763499563761     
   4.2964984607197902E-005   1394.3763493002418     
   4.3354285800860698E-005   1394.3763486321639     
   4.3747114411576533E-005   1394.3763479519239     
   4.4143502400899272E-005   1394.3763472593007     
   4.4543482019983027E-005   1394.3763465540696     
   4.4947085812206226E-005   1394.3763458359999     
   4.5354346615819427E-005   1394.3763451048590     
   4.5765297566617071E-005   1394.3763443604089     
   4.6179972100633604E-005   1394.3763436024065     
   4.6598403956863778E-005   1394.3763428306049     
   4.7020627180007893E-005   1394.3763420447538     
   4.7446676123241629E-005   1394.3763412445978     
   4.7876585451011184E-005   1394.3763404298754     
   4.8310390141853662E-005   1394.3763396003219     
   4.8748125491242989E-005   1394.3763387556673     
   4.9189827114461665E-005   1394.3763378956367     
   4.9635530949498487E-005   1394.3763370199504     
   5.0085273259972605E-005   1394.3763361283229     
   5.0539090638083998E-005   1394.3763352204642     
   5.0997020007590670E-005   1394.3763342960794     
   5.1459098626812944E-005   1394.3763333548668     
   5.1925364091664839E-005   1394.3763323965209     
   5.2395854338712990E-005   1394.3763314207292     
   5.2870607648263230E-005   1394.3763304271743     
   5.3349662647475269E-005   1394.3763294155326     
   5.3833058313505369E-005   1394.3763283854755     
   5.4320833976677737E-005   1394.3763273366671     
   5.4813029323684470E-005   1394.3763262687664     
   5.5309684400814628E-005   1394.3763251814253     
   5.5810839617212456E-005   1394.3763240742910     
   5.6316535748165179E-005   1394.3763229470021     
   5.6826813938420631E-005   1394.3763217991927     
   5.7341715705534834E-005   1394.3763206304880     
   5.7861282943250020E-005   1394.3763194405090     
   5.8385557924903201E-005   1394.3763182288674     
   5.8914583306865631E-005   1394.3763169951690     
   5.9448402132013450E-005   1394.3763157390129     
   5.9987057833229769E-005   1394.3763144599895     
   6.0530594236938456E-005   1394.3763131576836     
   6.1079055566669988E-005   1394.3763118316699     
   6.1632486446659574E-005   1394.3763104815182     
   6.2190931905477942E-005   1394.3763091067879     
   6.2754437379694910E-005   1394.3763077070328     
   6.3323048717576295E-005   1394.3763062817964     
   6.3896812182814220E-005   1394.3763048306148     
   6.4475774458291207E-005   1394.3763033530163     
   6.5059982649878475E-005   1394.3763018485201     
   6.5649484290268554E-005   1394.3763003166359     
   6.6244327342842744E-005   1394.3762987568655     
   6.6844560205573403E-005   1394.3762971687013     
   6.7450231714961888E-005   1394.3762955516261     
   6.8061391150011873E-005   1394.3762939051142     
   6.8678088236238949E-005   1394.3762922286292     
   6.9300373149716303E-005   1394.3762905216256     
   6.9928296521157290E-005   1394.3762887835478     
   7.0561909440034759E-005   1394.3762870138303     
   7.1201263458737924E-005   1394.3762852118975     
   7.1846410596766727E-005   1394.3762833771618     
   7.2497403344964356E-005   1394.3762815090272     
   7.3154294669787958E-005   1394.3762796068854     
   7.3817138017618156E-005   1394.3762776701169     
   7.4485987319107617E-005   1394.3762756980916     
   7.5160896993568959E-005   1394.3762736901683     
   7.5841921953402424E-005   1394.3762716456927     
   7.6529117608563756E-005   1394.3762695639998     
   7.7222539871072448E-005   1394.3762674444120     
   7.7922245159560896E-005   1394.3762652862388     
   7.8628290403864781E-005   1394.3762630887793     
   7.9340733049655031E-005   1394.3762608513175     
   8.0059631063111706E-005   1394.3762585731245     
   8.0785042935640361E-005   1394.3762562534603     
   8.1517027688630969E-005   1394.3762538915687     
   8.2255644878260090E-005   1394.3762514866814     
   8.3000954600336547E-005   1394.3762490380161     
   8.3753017495190907E-005   1394.3762465447755     
   8.4511894752609397E-005   1394.3762440061482     
   8.5277648116812473E-005   1394.3762414213079     
   8.6050339891478425E-005   1394.3762387894135     
   8.6830032944812589E-005   1394.3762361096087     
   8.7616790714662511E-005   1394.3762333810209     
   8.8410677213679356E-005   1394.3762306027622     
   8.9211757034526196E-005   1394.3762277739281     
   9.0020095355133385E-005   1394.3762248935984     
   9.0835757944001636E-005   1394.3762219608359     
   9.1658811165553126E-005   1394.3762189746851     
   9.2489321985531053E-005   1394.3762159341752     
   9.3327357976448109E-005   1394.3762128383162     
   9.4172987323084474E-005   1394.3762096861001     
   9.5026278828035362E-005   1394.3762064765017     
   9.5887301917309091E-005   1394.3762032084762     
   9.6756126645975682E-005   1394.3761998809598     
   9.7632823703866782E-005   1394.3761964928697     
   9.8517464421327139E-005   1394.3761930431033     
   9.9410120775018200E-005   1394.3761895305374     
   1.0031086539377442E-004   1394.3761859540293     
   1.0121977156451238E-004   1394.3761823124150     
   1.0213691323819375E-004   1394.3761786045093     
   1.0306236503584203E-004   1394.3761748291049     
   1.0399620225461395E-004   1394.3761709849741     
   1.0493850087392582E-004   1394.3761670708645     
   1.0588933756163547E-004   1394.3761630855031     
   1.0684878968028002E-004   1394.3761590275928     
   1.0781693529337047E-004   1394.3761548958130     
   1.0879385317174304E-004   1394.3761506888184     
   1.0977962279996813E-004   1394.3761464052398     
   1.1077432438281750E-004   1394.3761420436838     
   1.1177803885178988E-004   1394.3761376027305     
   1.1279084787169577E-004   1394.3761330809346     
   1.1381283384730190E-004   1394.3761284768245     
   1.1484407993003591E-004   1394.3761237889019     
   1.1588467002475174E-004   1394.3761190156406     
   1.1693468879655637E-004   1394.3761141554874     
   1.1799422167769838E-004   1394.3761092068605     
   1.1906335487451895E-004   1394.3761041681498     
   1.2014217537446582E-004   1394.3760990377145     
   1.2123077095317083E-004   1394.3760938138853     
   1.2232923018159152E-004   1394.3760884949627     
   1.2343764243321760E-004   1394.3760830792144     
   1.2455609789134250E-004   1394.3760775648789     
   1.2568468755640099E-004   1394.3760719501606     
   1.2682350325337309E-004   1394.3760662332329     
   1.2797263763925540E-004   1394.3760604122351     
   1.2913218421059972E-004   1394.3760544852726     
   1.3030223731112027E-004   1394.3760484504157     
   1.3148289213936974E-004   1394.3760423057015     
   1.3267424475648477E-004   1394.3760360491297     
   1.3387639209400194E-004   1394.3760296786636     
   1.3508943196174420E-004   1394.3760231922304     
   1.3631346305577896E-004   1394.3760165877188     
   1.3754858496644836E-004   1394.3760098629798     
   1.3879489818647208E-004   1394.3760030158244     
   1.4005250411912374E-004   1394.3759960440236     
   1.4132150508648134E-004   1394.3759889453095     
   1.4260200433775241E-004   1394.3759817173714     
   1.4389410605767465E-004   1394.3759743578562     
   1.4519791537499275E-004   1394.3759668643697     
   1.4651353837101180E-004   1394.3759592344722     
   1.4784108208822842E-004   1394.3759514656811     
   1.4918065453904000E-004   1394.3759435554680     
   1.5053236471453292E-004   1394.3759355012585     
   1.5189632259335017E-004   1394.3759273004307     
   1.5327263915063981E-004   1394.3759189503164     
   1.5466142636708381E-004   1394.3759104481971     
   1.5606279723800947E-004   1394.3759017913064     
   1.5747686578258271E-004   1394.3758929768269     
   1.5890374705308509E-004   1394.3758840018895     
   1.6034355714427485E-004   1394.3758748635732     
   1.6179641320283254E-004   1394.3758655589043     
   1.6326243343689237E-004   1394.3758560848544     
   1.6474173712566003E-004   1394.3758464383400     
   1.6623444462911756E-004   1394.3758366162210     
   1.6774067739781605E-004   1394.3758266153020     
   1.6926055798275718E-004   1394.3758164323272     
   1.7079421004536445E-004   1394.3758060639827     
   1.7234175836754434E-004   1394.3757955068945     
   1.7390332886183909E-004   1394.3757847576258     
   1.7547904858167130E-004   1394.3757738126787     
   1.7706904573168097E-004   1394.3757626684915     
   1.7867344967815714E-004   1394.3757513214364     
   1.8029239095956290E-004   1394.3757397678212     
   1.8192600129715667E-004   1394.3757280038853     
   1.8357441360570938E-004   1394.3757160257999     
   1.8523776200431852E-004   1394.3757038296671     
   1.8691618182732072E-004   1394.3756914115174     
   1.8860980963530271E-004   1394.3756787673090     
   1.9031878322621224E-004   1394.3756658929267     
   1.9204324164656978E-004   1394.3756527841815     
   1.9378332520278167E-004   1394.3756394368058     
   1.9553917547255573E-004   1394.3756258464562     
   1.9731093531642058E-004   1394.3756120087096     
   1.9909874888934890E-004   1394.3755979190621     
   2.0090276165248642E-004   1394.3755835729285     
   2.0272312038498700E-004   1394.3755689656396     
   2.0455997319595480E-004   1394.3755540924412     
   2.0641346953649521E-004   1394.3755389484932     
   2.0828376021187397E-004   1394.3755235288666     
   2.1017099739378779E-004   1394.3755078285428     
   2.1207533463274479E-004   1394.3754918424124     
   2.1399692687055816E-004   1394.3754755652728     
   2.1593593045295261E-004   1394.3754589918258     
   2.1789250314228477E-004   1394.3754421166775     
   2.1986680413037951E-004   1394.3754249343367     
   2.2185899405148191E-004   1394.3754074392104     
   2.2386923499532712E-004   1394.3753896256046     
   2.2589769052032820E-004   1394.3753714877225     
   2.2794452566688377E-004   1394.3753530196609     
   2.3000990697080609E-004   1394.3753342154087     
   2.3209400247687086E-004   1394.3753150688465     
   2.3419698175248971E-004   1394.3752955737425     
   2.3631901590150684E-004   1394.3752757237521     
   2.3846027757812009E-004   1394.3752555124149     
   2.4062094100092910E-004   1394.3752349331530     
   2.4280118196710957E-004   1394.3752139792691     
   2.4500117786671702E-004   1394.3751926439429     
   2.4722110769711950E-004   1394.3751709202320     
   2.4946115207756140E-004   1394.3751488010646     
   2.5172149326385896E-004   1394.3751262792434     
   2.5400231516322920E-004   1394.3751033474373     
   2.5630380334925294E-004   1394.3750799981838     
   2.5862614507697374E-004   1394.3750562238829     
   2.6096952929813332E-004   1394.3750320167981     
   2.6333414667654525E-004   1394.3750073690512     
   2.6572018960360771E-004   1394.3749822726193     
   2.6812785221395712E-004   1394.3749567193354     
   2.7055733040126336E-004   1394.3749307008827     
   2.7300882183416809E-004   1394.3749042087934     
   2.7548252597236784E-004   1394.3748772344456     
   2.7797864408284236E-004   1394.3748497690608     
   2.8049737925623015E-004   1394.3748218036992     
   2.8303893642335276E-004   1394.3747933292600     
   2.8560352237188815E-004   1394.3747643364759     
   2.8819134576319561E-004   1394.3747348159111     
   2.9080261714929320E-004   1394.3747047579579     
   2.9343754898998836E-004   1394.3746741528337     
   2.9609635567016463E-004   1394.3746429905777     
   2.9877925351722419E-004   1394.3746112610484     
   3.0148646081868910E-004   1394.3745789539191     
   3.0421819783996157E-004   1394.3745460586752     
   3.0697468684224557E-004   1394.3745125646099     
   3.0975615210063011E-004   1394.3744784608243     
   3.1256281992233733E-004   1394.3744437362177     
   3.1539491866513521E-004   1394.3744083794891     
   3.1825267875591729E-004   1394.3743723791310     
   3.2113633270945094E-004   1394.3743357234282     
   3.2404611514729538E-004   1394.3742984004493     
   3.2698226281689094E-004   1394.3742603980486     
   3.2994501461082156E-004   1394.3742217038571     
   3.3293461158625165E-004   1394.3741823052824     
   3.3595129698453931E-004   1394.3741421895015     
   3.3899531625102670E-004   1394.3741013434583     
   3.4206691705501052E-004   1394.3740597538595     
   3.4516634930989269E-004   1394.3740174071702     
   3.4829386519351433E-004   1394.3739742896068     
   3.5144971916867312E-004   1394.3739303871384     
   3.5463416800382753E-004   1394.3738856854750     
   3.5784747079398778E-004   1394.3738401700696     
   3.6108988898179680E-004   1394.3737938261079     
   3.6436168637880156E-004   1394.3737466385080     
   3.6766312918691768E-004   1394.3736985919115     
   3.7099448602008847E-004   1394.3736496706817     
   3.7435602792613949E-004   1394.3735998588975     
   3.7774802840883238E-004   1394.3735491403465     
   3.8117076345011737E-004   1394.3734974985230     
   3.8462451153258790E-004   1394.3734449166193     
   3.8810955366213917E-004   1394.3733913775225     
   3.9162617339083078E-004   1394.3733368638079     
   3.9517465683995789E-004   1394.3732813577342     
   3.9875529272333042E-004   1394.3732248412364     
   4.0236837237076368E-004   1394.3731672959209     
   4.0601418975178168E-004   1394.3731087030592     
   4.0969304149953540E-004   1394.3730490435819     
   4.1340522693493730E-004   1394.3729882980733     
   4.1715104809101532E-004   1394.3729264467627     
   4.2093080973748672E-004   1394.3728634695206     
   4.2474481940555476E-004   1394.3727993458506     
   4.2859338741293090E-004   1394.3727340548837     
   4.3247682688908238E-004   1394.3726675753703     
   4.3639545380070970E-004   1394.3725998856748     
   4.4034958697745404E-004   1394.3725309637666     
   4.4433954813783859E-004   1394.3724607872152     
   4.4836566191544411E-004   1394.3723893331819     
   4.5242825588532183E-004   1394.3723165784111     
   4.5652766059064602E-004   1394.3722424992238     
   4.6066420956960798E-004   1394.3721670715120     
   4.6483823938255325E-004   1394.3720902707262     
   4.6905008963936499E-004   1394.3720120718724     
   4.7330010302709587E-004   1394.3719324494996     
   4.7758862533784990E-004   1394.3718513776946     
   4.8191600549691671E-004   1394.3717688300724     
   4.8628259559116107E-004   1394.3716847797673     
   4.9068875089767008E-004   1394.3715991994254     
   4.9513482991265861E-004   1394.3715120611939     
   4.9962119438063811E-004   1394.3714233367136     
   5.0414820932384900E-004   1394.3713329971083     
   5.0871624307195968E-004   1394.3712410129770     
   5.1332566729203459E-004   1394.3711473543829     
   5.1797685701877459E-004   1394.3710519908452     
   5.2267019068503008E-004   1394.3709548913266     
   5.2740605015259184E-004   1394.3708560242262     
   5.3218482074325981E-004   1394.3707553573679     
   5.3700689127019450E-004   1394.3706528579885     
   5.4187265406955112E-004   1394.3705484927295     
   5.4678250503240153E-004   1394.3704422276253     
   5.5173684363694464E-004   1394.3703340280911     
   5.5673607298100975E-004   1394.3702238589135     
   5.6178059981485231E-004   1394.3701116842374     
   5.6687083457424936E-004   1394.3699974675555     
   5.7200719141389334E-004   1394.3698811716952     
   5.7719008824108848E-004   1394.3697627588085     
   5.8241994674975285E-004   1394.3696421903569     
   5.8769719245472889E-004   1394.3695194271017     
   5.9302225472640416E-004   1394.3693944290890     
   5.9839556682564593E-004   1394.3692671556378     
   6.0381756593905233E-004   1394.3691375653273     
   6.0928869321452337E-004   1394.3690056159812     
   6.1480939379715365E-004   1394.3688712646574     
   6.2038011686545028E-004   1394.3687344676305     
   6.2600131566787980E-004   1394.3685951803793     
   6.3167344755974504E-004   1394.3684533575731     
   6.3739697404039688E-004   1394.3683089530555     
   6.4317236079078366E-004   1394.3681619198292     
   6.4900007771133905E-004   1394.3680122100427     
   6.5488059896021535E-004   1394.3678597749727     
   6.6081440299186169E-004   1394.3677045650088     
   6.6680197259595274E-004   1394.3675465296383     
   6.7284379493666923E-004   1394.3673856174275     
   6.7894036159233534E-004   1394.3672217760084     
   6.8509216859541442E-004   1394.3670549520582     
   6.9129971647286772E-004   1394.3668850912845     
   6.9756351028687862E-004   1394.3667121384055     
   7.0388405967594539E-004   1394.3665360371333     
   7.1026187889634731E-004   1394.3663567301567     
   7.1669748686398519E-004   1394.3661741591195     
   7.2319140719660270E-004   1394.3659882646048     
   7.2974416825638761E-004   1394.3657989861122     
   7.3635630319296300E-004   1394.3656062620421     
   7.4302834998676338E-004   1394.3654100296719     
   7.4976085149280815E-004   1394.3652102251385     
   7.5655435548486766E-004   1394.3650067834151     
   7.6340941470003391E-004   1394.3647996382920     
   7.7032658688369030E-004   1394.3645887223540     
   7.7730643483489299E-004   1394.3643739669592     
   7.8434952645216078E-004   1394.3641553022153     
   7.9145643477968096E-004   1394.3639326569582     
   7.9862773805393404E-004   1394.3637059587288     
   8.0586401975073988E-004   1394.3634751337484     
   8.1316586863273174E-004   1394.3632401068949     
   8.2053387879725819E-004   1394.3630008016803     
   8.2796864972472237E-004   1394.3627571402228     
   8.3547078632735484E-004   1394.3625090432236     
   8.4304089899843318E-004   1394.3622564299401     
   8.5067960366194337E-004   1394.3619992181598     
   8.5838752182269384E-004   1394.3617373241743     
   8.6616528061688261E-004   1394.3614706627509     
   8.7401351286312272E-004   1394.3611991471059     
   8.8193285711392962E-004   1394.3609226888748     
   8.8992395770767622E-004   1394.3606411980859     
   8.9798746482101690E-004   1394.3603545831293     
   9.0612403452178865E-004   1394.3600627507267     
   9.1433432882238950E-004   1394.3597656059032     
   9.2261901573364221E-004   1394.3594630519547     
   9.3097876931914501E-004   1394.3591549904154     
   9.3941426975011554E-004   1394.3588413210293     
   9.4792620336073090E-004   1394.3585219417132     
   9.5651526270396992E-004   1394.3581967485286     
   9.6518214660796077E-004   1394.3578656356415     
   9.7392756023283959E-004   1394.3575284952942     
   9.8275221512812401E-004   1394.3571852177661     
   9.9165682929060737E-004   1394.3568356913399     
   1.0006421272227757E-003   1394.3564798022649     
   1.0097088399917554E-003   1394.3561174347190     
   1.0188577052887956E-003   1394.3557484707724     
   1.0280894674892880E-003   1394.3553727903486     
   1.0374048777133306E-003   1394.3549902711852     
   1.0468046938868420E-003   1394.3546007887949     
   1.0562896808032271E-003   1394.3542042164238     
   1.0658606101856037E-003   1394.3538004250099     
   1.0755182607495909E-003   1394.3533892831440     
   1.0852634182666682E-003   1394.3529706570234     
   1.0950968756281076E-003   1394.3525444104100     
   1.1050194329094848E-003   1394.3521104045858     
   1.1150318974357768E-003   1394.3516684983088     
   1.1251350838470463E-003   1394.3512185477646     
   1.1353298141647235E-003   1394.3507604065214     
   1.1456169178584890E-003   1394.3502939254824     
   1.1559972319137599E-003   1394.3498189528368     
   1.1664716008997905E-003   1394.3493353340102     
   1.1770408770383873E-003   1394.3488429116146     
   1.1877059202732494E-003   1394.3483415253975     
   1.1984675983399342E-003   1394.3478310121886     
   1.2093267868364607E-003   1394.3473112058482     
   1.2202843692945479E-003   1394.3467819372131     
   1.2313412372515038E-003   1394.3462430340385     
   1.2424982903227603E-003   1394.3456943209476     
   1.2537564362750712E-003   1394.3451356193689     
   1.2651165911003687E-003   1394.3445667474814     
   1.2765796790902913E-003   1394.3439875201548     
   1.2881466329113865E-003   1394.3433977488885     
   1.2998183936809944E-003   1394.3427972417510     
   1.3115959110438214E-003   1394.3421858033173     
   1.3234801432492032E-003   1394.3415632346050     
   1.3354720572290725E-003   1394.3409293330101     
   1.3475726286766294E-003   1394.3402838922404     
   1.3597828421257278E-003   1394.3396267022497     
   1.3721036910309791E-003   1394.3389575491672     
   1.3845361778485818E-003   1394.3382762152303     
   1.3970813141178839E-003   1394.3375824787122     
   1.4097401205436860E-003   1394.3368761138506     
   1.4225136270792854E-003   1394.3361568907742     
   1.4354028730102799E-003   1394.3354245754258     
   1.4484089070391224E-003   1394.3346789294906     
   1.4615327873704490E-003   1394.3339197103137     
   1.4747755817971760E-003   1394.3331466708253     
   1.4881383677873797E-003   1394.3323595594579     
   1.5016222325719602E-003   1394.3315581200645     
   1.5152282732331013E-003   1394.3307420918363     
   1.5289575967935348E-003   1394.3299112092177     
   1.5428113203066068E-003   1394.3290652018190     
   1.5567905709471671E-003   1394.3282037943288     
   1.5708964861032774E-003   1394.3273267064262     
   1.5851302134687524E-003   1394.3264336526870     
   1.5994929111365402E-003   1394.3255243424910     
   1.6139857476929465E-003   1394.3245984799298     
   1.6286099023127144E-003   1394.3236557637088     
   1.6433665648549645E-003   1394.3226958870489     
   1.6582569359600056E-003   1394.3217185375881     
   1.6732822271470222E-003   1394.3207233972792     
   1.6884436609126460E-003   1394.3197101422845     
   1.7037424708304214E-003   1394.3186784428744     
   1.7191799016511729E-003   1394.3176279633165     
   1.7347572094042812E-003   1394.3165583617681     
   1.7504756614998764E-003   1394.3154692901660     
   1.7663365368319581E-003   1394.3143603941091     
   1.7823411258824492E-003   1394.3132313127485     
   1.7984907308261941E-003   1394.3120816786675     
   1.8147866656369053E-003   1394.3109111177607     
   1.8312302561940730E-003   1394.3097192491150     
   1.8478228403908410E-003   1394.3085056848847     
   1.8645657682428624E-003   1394.3072700301639     
   1.8814604019981396E-003   1394.3060118828603     
   1.8985081162478600E-003   1394.3047308335640     
   1.9157102980382375E-003   1394.3034264654116     
   1.9330683469833650E-003   1394.3020983539554     
   1.9505836753790913E-003   1394.3007460670215     
   1.9682577083179283E-003   1394.2993691645697     
   1.9860918838050011E-003   1394.2979671985529     
   2.0040876528750486E-003   1394.2965397127678     
   2.0222464797104811E-003   1394.2950862427099     
   2.0405698417605114E-003   1394.2936063154200     
   2.0590592298613646E-003   1394.2920994493315     
   2.0777161483575748E-003   1394.2905651541130     
   2.0965421152243837E-003   1394.2890029305111     
   2.1155386621912464E-003   1394.2874122701837     
   2.1347073348664571E-003   1394.2857926555394     
   2.1540496928629032E-003   1394.2841435595660     
   2.1735673099249615E-003   1394.2824644456612     
   2.1932617740565382E-003   1394.2807547674558     
   2.2131346876502777E-003   1394.2790139686381     
   2.2331876676179338E-003   1394.2772414827718     
   2.2534223455219268E-003   1394.2754367331129     
   2.2738403677080941E-003   1394.2735991324207     
   2.2944433954396369E-003   1394.2717280827676     
   2.3152331050322879E-003   1394.2698229753451     
   2.3362111879906998E-003   1394.2678831902656     
   2.3573793511460703E-003   1394.2659080963599     
   2.3787393167950151E-003   1394.2638970509734     
   2.4002928228396970E-003   1394.2618493997563     
   2.4220416229292284E-003   1394.2597644764503     
   2.4439874866023495E-003   1394.2576416026743     
   2.4661321994314056E-003   1394.2554800877001     
   2.4884775631676252E-003   1394.2532792282323     
   2.5110253958877124E-003   1394.2510383081753     
   2.5337775321417752E-003   1394.2487565984029     
   2.5567358231025849E-003   1394.2464333565222     
   2.5799021367161946E-003   1394.2440678266298     
   2.6032783578539198E-003   1394.2416592390671     
   2.6268663884656948E-003   1394.2392068101701     
   2.6506681477348241E-003   1394.2367097420149     
   2.6746855722341277E-003   1394.2341672221587     
   2.6989206160835080E-003   1394.2315784233740     
   2.7233752511089423E-003   1394.2289425033828     
   2.7480514670029147E-003   1394.2262586045774     
   2.7729512714863031E-003   1394.2235258537492     
   2.7980766904717328E-003   1394.2207433617971     
   2.8234297682284090E-003   1394.2179102234447     
   2.8490125675484450E-003   1394.2150255169422     
   2.8748271699146964E-003   1394.2120883037690     
   2.9008756756701134E-003   1394.2090976283273     
   2.9271602041886350E-003   1394.2060525176330     
   2.9536828940476220E-003   1394.2029519809964     
   2.9804459032018596E-003   1394.1997950097048     
   3.0074514091591332E-003   1394.1965805766915     
   3.0347016091573980E-003   1394.1933076362022     
   3.0621987203435486E-003   1394.1899751234571     
   3.0899449799538154E-003   1394.1865819543018     
   3.1179426454957895E-003   1394.1831270248592     
   3.1461939949320992E-003   1394.1796092111667     
   3.1747013268657543E-003   1394.1760273688135     
   3.2034669607271622E-003   1394.1723803325683     
   3.2324932369628455E-003   1394.1686669159999     
   3.2617825172258654E-003   1394.1648859110924     
   3.2913371845679721E-003   1394.1610360878540     
   3.3211596436334961E-003   1394.1571161939139     
   3.3512523208549983E-003   1394.1531249541197     
   3.3816176646506873E-003   1394.1490610701203     
   3.4122581456236321E-003   1394.1449232199448     
   3.4431762567627739E-003   1394.1407100575736     
   3.4743745136457654E-003   1394.1364202125008     
   3.5058554546436422E-003   1394.1320522892900     
   3.5376216411273525E-003   1394.1276048671193     
   3.5696756576761557E-003   1394.1230764993211     
   3.6020201122879125E-003   1394.1184657129122     
   3.6346576365912766E-003   1394.1137710081148     
   3.6675908860598102E-003   1394.1089908578710     
   3.7008225402280436E-003   1394.1041237073446     
   3.7343553029094852E-003   1394.0991679734184     
   3.7681919024166125E-003   1394.0941220441794     
   3.8023350917828548E-003   1394.0889842783945     
   3.8367876489865879E-003   1394.0837530049789     
   3.8715523771771553E-003   1394.0784265224543     
   3.9066321049029407E-003   1394.0730030983927     
   3.9420296863415093E-003   1394.0674809688603     
   3.9777480015318238E-003   1394.0618583378387     
   4.0137899566085791E-003   1394.0561333766452     
   4.0501584840386502E-003   1394.0503042233390     
   4.0868565428596832E-003   1394.0443689821168     
   4.1238871189208538E-003   1394.0383257226963     
   4.1612532251258019E-003   1394.0321724796920     
   4.1989579016777686E-003   1394.0259072519752     
   4.2370042163269563E-003   1394.0195280020259     
   4.2753952646201300E-003   1394.0130326552717     
   4.3141341701524736E-003   1394.0064190994146     
   4.3532240848217427E-003   1393.9996851837450     
   4.3926681890847008E-003   1393.9928287184437     
   4.4324696922158988E-003   1393.9858474738744     
   4.4726318325687834E-003   1393.9787391798563     
   4.5131578778391810E-003   1393.9715015249317     
   4.5540511253311646E-003   1393.9641321556123     
   4.5953149022253332E-003   1393.9566286756199     
   4.6369525658495172E-003   1393.9489886451063     
   4.6789675039519401E-003   1393.9412095798639     
   4.7213631349768553E-003   1393.9332889505197     
   4.7641429083426778E-003   1393.9252241817132     
   4.8073103047226408E-003   1393.9170126512654     
   4.8508688363279899E-003   1393.9086516893253     
   4.8948220471937455E-003   1393.9001385775071     
   4.9391735134670578E-003   1393.8914705480056     
   4.9839268436981648E-003   1393.8826447827028     
   5.0290856791340025E-003   1393.8736584122521     
   5.0746536940144580E-003   1393.8645085151495     
   5.1206345958713191E-003   1393.8551921167868     
   5.1670321258299292E-003   1393.8457061884874     
   5.2138500589135736E-003   1393.8360476465255     
   5.2610922043506234E-003   1393.8262133511262     
   5.3087624058844700E-003   1393.8162001054500     
   5.3568645420862537E-003   1393.8060046545556     
   5.4054025266704426E-003   1393.7956236843472     
   5.4543803088132553E-003   1393.7850538204991     
   5.5038018734739841E-003   1393.7742916273662     
   5.5536712417192128E-003   1393.7633336068689     
   5.6039924710499884E-003   1393.7521761973599     
   5.6547696557319440E-003   1393.7408157724751     
   5.7060069271284231E-003   1393.7292486399556     
   5.7577084540366193E-003   1393.7174710404561     
   5.8098784430267543E-003   1393.7054791463238     
   5.8625211387843381E-003   1393.6932690603649     
   5.9156408244555349E-003   1393.6808368145796     
   5.9692418219956349E-003   1393.6681783688800     
   6.0233284925207175E-003   1393.6552896097842     
   6.0779052366624724E-003   1393.6421663490821     
   6.1329764949262441E-003   1393.6288043224849     
   6.1885467480523367E-003   1393.6151991882443     
   6.2446205173805631E-003   1393.6013465257481     
   6.3012023652181193E-003   1393.5872418340912     
   6.3582968952107877E-003   1393.5728805306214     
   6.4159087527175000E-003   1393.5582579494569     
   6.4740426251882937E-003   1393.5433693399796     
   6.5327032425456988E-003   1393.5282098652988     
   6.5918953775695706E-003   1393.5127746006881     
   6.6516238462854226E-003   1393.4970585319968     
   6.7118935083562668E-003   1393.4810565540263     
   6.7727092674780068E-003   1393.4647634688845     
   6.8340760717784223E-003   1393.4481739843061     
   6.8959989142197524E-003   1393.4312827119434     
   6.9584828330049421E-003   1393.4140841656258     
   7.0215329119875606E-003   1393.3965727595923     
   7.0851542810854420E-003   1393.3787428066842     
   7.1493521166980621E-003   1393.3605885165132     
   7.2141316421277038E-003   1393.3421039935924     
   7.2794981280044470E-003   1393.3232832354327     
   7.3454568927149872E-003   1393.3041201306087     
   7.4120133028353690E-003   1393.2846084567873     
   7.4791727735676111E-003   1393.2647418787203     
   7.5469407691803065E-003   1393.2445139462045     
   7.6153228034532127E-003   1393.2239180919989     
   7.6843244401258613E-003   1393.2029476297118     
   7.7539512933502428E-003   1393.1815957516451     
   7.8242090281475853E-003   1393.1598555265989     
   7.8951033608692777E-003   1393.1377198976429     
   7.9666400596619634E-003   1393.1151816798420     
   8.0388249449368579E-003   1393.0922335579414     
   8.1116638898433100E-003   1393.0688680840144     
   8.1851628207466453E-003   1393.0450776750642     
   8.2593277177103741E-003   1393.0208546105832     
   8.3341646149827208E-003   1392.9961910300708     
   8.4096796014876025E-003   1392.9710789305027     
   8.4858788213200299E-003   1392.9455101637602     
   8.5627684742460141E-003   1392.9194764340086     
   8.6403548162069903E-003   1392.8929692950308     
   8.7186441598288179E-003   1392.8659801475146     
   8.7976428749353928E-003   1392.8385002362875     
   8.8773573890669217E-003   1392.8105206475068     
   8.9577941880028614E-003   1392.7820323057956     
   9.0389598162896444E-003   1392.7530259713301     
   9.1208608777731404E-003   1392.7234922368718     
   9.2035040361359739E-003   1392.6934215247522     
   9.2868960154396923E-003   1392.6628040837982     
   9.3710436006718585E-003   1392.6316299862040     
   9.4559536382980910E-003   1392.5998891243494     
   9.5416330368191075E-003   1392.5675712075599     
   9.6280887673328274E-003   1392.5346657588073     
   9.7153278641015500E-003   1392.5011621113556     
   9.8033574251242834E-003   1392.4670494053419     
   9.8921846127142561E-003   1392.4323165843030     
   9.9818166540816631E-003   1392.3969523916319     
   1.0072260841921688E-002   1392.3609453669801     
   1.0163524535007852E-002   1392.3242838425888     
   1.0255615158790754E-002   1392.2869559395592     
   1.0348540206002213E-002   1392.2489495640550     
   1.0442307237264902E-002   1392.2102524034360     
   1.0536923881707499E-002   1392.1708519223266     
   1.0632397837585409E-002   1392.1307353586114     
   1.0728736872907122E-002   1392.0898897193624     
   1.0825948826066231E-002   1392.0483017766894     
   1.0924041606479187E-002   1392.0059580635234     
   1.1023023195228829E-002   1391.9628448693204     
   1.1122901645713746E-002   1391.9189482356908     
   1.1223685084303521E-002   1391.8742539519517     
   1.1325381710999919E-002   1391.8287475506006     
   1.1427999800104050E-002   1391.7824143027078     
   1.1531547700889596E-002   1391.7352392132291     
   1.1636033838282128E-002   1391.6872070162358     
   1.1741466713544582E-002   1391.6383021700592     
   1.1847854904968931E-002   1391.5885088523498     
   1.1955207068574159E-002   1391.5378109550504     
   1.2063531938810516E-002   1391.4861920792807     
   1.2172838329270188E-002   1391.4336355301302     
   1.2283135133404389E-002   1391.3801243113612     
   1.2394431325246957E-002   1391.3256411200193     
   1.2506735960144507E-002   1391.2701683409457     
   1.2620058175493188E-002   1391.2136880411988     
   1.2734407191482135E-002   1391.1561819643721     
   1.2849792311843649E-002   1391.0976315248161     
   1.2966222924610157E-002   1391.0380178017595     
   1.3083708502878070E-002   1390.9773215333246     
   1.3202258605578518E-002   1390.9155231104403     
   1.3321882878255099E-002   1390.8526025706490     
   1.3442591053848669E-002   1390.7885395918020     
   1.3564392953489227E-002   1390.7233134856508     
   1.3687298487295002E-002   1390.6569031913202     
   1.3811317655178753E-002   1390.5892872686732     
   1.3936460547661400E-002   1390.5204438915575     
   1.4062737346692999E-002   1390.4503508409334     
   1.4190158326481198E-002   1390.3789854978872     
   1.4318733854327137E-002   1390.3063248365188     
   1.4448474391468994E-002   1390.2323454167069     
   1.4579390493933111E-002   1390.1570233767491     
   1.4711492813392880E-002   1390.0803344258775     
   1.4844792098035379E-002   1390.0022538366397     
   1.4979299193435873E-002   1389.9227564371524     
   1.5115025043440247E-002   1389.8418166032200     
   1.5251980691055407E-002   1389.7594082503153     
   1.5390177279347798E-002   1389.6755048254258     
   1.5529626052349997E-002   1389.5900792987582     
   1.5670338355975581E-002   1389.5031041552991     
   1.5812325638942259E-002   1389.4145513862316     
   1.5955599453703354E-002   1389.3243924802077     
   1.6100171457387760E-002   1389.2325984144650     
   1.6246053412748370E-002   1389.1391396457980     
   1.6393257189119163E-002   1389.0439861013720     
   1.6541794763380878E-002   1388.9471071693788     
   1.6691678220935528E-002   1388.8484716895375     
   1.6842919756689664E-002   1388.7480479434305     
   1.6995531676046605E-002   1388.6458036446750     
   1.7149526395907635E-002   1388.5417059289298     
   1.7304916445682259E-002   1388.4357213437324     
   1.7461714468307649E-002   1388.3278158381625     
   1.7619933221277296E-002   1388.2179547523306     
   1.7779585577678999E-002   1388.1061028066952     
   1.7940684527242234E-002   1387.9922240911892     
   1.8103243177395062E-002   1387.8762820541740     
   1.8267274754330549E-002   1387.7582394912024     
   1.8432792604082919E-002   1387.6380585335930     
   1.8599810193613397E-002   1387.5157006368177     
   1.8768341111905916E-002   1387.3911265686900     
   1.8938399071072774E-002   1387.2642963973581     
   1.9109997907470255E-002   1387.1351694790994     
   1.9283151582824426E-002   1387.0037044459116     
   1.9457874185367065E-002   1386.8698591928967     
   1.9634179930981946E-002   1386.7335908654361     
   1.9812083164361453E-002   1386.5948558461562     
   1.9991598360173727E-002   1386.4536097416753     
   2.0172740124240342E-002   1386.3098073691353     
   2.0355523194724681E-002   1386.1634027425116     
   2.0539962443331079E-002   1386.0143490586963     
   2.0726072876514803E-002   1385.8625986833563     
   2.0913869636703043E-002   1385.7081031365603     
   2.1103368003526909E-002   1385.5508130781700     
   2.1294583395064647E-002   1385.3906782929955     
   2.1487531369096081E-002   1385.2276476757095     
   2.1682227624368434E-002   1385.0616692155170     
   2.1878688001873630E-002   1384.8926899805792     
   2.2076928486137144E-002   1384.7206561021849     
   2.2276965206518545E-002   1384.5455127586692     
   2.2478814438523839E-002   1384.3672041590742     
   2.2682492605129667E-002   1384.1856735265485     
   2.2888016278119535E-002   1384.0008630814839     
   2.3095402179432126E-002   1383.8127140243816     
   2.3304667182521849E-002   1383.6211665184517     
   2.3515828313731703E-002   1383.4261596719323     
   2.3728902753678588E-002   1383.2276315201350     
   2.3943907838651145E-002   1383.0255190072080     
   2.4160861062020332E-002   1382.8197579676109     
   2.4379780075662653E-002   1382.6102831073065     
   2.4600682691396439E-002   1382.3970279846546     
   2.4823586882431008E-002   1382.1799249910141     
   2.5048510784829045E-002   1381.9589053310447     
   2.5275472698982171E-002   1381.7338990027038     
   2.5504491091099937E-002   1381.5048347769446     
   2.5735584594712271E-002   1381.2716401770920     
   2.5968772012185538E-002   1381.0342414579191     
   2.6204072316252384E-002   1380.7925635843965     
   2.6441504651555349E-002   1380.5465302101279     
   2.6681088336204601E-002   1380.2960636554583     
   2.6922842863349641E-002   1380.0410848852580     
   2.7166787902765339E-002   1379.7815134863743     
   2.7412943302452333E-002   1379.5172676447514     
   2.7661329090251902E-002   1379.2482641222111     
   2.7911965475475468E-002   1378.9744182328955     
   2.8164872850548913E-002   1378.6956438193633     
   2.8420071792671718E-002   1378.4118532283421     
   2.8677583065491206E-002   1378.1229572861305     
   2.8937427620791926E-002   1377.8288652736439     
   2.9199626600200326E-002   1377.5294849011077     
   2.9464201336904913E-002   1377.2247222823914     
   2.9731173357391946E-002   1376.9144819089777     
   3.0000564383196926E-002   1376.5986666235697     
   3.0272396332671880E-002   1376.2771775933275     
   3.0546691322768722E-002   1375.9499142827399     
   3.0823471670838726E-002   1375.6167744261149     
   3.1102759896448343E-002   1375.2776539997026     
   3.1384578723211431E-002   1374.9324471934360     
   3.1668951080638115E-002   1374.5810463822938     
   3.1955900106000398E-002   1374.2233420972775     
   3.2245449146214668E-002   1373.8592229960091     
   3.2537621759741245E-002   1373.4885758329394     
   3.2832441718501193E-002   1373.1112854291669     
   3.3129933009810424E-002   1372.7272346418722     
   3.3430119838331405E-002   1372.3363043333570     
   3.3733026628042492E-002   1371.9383733396915     
   3.4038678024225139E-002   1371.5333184389688     
   3.4347098895469073E-002   1371.1210143191668     
   3.4658314335695717E-002   1370.7013335456104     
   3.4972349666199859E-002   1370.2741465280428     
   3.5289230437709859E-002   1369.8393214872981     
   3.5608982432466546E-002   1369.3967244215778     
   3.5931631666320900E-002   1368.9462190723343     
   3.6257204390850797E-002   1368.4876668897534     
   3.6585727095496887E-002   1368.0209269978493     
   3.6917226509717828E-002   1367.5458561591593     
   3.7251729605165124E-002   1367.0623087390491     
   3.7589263597877523E-002   1366.5701366696273     
   3.7929855950495459E-002   1366.0691894132699     
   3.8273534374495453E-002   1365.5593139257587     
   3.8620326832444776E-002   1365.0403546190332     
   3.8970261540276580E-002   1364.5121533235651     
   3.9323366969585619E-002   1363.9745492503519     
   3.9679671849944760E-002   1363.4273789525375     
   4.0039205171242480E-002   1362.8704762866607     
   4.0401996186041608E-002   1362.3036723735427     
   4.0768074411959336E-002   1361.7267955588106     
   4.1137469634068891E-002   1361.1396713730655     
   4.1510211907322889E-002   1360.5421224917054     
   4.1886331558998707E-002   1359.9339686944036     
   4.2265859191165996E-002   1359.3150268242521     
   4.2648825683176510E-002   1358.6851107465789     
   4.3035262194176575E-002   1358.0440313074450     
   4.3425200165642240E-002   1357.3915962918331     
   4.3818671323937457E-002   1356.7276103815323     
   4.4215707682895407E-002   1356.0518751127374     
   4.4616341546423258E-002   1355.3641888333657     
   4.5020605511130456E-002   1354.6643466601058     
   4.5428532468980883E-002   1353.9521404352122     
   4.5840155609969055E-002   1353.2273586830593     
   4.6255508424820506E-002   1352.4897865664632     
   4.6674624707716730E-002   1351.7392058427954     
   4.7097538559044701E-002   1350.9753948198941     
   4.7524284388171419E-002   1350.1981283117975     
   4.7954896916243543E-002   1349.4071775943148     
   4.8389411179012354E-002   1348.6023103604473     
   4.8827862529684386E-002   1347.7832906756921     
   4.9270286641797861E-002   1346.9498789332345     
   4.9716719512125168E-002   1346.1018318090605     
   5.0167197463601640E-002   1345.2389022170098     
   5.0621757148280898E-002   1344.3608392637937     
   5.1080435550316966E-002   1343.4673882039986     
   5.1543269988973378E-002   1342.5582903951097     
   5.2010298121659575E-002   1341.6332832525763     
   5.2481557946994828E-002   1340.6921002049528     
   5.2957087807899872E-002   1339.7344706491374     
   5.3436926394716602E-002   1338.7601199057535     
   5.3921112748356051E-002   1337.7687691746960     
   5.4409686263474789E-002   1336.7601354908820     
   5.4902686691680233E-002   1335.7339316802459     
   5.5400154144764915E-002   1334.6898663160075     
   5.5902129097970099E-002   1333.6276436752664     
   5.6408652393278941E-002   1332.5469636959522     
   5.6919765242739472E-002   1331.4475219341821     
   5.7435509231817783E-002   1330.3290095220675     
   5.7955926322781459E-002   1329.1911131260188     
   5.8481058858113770E-002   1328.0335149055977     
   5.9010949563958776E-002   1326.8558924729655     
   5.9545641553597602E-002   1325.6579188529879     
   6.0085178330956265E-002   1324.4392624440434     
   6.0629603794145288E-002   1323.1995869796015     
   6.1178962239031340E-002   1321.9385514906214     
   6.1733298362841228E-002   1320.6558102688491     
   6.2292657267798666E-002   1319.3510128310581     
   6.2857084464793836E-002   1318.0238038843224     
   6.3426625877086293E-002   1316.6738232923726     
   6.4001327844041417E-002   1315.3007060431262     
   6.4581237124900673E-002   1313.9040822174497     
   6.5166400902586089E-002   1312.4835769592514     
   6.5756866787539170E-002   1311.0388104469650     
   6.6352682821594622E-002   1309.5693978665274     
   6.6953897481889138E-002   1308.0749493859237     
   6.7560559684805635E-002   1306.5550701314003     
   6.8172718789953193E-002   1305.0093601654344     
   6.8790424604183151E-002   1303.4374144665578     
   6.9413727385641430E-002   1301.8388229111383     
   7.0042677847857754E-002   1300.2131702572183     
   7.0677327163871734E-002   1298.5600361305230     
   7.1317726970396539E-002   1296.8789950127461     
   7.1963929372020147E-002   1295.1696162322273     
   7.2615986945444688E-002   1293.4314639571437     
   7.3273952743764276E-002   1291.6640971913353     
   7.3937880300781467E-002   1289.8670697728901     
   7.4607823635363016E-002   1288.0399303756215     
   7.5283837255834873E-002   1286.1822225135713     
   7.5965976164417248E-002   1284.2934845486789     
   7.6654295861699584E-002   1282.3732497017538     
   7.7348852351156377E-002   1280.4210460669101     
   7.8049702143703673E-002   1278.4363966296003     
   7.8756902262296966E-002   1276.4188192884194     
   7.9470510246570744E-002   1274.3678268808276     
   8.0190584157520020E-002   1272.2829272129634     
   8.0917182582224439E-002   1270.1636230937218     
   8.1650364638614900E-002   1268.0094123732570     
   8.2390189980283704E-002   1265.8197879861077     
   8.3136718801338036E-002   1263.5942379991191     
   8.3890011841297532E-002   1261.3322456643496     
   8.4650130390036216E-002   1259.0332894771659     
   8.5417136292769175E-002   1256.6968432397157     
   8.6191091955084537E-002   1254.3223761299882     
   8.6972060348020769E-002   1251.9093527766747     
   8.7760105013190384E-002   1249.4572333400324     
   8.8555290067949682E-002   1246.9654735989889     
   8.9357680210615575E-002   1244.4335250446925     
   9.0167340725729614E-002   1241.8608349807557     
   9.0984337489369710E-002   1239.2468466304181     
   9.1808736974509891E-002   1236.5909992508655     
   9.2640606256428878E-002   1233.8927282549635     
   9.3480013018167385E-002   1231.1514653406432     
   9.4327025556035005E-002   1228.3666386281982     
   9.5181712785167016E-002   1225.5376728057583     
   9.6044144245131427E-002   1222.6639892832000     
   9.6914390105587001E-002   1219.7450063547601     
   9.7792521171992303E-002   1216.7801393706379     
   9.8678608891366759E-002   1213.7688009178557     
   9.9572725358103673E-002   1210.7104010106634     
  0.10047494331983599        1207.6043472907775     
  0.10138533618335538        1204.4500452377420     
  0.10230397802058468        1201.2468983897129     
  0.10323094357460451        1197.9943085749596     
  0.10416630826573482        1194.6916761543873     
  0.10511014819767101        1191.3384002753912     
  0.10606254016367607        1187.9338791373457     
  0.10702356165282864        1184.4775102690385     
  0.10799329085632776        1180.9686908183739     
  0.10897180667385463        1177.4068178546477     
  0.10995918871999218        1173.7912886837180     
  0.11095551733070262        1170.1215011763895     
  0.11196087356986391        1166.3968541103275     
  0.11297533923586522        1162.6167475258233     
  0.11399899686826230        1158.7805830957245     
  0.11503192975449311        1154.8877645098548     
  0.11607422193665431        1150.9376978742321     
  0.11712595821833913        1146.9297921253988     
  0.11818722417153718        1142.8634594601833     
  0.11925810614359691        1138.7381157811865     
  0.12033869126425091        1134.5531811583055     
  0.12142906745270514        1130.3080803065875     
  0.12252932342479218        1126.0022430807064     
  0.12363954870018946        1121.6351049863456     
  0.12475983360970271        1117.2061077087581     
  0.12589026930261560        1112.7146996587815     
  0.12703094775410578        1108.1603365365531     
  0.12818196177272839        1103.5424819131772     
  0.12934340500796701        1098.8606078305770     
  0.13051537195785337        1094.1141954197451     
  0.13169795797665584        1089.3027355376025     
  0.13289125928263781        1084.4257294226547     
  0.13409537296588617        1079.4826893696043     
  0.13531039699621089        1074.4731394230864     
  0.13653643023111600        1069.3966160906389     
  0.13777357242384300        1064.2526690750319     
  0.13902192423148693        1059.0408620260243     
  0.14028158722318620        1053.7607733116110     
  0.14155266388838647        1048.4119968087919     
  0.14283525764517943        1042.9941427138524     
  0.14412947284871716        1037.5068383721325     
  0.14543541479970287        1031.9497291272112     
  0.14675318975295823        1026.3224791894065     
  0.14808290492606868        1020.6247725234454     
  0.14942466850810696        1014.8563137551316     
  0.15077858966843546        1009.0168290967767     
  0.15214477856558870        1003.1060672911328     
  0.15352334635623613        997.12380057350549     
  0.15491440520422595        991.06982565168573     
  0.15631806828971120        984.94396470327558     
  0.15773444981835841        978.74606638993589     
  0.15916366503063953        972.47600688802561     
  0.16060583021120828        966.13369093503798     
  0.16206106269836137        959.71905289117433     
  0.16352948089358546        953.23205781534239     
  0.16501120427119059        946.67270255477740     
  0.16650635338803091        940.04101684743091     
  0.16801504989331348        933.33706443618735     
  0.16953741653849605        926.56094419389296     
  0.17107357718727437        919.71279125810577     
  0.17262365682566000        912.79277817438356     
  0.17418778157214967        905.80111604685158     
  0.17576607868798644        898.73805569469482     
  0.17735867658751409        891.60388881313077     
  0.17896570484862523        884.39894913732962     
  0.18058729422330408        877.12361360764112     
  0.18222357664826483        869.77830353440186     
  0.18387468525568623        862.36348576048476     
  0.18554075438404380        854.87967381965188     
  0.18722191958903961        847.32742908867351     
  0.18891831765463191        839.70736193104960     
  0.19063008660416372        832.02013283008955     
  0.19235736571159323        824.26645350895978     
  0.19410029551282512        816.44708803523395     
  0.19585901781714507        808.56285390733046     
  0.19763367571875790        800.61462312013873     
  0.19942441360842975        792.60332320700286     
  0.20123137718523640        784.52993825512067     
  0.20305471346841744        776.39550989130498     
  0.20489457080933846        768.20113823493568     
  0.20675109890356097        759.94798281482190     
  0.20862444880302228        751.63726344658073     
  0.21051477292832529        743.27026106702635     
  0.21242222508113998        734.84831852196419     
  0.21434696045671695        726.37284130367254     
  0.21628913565651470        717.84529823425896     
  0.21824890870094094        709.26722209098284     
  0.22022643904220968        700.64021016954166     
  0.22222188757731459        691.96592478123432     
  0.22423541666112007        683.24609367983760     
  0.22626719011957078        674.48251041395963     
  0.22831737326302098        665.67703460056600     
  0.23038613289968468        656.83159211532291     
  0.23247363734920742        647.94817519536059     
  0.23458005645636140        639.02884245000905     
  0.23670556160486428        630.07571877505768     
  0.23885032573132361        621.09099516605249     
  0.24101452333930723        612.07692842617450     
  0.24319833051354148        603.03584076423022     
  0.24540192493423768        593.97011927834353     
  0.24762548589154898        584.88221532096247     
  0.24986919430015755        575.77464374087856     
  0.25213323271399457        566.64998199802551     
  0.25441778534109299        557.51086914693610     
  0.25672303805857538        548.36000468485418     
  0.25904917842777730        539.20014726064483     
  0.26139639570950779        530.03411324081378     
  0.26376488087944810        520.86477512913507     
  0.26615482664369006        511.69505983660412     
  0.26856642745441500        502.52794679867031     
  0.27099987952571497        493.36646593696844     
  0.27345538084955712        484.21369546306556     
  0.27593313121189317        475.07275952205521     
  0.27843333220891403        465.94682567418437     
  0.28095618726345256        456.83910221306547     
  0.28350190164153438        447.75283531944814     
  0.28607068246907902        438.69130604994291     
  0.28866273874875209        429.65782716056884     
  0.29127828137697015        420.65573976548120     
  0.29391752316106018        411.68840983176244     
  0.29658067883657374        402.75922451171851     
  0.29926796508475867        393.87158831469236     
  0.30197960055018863        385.02891912102689     
  0.30471580585855285        376.23464404143891     
  0.30747680363460661        367.49219512573416     
  0.31026281852028442        358.80500492547350     
  0.31307407719297797        350.17650191591514     
  0.31591080838397861        341.61010578329137     
  0.31877324289708814        333.10922258421778     
  0.32166161362739687        324.67723978481462     
  0.32457615558023323        316.31752118788455     
  0.32751710589028399        308.03340175729818     
  0.33048470384088841        299.82818234952367     
  0.33347919088350680        291.70512436305103     
  0.33650081065736565        283.66744431725704     
  0.33954980900928089        275.71830837306396     
  0.34262643401366044        267.86082680852610     
  0.34573093599268817        260.09804846326773     
  0.34886356753669112        252.43295516644218     
  0.35202458352469035        244.86845616363232     
  0.35521424114513905        237.40738255880504     
  0.35843279991684773        230.05248178811516     
  0.36168052171009957        222.80641214297819     
  0.36495767076795665        215.67173736041983     
  0.36826451372775970        208.65092129923599     
  0.37160131964282211        201.74632272097406     
  0.37496836000432116        194.96019019514330     
  0.37836590876338688        188.29465714840313     
  0.38179424235339166        181.75173707772092     
  0.38525363971244142        175.33331894766843     
  0.38874438230607117        169.04116279209404     
  0.39226675415014500        162.87689554039335     
  0.39582104183396499        156.84200708846674     
  0.39940753454358874        150.93784663422989     
  0.40302652408535816        145.16561929718634     
  0.40667830490964152        139.52638304111329     
  0.41036317413479101        134.02104591831835     
  0.41408143157131672        128.65036365321870     
  0.41783337974628021        123.41493758215140     
  0.42161932392790891        118.31521296535182     
  0.42543957215043327        113.35147768594581     
  0.42929443523914962        108.52386134956141     
  0.43318422683570929        103.83233479681834     
  0.43710926342363771        99.276710039460255     
  0.44106986435408424        94.856640629293423     
  0.44506635187180504        90.571622467364705     
  0.44909905114138210        86.420995058975066     
  0.45316829027367955        82.403943218178426     
  0.45727440035253930        78.519499223376300     
  0.46141771546171911        74.766545423485226     
  0.46559857271207444        71.143817291951379     
  0.46981731226898649        67.649906923615148     
  0.47407427738003927        64.283266967106115     
  0.47836981440294690        61.042214983094873     
  0.48270427283373424        57.924938216348266     
  0.48707800533517259        54.929498767155415     
  0.49149136776547381        52.053839145326194     
  0.49594471920724303        49.295788187631800     
  0.50043842199669530        46.653067317275088     
  0.50497284175313573        44.123297121773660     
  0.50954834740870747        41.704004223520585     
  0.51416531123840903        39.392628415287291     
  0.51882410889038300        37.186530031062269     
  0.52352511941648072        35.082997520901621     
  0.52826872530310187        33.079255196924890     
  0.53305531250231541        31.172471116231439     
  0.53788527046326107        29.359765065369093     
  0.54275899216383627        27.638216610061839     
  0.54767687414266975        26.004873173221124     
  0.55263931653138476        24.456758103831387     
  0.55764672308715524        22.990878699131382     
  0.56269950122555601        21.604234142613191     
  0.56779806205371164        20.293823320737967     
  0.57294282040374478        19.056652481926140     
  0.57813419486652862        17.889742702317527     
  0.58337260782574352        16.790137124015100     
  0.58865848549224431        15.754907933015005     
  0.59399225793873722        14.781163045782115     
  0.59937435913477188        13.866052475436293     
  0.60480522698205019        13.006774350762290     
  0.61028530335005526        12.200580563721410     
  0.61581503411200311        11.444782023810347     
  0.62139486918111964        10.736753500455062     
  0.62702526254724733        10.073938037620829     
  0.63270667231378253        9.4538509279358554     
  0.63843956073494823        8.8740832368336502     
  0.64422439425340428        8.3323048704885778     
  0.65006164353819795        7.8262671846154506     
  0.65595178352305961        7.3538051344949373     
  0.66189529344504339        6.9128389698379635     
  0.66789265688352051        6.5013754812789468     
  0.67394436179952344        6.1175088083591689     
  0.68005090057544815        5.7594208217922223     
  0.68621277005511572        5.4253810955661130     
  0.69243047158419646        5.1137464870003537     
  0.69870451105100129        4.8229603452164014     
  0.70503539892764122        4.5515513705730273     
  0.71142365031156185        4.2981321494440881     
  0.71786978496745157        4.0613973902597671     
  0.72437432736953267        3.8401218879798380     
  0.73093780674423270        3.6331582451122779     
  0.73756075711324365        3.4394343780269612     
  0.74424371733697237        3.2579508376437420     
  0.75098723115838262        3.0877779736007658     
  0.75779184724723592        2.9280529707408318     
  0.76465811924473259        2.7779767862042770     
  0.77158660580855765        2.6368110146017729     
  0.77857787065833428        2.5038747076798771     
  0.78563248262148966        2.3785411736085940     
  0.79275101567953643        2.2602347795391600     
  0.79993404901477316        2.1484277794292148     
  0.80718216705740808        2.0426371873404445     
  0.81449595953310983        1.9424217145111342     
  0.82187602151098937        1.8473787865232141     
  0.82932295345201590        1.7571416548512888     
  0.83683736125787223        1.6713766150295339     
  0.84441985632025229        1.5897803416305569     
  0.85207105557060570        1.5120773482453334     
  0.85979158153033286        1.4380175787107812     
  0.86758206236143520        1.3673741339741809     
  0.87544313191762324        1.2999411372317604     
  0.88337542979588968        1.2355317383494624     
  0.89137960138854766        1.1739762570814782     
  0.89945629793574233        1.1151204632570340     
  0.90760617657843679        1.0588239909160622     
  0.91582990041187939        1.0049588823437490     
  0.92412813853955456       0.95340825708397026     
  0.93250156612762236       0.90406510030035392     
  0.94095086445985288       0.85683116429685513     
  0.94947672099305624       0.81161597660038620     
  0.95807982941301617       0.76833594773726133     
  0.96676088969093010       0.72691357169235415     
  0.97552060814036101       0.68727671201291951     
  0.98435969747470409       0.64935796659487177     
  0.99327887686517558       0.61309410435435641     
   1.0022788719993265       0.57842556722773808     
   1.0113604151400861       0.54529603124476334     
   1.0205242451853405       0.51365202076909167     
   1.0297711077280518       0.48344257038479532     
   1.0391017551169217       0.45461892931466696     
   1.0485169465176039       0.42713430367529709     
   1.0580174479744713       0.40094363229499663     
   1.0676040324729448       0.37600339223519785     
   1.0772774800023850       0.35227143055671273     
   1.0870385776195528       0.32970681925318679     
   1.0968881195126481       0.30826973063069302     
   1.1068269070659265       0.28792133074127585     
   1.1168557489249009       0.26862368877716336     
   1.1269754610621370       0.25033970060017996     
   1.1371868668436409       0.23303302481747243     
   1.1474907970958517       0.21666803002054769     
   1.1578880901732393       0.20120975198120672     
   1.1683795920265148       0.18662385974705059     
   1.1789661562714597       0.17287662970310314     
   1.1896486442583780       0.15993492676734689     
   1.2004279251421774       0.14776619196927870     
   1.2113048759530876       0.13633843572482190     
   1.2222803816680157       0.12562023617086657     
   1.2333553352825517       0.11558074196101517     
   1.2445306378836245       0.10618967895340438     
   1.2558071987228163        9.7417360244031359E-002
   1.2671859352903425        8.9234699016994615E-002
   1.2786677733897001        8.1613223698297210E-002
   1.2902536472129940        7.4525094913928530E-002
   1.3019444994169451        6.7943123767168948E-002
   1.3137412811995881        6.1840790965461565E-002
   1.3256449523776617        5.6192266344578995E-002
   1.3376564814647041        5.0972428357695401E-002
   1.3497768457498511        4.6156883119722887E-002
   1.3620070313773536        4.1721982622971956E-002
   1.3743480334268108        3.7644841768866281E-002
   1.3868008559941332        3.3903353891859868E-002
   1.3993665122732384        3.0476204485605590E-002
   1.4120460246384876        2.7342882877406979E-002
   1.4248404247278681        2.4483691634595059E-002
   1.4377507535269300        2.1879753525207199E-002
   1.4507780614534840        1.9513015894671353E-002
   1.4639234084430652        1.7366252359578591E-002
   1.4771878640351734        1.5423061758518606E-002
   1.4905725074602927        1.3667864337849346E-002
   1.5040784277277011        1.2085895186680132E-002
   1.5177067237140740        1.0663194969831322E-002
   1.5314585042528934        9.3865980396895914E-003
   1.5453348882246636        8.2437180373706506E-003
   1.5593370046479484        7.2229311201361182E-003
   1.5734659927712284        6.3133569753725379E-003
   1.5877230021655953        5.5048378014510724E-003
   1.6021091928182831        4.7879154523505184E-003
   1.6166257352270474        4.1538069559886731E-003
   1.6312738104954005        3.5943786257805095E-003
   1.6460546104287102        3.1021189910864417E-003
   1.6609693376311654        2.6701107750400823E-003
   1.6760192056036252        2.2920021479068877E-003
   1.6912054388423532        1.9619774808183684E-003
   1.7065292729386425        1.6747278186778089E-003
   1.7219919546793505        1.4254212825002427E-003
   1.7375947421483375        1.2096736007123040E-003
   1.7533389048288290        1.0235189562920572E-003
   1.7692257237067048        8.6338132238453463E-004
   1.7852564913747224        7.2604644349921657E-004
   1.8014325121376855        6.0863460289512590E-004
   1.8177551021185667        5.0857429959775104E-004
   1.8342255893655897        4.2357694096886690E-004
   1.8508453139602830        3.5161263915115069E-004
   1.8676156281265126        2.9088718230147880E-004
   1.8845378963405022        2.3982023455527645E-004
   1.9016134954418507        1.9702480235004967E-004
   1.9188438147455558        1.6128798927278340E-004
   1.9362302561550511        1.3155304714815955E-004
   1.9537742342762694        1.0690271778750271E-004
   1.9714771765327399        8.6543847776725396E-005
   1.9893405232817243        6.9793247969897939E-005
