  -13828.181350 0 0.0 2000 0.14084507D-05 0.94942533D+02  71.0 62.00000000  0
   1
  1 0 0.0 1-2173.009474-2520.316924  2.00000000
  2 0 0.0 1 -362.740752 -627.326531  2.00000000
  2 1 1.0 1 -346.672634 -626.750092  2.00000000
  2 1 1.0 1 -346.672634 -626.750092  2.00000000
  2 1 1.0 1 -346.672634 -626.750092  2.00000000
  3 0 0.0 1  -87.339144 -270.371412  2.00000000
  3 1 1.0 1  -79.929004 -268.449363  2.00000000
  3 1 1.0 1  -79.929004 -268.449363  2.00000000
  3 1 1.0 1  -79.929004 -268.449363  2.00000000
  3 2 2.0 1  -66.328851 -266.127278  2.00000000
  3 2 2.0 1  -66.328851 -266.127278  2.00000000
  3 2 2.0 1  -66.328851 -266.127278  2.00000000
  3 2 2.0 1  -66.328851 -266.127278  2.00000000
  3 2 2.0 1  -66.328851 -266.127278  2.00000000
  4 0 0.0 1  -21.997951 -135.574647  2.00000000
  4 1 1.0 1  -18.894741 -131.748619  2.00000000
  4 1 1.0 1  -18.894741 -131.748619  2.00000000
  4 1 1.0 1  -18.894741 -131.748619  2.00000000
  4 2 2.0 1  -13.339885 -124.033844  2.00000000
  4 2 2.0 1  -13.339885 -124.033844  2.00000000
  4 2 2.0 1  -13.339885 -124.033844  2.00000000
  4 2 2.0 1  -13.339885 -124.033844  2.00000000
  4 2 2.0 1  -13.339885 -124.033844  2.00000000
  4 3 3.0 1   -6.126063 -106.902280  2.00000000
  4 3 3.0 1   -6.126063 -106.902280  2.00000000
  4 3 3.0 1   -6.126063 -106.902280  2.00000000
  4 3 3.0 1   -6.126063 -106.902280  2.00000000
  4 3 3.0 1   -6.126063 -106.902280  2.00000000
  4 3 3.0 1   -6.126063 -106.902280  2.00000000
  4 3 3.0 1   -6.126063 -106.902280  2.00000000
  5 0 0.0 1   -6.660809  -65.149798  2.00000000
    0    0    0    0
