-125.687389712934
-125.686670294442
-125.685482635271
-125.681579110740
-125.677589789568
-125.674403940484
-125.674403257080
-125.672060572292
-125.671572772302
-125.671093024801
-125.670630738574
-125.667214326795
-125.663657429406
-125.660927141986
-125.660724467702
-125.659279969830
-125.659183871793
-125.657759578052
-125.654676112897
-125.654448167966
-125.652365437500
-125.651189344495
-125.651060510505
-125.648374611983
-125.646269698476
-125.644624703019
-125.643382149896
-125.642507359784
-125.638495120638
-125.630739645758
-125.629901705618
-125.626984820169
-125.625050978101
-125.624329187626
-125.619653410340
-125.619296972639
-125.617108390779
-125.616317281688
-125.615417961109
-125.612450861852
-125.611522703267
-125.610738463055
-125.610666042970
-125.607142550859
-125.605954948833
-125.603752418332
-125.602418738228
-125.599881669685
-125.598293230617
-125.598266220431
-125.596365500540
-125.590162173040
-125.586277266523
-125.585435059426
-125.584219549881
-125.576370584311
-125.570537913398
-125.559431361896
-125.558700215105
-125.556849600720
-125.553055751123
-125.536678759217
-125.535985888935
-125.535865333941
-125.532739255299
-125.532371603156
-125.532264809311
-125.529677420361
-125.527678693843
-125.526265194992
-125.525953393576
-125.525215221626
-125.525018505963
-125.524629335516
-125.524109719166
-125.523700823090
-125.523393908615
-125.522415274729
-125.521889082466
-125.521709908157
-125.520994595284
-125.520481649372
-125.519846084800
-125.519570556641
-125.519536277868
-125.518573771177
-125.518150906446
-125.517362867859
-125.517288318404
-125.516868688817
-125.516628243179
-125.516590182054
-125.515972593384
-125.515216506671
-125.514931339375
-125.514897130338
-125.514666314890
-125.513173628315
-125.512738398173
-125.512211515016
-125.511845109064
-125.511801576725
-125.511459797683
-125.511429278521
-125.511304305535
-125.510694344384
-125.510323717467
-125.510196199003
-125.510020162142
-125.509755010585
-125.509598423125
-125.509349920537
-125.509101915410
-125.509044945022
-125.508776171058
-125.508471016151
-125.508468018371
-125.508365361623
-125.506631302831
-125.505648634331
-125.504722176117
-125.503874614840
-125.503329679182
-125.502403940022
-125.502039224018
-125.501430301415
-125.501273154034
-125.501109700576
-125.499437618928
-125.498891314015
-125.496901410331
-125.496806619967
-125.496194566665
-125.496126430010
-125.495119166371
-125.494932384450
-125.494393366403
-125.494094607727
-125.494088797938
-125.494025900667
-125.493849219787
-125.493447714085
-125.493116134613
-125.492519248534
-125.492301664157
-125.492290113422
-125.492173836901
-125.491895537722
-125.491383640491
-125.491189376781
-125.491027776030
-125.490951848131
-125.490622908657
-125.490264053617
-125.488929343263
-125.488093999811
-125.487967926860
-125.487938647135
-125.487419693977
-125.487280880348
-125.486189483727
-125.485863361190
-125.485111602271
-125.484650834142
-125.484538752478
-125.484439647895
-125.483826795286
-125.483534804372
-125.483056063390
-125.482245392744
-125.482078129214
-125.481562528420
-125.481537409759
-125.481225942827
-125.480901158484
-125.480582162411
-125.480207726204
-125.479967376768
-125.479962477444
-125.479563955138
-125.478451914924
-125.478245719487
-125.477389026242
-125.477343033368
-125.477185430090
-125.476709745649
-125.476702198272
-125.476033013216
-125.475835057137
-125.475530185519
-125.474942009048
-125.474847614707
-125.474655911319
-125.474341259390
-125.473519107328
-125.473416120679
-125.472598024690
-125.472592622287
-125.472123863467
-125.472069282017
-125.471485244962
-125.471059352268
-125.470795376869
-125.470089855014
-125.469933667058
-125.469567798160
-125.469208688856
-125.468969371201
-125.468820465510
-125.468665609814
-125.468634719219
-125.468296898011
-125.467449976660
-125.467114842190
-125.466986220017
-125.466931301342
-125.466622817672
-125.466288380852
-125.466087779694
-125.465573987752
-125.465274747534
-125.465266919737
-125.464947606593
-125.464616180594
-125.464573538615
-125.464555185844
-125.464078833867
-125.463946462795
-125.463896152644
-125.462509343123
-125.462127860850
-125.460901436893
-125.460567577003
-125.459993969636
-125.459973604684
-125.459655773398
-125.459375173152
-125.459053583745
-125.458216914718
-125.458116077913
-125.458046816082
-125.457892629416
-125.457598498712
-125.457509570843
-125.456358681307
-125.456086961911
-125.456005902257
-125.454546771232
-125.453649178212
-125.453272125963
-125.453117135934
-125.453078983119
-125.452508327337
-125.452048377576
-125.451718609448
-125.451335190652
-125.450494780320
-125.450483201804
-125.450316871599
-125.450092596002
-125.449666494397
-125.449142758710
-125.448995875365
-125.448080888516
-125.447597901888
-125.447248579388
-125.447008706018
-125.446816711194
-125.446795290068
-125.446743573890
-125.446147789670
-125.445022396392
-125.444879619218
-125.444591294515
-125.444266867403
-125.443563189779
-125.443517084340
-125.443402779806
-125.443379252820
-125.442020790673
-125.441611745960
-125.441583084432
-125.441547341553
-125.440833092830
-125.440470703417
-125.439617616971
-125.439265725540
-125.439252479324
-125.438973117456
-125.438968301818
-125.438907515673
-125.438428077645
-125.438109162843
-125.438013218659
-125.437659515692
-125.437459796993
-125.436966285035
-125.436859539782
-125.436311269598
-125.436308816292
-125.436176260130
-125.435792953679
-125.435733597779
-125.435566115720
-125.435320013130
-125.435244638507
-125.434842509602
-125.434534279286
-125.434495516884
-125.434182396170
-125.434093504529
-125.434079557615
-125.433622302118
-125.433051389311
-125.432965224154
-125.432632608142
-125.432295622587
-125.432208148574
-125.431565289616
-125.431399624555
-125.430906996928
-125.430724530867
-125.430660938187
-125.430658439659
-125.430615058347
-125.430549708743
-125.430009692109
-125.429698812388
-125.429478675456
-125.429193932003
-125.428967585201
-125.428904026872
-125.428606924497
-125.428593064914
-125.428591955627
-125.428125189096
-125.427986649455
-125.427444360852
-125.427267778489
-125.427189785509
-125.427067742304
-125.426580716470
-125.426335559539
-125.425945850636
-125.425823052052
-125.425345717876
-125.425222172927
-125.424721181136
-125.424020362568
-125.423726490062
-125.423692384933
-125.423294786345
-125.423179623830
-125.423172856527
-125.423042945839
-125.422973649347
-125.422891084329
-125.422674761160
-125.422660430809
-125.422584615002
-125.422454039004
-125.422202065314
-125.422141916126
-125.421857480426
-125.421806528231
-125.421626808431
-125.421162250363
-125.421148322318
-125.420722099444
-125.420706255232
-125.420200015180
-125.420151725993
-125.420062022077
-125.420060586536
-125.419691766782
-125.419560771069
-125.419373495362
-125.418836353227
-125.418827554192
-125.418669041394
-125.418299966566
-125.418265431960
-125.417689759678
-125.417597409284
-125.417516738149
-125.417505886661
-125.417215772271
-125.416934773050
-125.416903295781
-125.416526223006
-125.416441079291
-125.416163104610
-125.416063339759
-125.416049195339
-125.415504892916
-125.415194584380
-125.415112188329
-125.414920537885
-125.414870576927
-125.414535276568
-125.414493188474
-125.414396924034
-125.414337088961
-125.413759628060
-125.413712988601
-125.413628893956
-125.413575558971
-125.413376326961
-125.412997304048
-125.412894132192
-125.412843383440
-125.412724997346
-125.412452405982
-125.412246995344
-125.412204678848
-125.412173278810
-125.412061615312
-125.411937820044
-125.411729232384
-125.411562838105
-125.411357708055
-125.411219713096
-125.411156071849
-125.411108184604
-125.411086956878
-125.410868883857
-125.410848950126
-125.410445265458
-125.410358376188
-125.410335376448
-125.410288511195
-125.409890474211
-125.409765837139
-125.409686828910
-125.409666709950
-125.409614907693
-125.409479345175
-125.409276212301
-125.409091494483
-125.408918299291
-125.408607372009
-125.408474368713
-125.408294817024
-125.408019093917
-125.407575641149
-125.407363292563
-125.407304553856
-125.406485856958
-125.406051743982
-125.405478677507
-125.405465457448
-125.405444880730
-125.405373837841
-125.405274838690
-125.405227987291
-125.405001137525
-125.404827897902
-125.404641490291
-125.404023782275
-125.403805695284
-125.403758644157
-125.403457174638
-125.403195788474
-125.403176078276
-125.402900226315
-125.402387517040
-125.402296504097
-125.402240221558
-125.402132986508
-125.402057117011
-125.401949763309
-125.401341918212
-125.401334455547
-125.401303479025
-125.401059072199
-125.400949878557
-125.400928609567
-125.400547141658
-125.400416161018
-125.399803293515
-125.399520747368
-125.399378885549
-125.399305579348
-125.399206140556
-125.399107049142
-125.399076269710
-125.398547084466
-125.398519398165
-125.398421062876
-125.398383672067
-125.398263052600
-125.398247998170
-125.398109325409
-125.398061961918
-125.397928570091
-125.397852154224
-125.397707617825
-125.396740926655
-125.396381203619
-125.396072402207
-125.395828860914
-125.395541741715
-125.395419849402
-125.395313818704
-125.395259724392
-125.395028469082
-125.394613395785
-125.394273699806
-125.394186502416
-125.393999620940
-125.393899573434
-125.393593423481
-125.393406239888
-125.393081275805
-125.393038423398
-125.392071208986
-125.391781006424
-125.391723768920
-125.391700831708
-125.391540070747
-125.391281333476
-125.391259815150
-125.391125298515
-125.390781107903
-125.390753679447
-125.390664877099
-125.390657483871
-125.390657476827
-125.390546976611
-125.390470149970
-125.390455346997
-125.390371051988
-125.390207408424
-125.389905393697
-125.389430358199
-125.389393859496
-125.389354082315
-125.389303543260
-125.388842164363
-125.388785414242
-125.388590546616
-125.388476191189
-125.388114406232
-125.387590581161
-125.387249226298
-125.387194163336
-125.387027637377
-125.386596742302
-125.386417615758
-125.386411352427
-125.386279343151
-125.386238579731
-125.385830111070
-125.385815459041
-125.385760646216
-125.385718217149
-125.385600151684
-125.384895241586
-125.384855517872
-125.384713293324
-125.384637036708
-125.384302897893
-125.384246988495
-125.384179881325
-125.384089651796
-125.383963590508
-125.383944055443
-125.383887205367
-125.383526581974
-125.383498000105
-125.382755387415
-125.382499604991
-125.382265679224
-125.382260919842
-125.382142791163
-125.382093009716
-125.382025894508
-125.381995937841
-125.381592668095
-125.381481948532
-125.381431821403
-125.380945876004
-125.380907956159
-125.380767188569
-125.380683902686
-125.380263126494
-125.380145444775
-125.380125294689
-125.379729832315
-125.379676666852
-125.379574704476
-125.379466057111
-125.379420625104
-125.379305031570
-125.379251519134
-125.379250842712
-125.378876441884
-125.378871396398
-125.378607886248
-125.378560273605
-125.378464489130
-125.378398585160
-125.378021598965
-125.377725625601
-125.377702934698
-125.377555759169
-125.377437529468
-125.377362945682
-125.377214478801
-125.377145699515
-125.377035617454
-125.377002241499
-125.376879719089
-125.376829818150
-125.376791258830
-125.376672290535
-125.376526019565
-125.376445573513
-125.376190778597
-125.376031426538
-125.375926385363
-125.375558493937
-125.375554802926
-125.375546820122
-125.375000414323
-125.374852770150
-125.374800087664
-125.374663816252
-125.374447769938
-125.374428000536
-125.374316138457
-125.374295928176
-125.374290717134
-125.374127361431
-125.373835023263
-125.373346673069
-125.373339187711
-125.372922231595
-125.372858863893
-125.372795727947
-125.372641487690
-125.372466871956
-125.372192676834
-125.372165278455
-125.372123287468
-125.372122056548
-125.371931282461
-125.371914876190
-125.371718792020
-125.371695957376
-125.371522544253
-125.371378475086
-125.371164842284
-125.370878235458
-125.370690729243
-125.370457959464
-125.370353533976
-125.370116218300
-125.369967688663
-125.369830538993
-125.369410538901
-125.369351786938
-125.369336461134
-125.369063264238
-125.369027475642
-125.368920483636
-125.368861159753
-125.368730900413
-125.368245887878
-125.368244612124
-125.368169960296
-125.367985791716
-125.367666328658
-125.367543010517
-125.367480347701
-125.367356218736
-125.367136997576
-125.366785696993
-125.366533013421
-125.366506005002
-125.366268341585
-125.366230481859
-125.366092752383
-125.366052185841
-125.366012119043
-125.365984606769
-125.365802364204
-125.365295422860
-125.365185024874
-125.365149994607
-125.364966176042
-125.364770507897
-125.364662123666
-125.364643814461
-125.364620098306
-125.364306560071
-125.364122517765
-125.363891620569
-125.363721913083
-125.363585535507
-125.363081759824
-125.362865819705
-125.362507942409
-125.362416501924
-125.362309919827
-125.362271456538
-125.361936881924
-125.361833966070
-125.361783222848
-125.361781777020
-125.361338137491
-125.361256176180
-125.360895002325
-125.360465973479
-125.360284392814
-125.360085646388
-125.359403617940
-125.359346286391
-125.359325794431
-125.359087442483
-125.359085563279
-125.359024621018
-125.358917273049
-125.358858251210
-125.358795312591
-125.358781430786
-125.358690331534
-125.358586981302
-125.358566570839
-125.358252007270
-125.357953865740
-125.357848745158
-125.357726103873
-125.357582570292
-125.357420020234
-125.357055126043
-125.356975259331
-125.356812910661
-125.356766233049
-125.356609045490
-125.356505786696
-125.356492879575
-125.356427248420
-125.356219714147
-125.356110076391
-125.356040625815
-125.355904776073
-125.355748232842
-125.355498414166
-125.354992280699
-125.354728646493
-125.354690817252
-125.354610785092
-125.354496970275
-125.354363998014
-125.354334137246
-125.354065349220
-125.354063779006
-125.354048667233
-125.354027222855
-125.353923642282
-125.353642667871
-125.353267821044
-125.353172460620
-125.353142049394
-125.352889281748
-125.352820912198
-125.352589682204
-125.352127742844
-125.352034568524
-125.351932044168
-125.351543043862
-125.351372876282
-125.351127207607
-125.351026165692
-125.350929307701
-125.350749982629
-125.350372140534
-125.350343975826
-125.350327252618
-125.350325955624
-125.350232350796
-125.350046800554
-125.349791611618
-125.349774751108
-125.349743800297
-125.349699258279
-125.349662100334
-125.349341140578
-125.348953062560
-125.348939287496
-125.348814320044
-125.348456557017
-125.348369464998
-125.348150455799
-125.348098624827
-125.347981452979
-125.347980817418
-125.347834142646
-125.347748338570
-125.347741007059
-125.347409588487
-125.347263198744
-125.347226197000
-125.346973505486
-125.346910542425
-125.346716363967
-125.346635557021
-125.346630622350
-125.346388520861
-125.345931140363
-125.345900047467
-125.345375690314
-125.345092632589
-125.345083872274
-125.345058183807
-125.345006325456
-125.344765072755
-125.344276966510
-125.344230336693
-125.344169618443
-125.343866316466
-125.343854699348
-125.343838089321
-125.343745961792
-125.343457679333
-125.342986659933
-125.342911517892
-125.342867150996
-125.342819248178
-125.342769717784
-125.342710433262
-125.342664622306
-125.342583850978
-125.342292060907
-125.342141560319
-125.341554131722
-125.341506230320
-125.341460156390
-125.341329462431
-125.341122070288
-125.341007055688
-125.340856794545
-125.340784970933
-125.340483516188
-125.340317688386
-125.340242076528
-125.339978240786
-125.339720878572
-125.339626606064
-125.339494760642
-125.339480088302
-125.339300123306
-125.339144061753
-125.339041077717
-125.338940267350
-125.338649825696
-125.338559161556
-125.338149532330
-125.338100375368
-125.337891619242
-125.337816236278
-125.337778339510
-125.337624858390
-125.337400658678
-125.337322780814
-125.336957477407
-125.336820888775
-125.336694821279
-125.336338797107
-125.336319621106
-125.336066802950
-125.336023985904
-125.335824221863
-125.335823996506
-125.335738157684
-125.335315496199
-125.334799306952
-125.334716748389
-125.334646147867
-125.334090056162
-125.333976975761
-125.333907904344
-125.333697797042
-125.333653924841
-125.333550718725
-125.333269572484
-125.333176559426
-125.333101321401
-125.332845234122
-125.332718532718
-125.332607512510
-125.332578104533
-125.332513555269
-125.332373633341
-125.332254918698
-125.332205033796
-125.332184481030
-125.332088655296
-125.331954599040
-125.331599449641
-125.331510616506
-125.331307275195
-125.330968162556
-125.330767240196
-125.330492695926
-125.330472574436
-125.330455863177
-125.330413686352
-125.330155840859
-125.329939374550
-125.329725569665
-125.329590372702
-125.329576879919
-125.329538226572
-125.329524256844
-125.329453395180
-125.329279729775
-125.329152162690
-125.328824866592
-125.328531355683
-125.328062853136
-125.327990559699
-125.327754097216
-125.327673745520
-125.327616616990
-125.327569493750
-125.327497856601
-125.327430296903
-125.326896216416
-125.326865955484
-125.326864427657
-125.326751952203
-125.326670521803
-125.326575155200
-125.326450431807
-125.326231037403
-125.326052911134
-125.326010755165
-125.325652110147
-125.325587962447
-125.325282810641
-125.325244386561
-125.325032129748
-125.324825939463
-125.324599204447
-125.324467042310
-125.324260517476
-125.324189770134
-125.324176289289
-125.323883391693
-125.323728148143
-125.323687892491
-125.323599518415
-125.323121448195
-125.322833718897
-125.322829844010
-125.322612332607
-125.322605272240
-125.322497528388
-125.322313736499
-125.322196793793
-125.322157831495
-125.322070240722
-125.322057333526
-125.322023536377
-125.321637293738
-125.321536545843
-125.321008484921
-125.320930157932
-125.320929315087
-125.320751455598
-125.320610288037
-125.320606290368
-125.320572482732
-125.320562068273
-125.320156806799
-125.320043017033
-125.319997809055
-125.319571702395
-125.319300471680
-125.319236529368
-125.319197869308
-125.319158006700
-125.318771458443
-125.318457972568
-125.318427435345
-125.318418815332
-125.318410080817
-125.318310282443
-125.318203268269
-125.318106372635
-125.318002089894
-125.317708948191
-125.317588403320
-125.316843320857
-125.316824609108
-125.316751391322
-125.316708457446
-125.316690973014
-125.316657896138
-125.316503705520
-125.316103264376
-125.315942986355
-125.315783642488
-125.315583458302
-125.315455372962
-125.315200276412
-125.315044775031
-125.314803521266
-125.314781549945
-125.314682536092
-125.314482487663
-125.314063672684
-125.314028260856
-125.313824201313
-125.313746088570
-125.313557512417
-125.313464722764
-125.313443353290
-125.313392816752
-125.313321579993
-125.313175626291
-125.312907800779
-125.312862091750
-125.312622445497
-125.312472620752
-125.312166863070
-125.312040928921
-125.311989814198
-125.311986758834
-125.311944973951
-125.311736877218
-125.311544969744
-125.311421186420
-125.311373202292
-125.311003189816
-125.310955313475
-125.310554073917
-125.310488711919
-125.310436207905
-125.310390095270
-125.310328655634
-125.309924742871
-125.309897849230
-125.309519682023
-125.309517284688
-125.309413528096
-125.309135038386
-125.308990845870
-125.308884670703
-125.308815228817
-125.308639496692
-125.308409966685
-125.308216220854
-125.307829408564
-125.307776836097
-125.307396209937
-125.307283334767
-125.307098991011
-125.306970537408
-125.306864753243
-125.306799233264
-125.306697410174
-125.306459497930
-125.306171403616
-125.306117277580
-125.305993933621
-125.305950722437
-125.305944467182
-125.305736999541
-125.305489654767
-125.305090581231
-125.304837139749
-125.304659535609
-125.304658516539
-125.304565004494
-125.304388374047
-125.304360725549
-125.304159639541
-125.303738631963
-125.303736516110
-125.303461416743
-125.303177389339
-125.303078092214
-125.302954739679
-125.302717198541
-125.302545419964
-125.302446695073
-125.302058393648
-125.301924794767
-125.301718747548
-125.301583634448
-125.301485215548
-125.301457433273
-125.301082034319
-125.301068398303
-125.301024880475
-125.300553828522
-125.300301610377
-125.300272152742
-125.300127607012
-125.300092904442
-125.299785386253
-125.299277692189
-125.299198543449
-125.299176239206
-125.299091145895
-125.299023333119
-125.298973537757
-125.298875095143
-125.298868523108
-125.298772212551
-125.298737050886
-125.298406345801
-125.298283896535
-125.298034040365
-125.298004563796
-125.297972091333
-125.297431153422
-125.297227607734
-125.297198484846
-125.296835302784
-125.296674149570
-125.296666349124
-125.296653293022
-125.296292058398
-125.295884556852
-125.295815929416
-125.295519742835
-125.295348048487
-125.295121417245
-125.295014486467
-125.294735710614
-125.294599466248
-125.294584820089
-125.294544440826
-125.294493376264
-125.294038784935
-125.293951637048
-125.293822662087
-125.293785909024
-125.293430885550
-125.293273100121
-125.293198017320
-125.293174856965
-125.293074906951
-125.293014078981
-125.292922600226
-125.292894875975
-125.292319099428
-125.292104358577
-125.291990079705
-125.291953207166
-125.291653328841
-125.291624438857
-125.291591229239
-125.291165060056
-125.291160634013
-125.290887933794
-125.290843763170
-125.290593537221
-125.290220956105
-125.290038335520
-125.289973171872
-125.289840322014
-125.289736965597
-125.289587513820
-125.289471621500
-125.289467122113
-125.289187955740
-125.289092192477
-125.288894207011
-125.288655522103
-125.288453501918
-125.288366755355
-125.288196993639
-125.287933795781
-125.287577999284
-125.287431757251
-125.287368874790
-125.287293307859
-125.287248490670
-125.287199436046
-125.286866132841
-125.286857358385
-125.286836489084
-125.286746217757
-125.286645915981
-125.286505425524
-125.286409690850
-125.286397570147
-125.286102599168
-125.285989206714
-125.285758388098
-125.285750416049
-125.285273473762
-125.285131537747
-125.284963497958
-125.284956340678
-125.284870138851
-125.284807024333
-125.284665071158
-125.284425892253
-125.284214358287
-125.284129654999
-125.284092254051
-125.283983164748
-125.283843557398
-125.283586101416
-125.283343650364
-125.283319904837
-125.283240146017
-125.282839434340
-125.282693680391
-125.282578408868
-125.282297243848
-125.282236672718
-125.282219203951
-125.282065216718
-125.281813499644
-125.281793222215
-125.281124929607
-125.281112268037
-125.280972290848
-125.280965359293
-125.280911014209
-125.280137741590
-125.279993218672
-125.279989965852
-125.279912770479
-125.279861129799
-125.279646634835
-125.279383369429
-125.279297449131
-125.279242330618
-125.278989087766
-125.278971436166
-125.278928593125
-125.278748662448
-125.278692502692
-125.278658747504
-125.278253403976
-125.278200487885
-125.278141447318
-125.278059891303
-125.277487269284
-125.277473112897
-125.277286769770
-125.277281877779
-125.277170283581
-125.276953011498
-125.276931630296
-125.276738394011
-125.276567032780
-125.276548391576
-125.276391967708
-125.275851825034
-125.275754642519
-125.275649488037
-125.275593476564
-125.275368190997
-125.275270401674
-125.274885897778
-125.274851056467
-125.274474319392
-125.274444467514
-125.274440576188
-125.274381012251
-125.274167471085
-125.274166493336
-125.273885725931
-125.273743980584
-125.272973909563
-125.272938286784
-125.272933160732
-125.272813513482
-125.272729036468
-125.272573755916
-125.271889711617
-125.271815059995
-125.271728430548
-125.271552475839
-125.271501426638
-125.271457182266
-125.271058700162
-125.271009758811
-125.271006989237
-125.270965243189
-125.270811576123
-125.270470717486
-125.270440508325
-125.270212381791
-125.269896910534
-125.269894199957
-125.269829256008
-125.269639724596
-125.269415323524
-125.269396135228
-125.269215851392
-125.269062430886
-125.268633120298
-125.268448302218
-125.268376432225
-125.268232800526
-125.268223840068
-125.268222783348
-125.268108745583
-125.268032292576
-125.267998763878
-125.267964303728
-125.267821632580
-125.267566719645
-125.267399308942
-125.267273830650
-125.267096178284
-125.266511001106
-125.266460620651
-125.266425072914
-125.266321743736
-125.266247207620
-125.266005712561
-125.265987607315
-125.265812239550
-125.265707512517
-125.265530255243
-125.265236766435
-125.265196980712
-125.265183072518
-125.264955469735
-125.263974527918
-125.263909035898
-125.263646066699
-125.263522513953
-125.263430416442
-125.263265838578
-125.263242285680
-125.263207315469
-125.263137611024
-125.262964217020
-125.262918499387
-125.262913757967
-125.262238755851
-125.261908720824
-125.261810901597
-125.261765193071
-125.261713506026
-125.261531169066
-125.261420026166
-125.261274880105
-125.261273574042
-125.261141291902
-125.260806059114
-125.260786479425
-125.260728596350
-125.260581847041
-125.260227412419
-125.260198800580
-125.259792236398
-125.259763358599
-125.259714128792
-125.259557062623
-125.259521642933
-125.259335324214
-125.258770257827
-125.258531814438
-125.258277905505
-125.258186191433
-125.258132415532
-125.258044610856
-125.257973236095
-125.257547168077
-125.257213543218
-125.257165869201
-125.256997839524
-125.256458511773
-125.256296547134
-125.256126110898
-125.255998818821
-125.255783261111
-125.255621080078
-125.255287875377
-125.254940340336
-125.254609527567
-125.254555608314
-125.254108317312
-125.253924883155
-125.253640629592
-125.253164248130
-125.252976030325
-125.252935214000
-125.252781425543
-125.252628796390
-125.252471005962
-125.252419223675
-125.252363745882
-125.252300806037
-125.252194195004
-125.252045339545
-125.251845707221
-125.251393754743
-125.251306960887
-125.251241801124
-125.250961296825
-125.250944997081
-125.250626604452
-125.250375974448
-125.250091842664
-125.250049961825
-125.249434249891
-125.249431893070
-125.248949579645
-125.248730734600
-125.248131671395
-125.247879480316
-125.247840625642
-125.247817315272
-125.247425129672
-125.247316649011
-125.247043534819
-125.247021708799
-125.246739869898
-125.246607602821
-125.246489936550
-125.246081433625
-125.245891957147
-125.245459812651
-125.245377541837
-125.245037067434
-125.244976932890
-125.244844605904
-125.244549587319
-125.244460830035
-125.244188306905
-125.244150691531
-125.244087662602
-125.243870905124
-125.243858896856
-125.243610375024
-125.243398313332
-125.243384066863
-125.243186870829
-125.243047385422
-125.242525393659
-125.242459693661
-125.242388341993
-125.242124400723
-125.242089139080
-125.241810635788
-125.241448917339
-125.241382384835
-125.241018251914
-125.240745327395
-125.240170743958
-125.239971956973
-125.239900238177
-125.239728778630
-125.239688529123
-125.239656418134
-125.239630270264
-125.239412411098
-125.239410338946
-125.239330383443
-125.239312514408
-125.239175798581
-125.239066333294
-125.238219652943
-125.238211053838
-125.237960480848
-125.237690822212
-125.237606450136
-125.237443093350
-125.237272352805
-125.237215347323
-125.237207176197
-125.237051575280
-125.236840853366
-125.236794216395
-125.236036522697
-125.235703645901
-125.235585673294
-125.235414079521
-125.235342841579
-125.235298107239
-125.234980270501
-125.234685697162
-125.234553063549
-125.234400296294
-125.234284767789
-125.234252367244
-125.233914542089
-125.233615716973
-125.233510406829
-125.233425623370
-125.233153375592
-125.233021930420
-125.232610826397
-125.232399841097
-125.232327192489
-125.232292625243
-125.231695053508
-125.231343944343
-125.230634015574
-125.230593290623
-125.230090737751
-125.230024143351
-125.229973885975
-125.229655724813
-125.229568694079
-125.229386460682
-125.228959256931
-125.228897997770
-125.228604530648
-125.228194493418
-125.227547315629
-125.227250716327
-125.227215627060
-125.227202398882
-125.226951382661
-125.226924121706
-125.226892222373
-125.226526653689
-125.226515344131
-125.226471322311
-125.225912416159
-125.225771448474
-125.225483374246
-125.225427561254
-125.225405663922
-125.225153666050
-125.225084770927
-125.225080612373
-125.224999872307
-125.224441319178
-125.224138419136
-125.224103650419
-125.224031145876
-125.223812445341
-125.223648987988
-125.223510724335
-125.223221327610
-125.222563514149
-125.222560724439
-125.222450053857
-125.222280815014
-125.222195923853
-125.221940971899
-125.221846854651
-125.221343852355
-125.221082732320
-125.221037925501
-125.220865023653
-125.220789088758
-125.220569384183
-125.220206449672
-125.220166062769
-125.219706466885
-125.219542995064
-125.219268579963
-125.219065907159
-125.218908829440
-125.218786015941
-125.218557883079
-125.218049192871
-125.217892323488
-125.217780383506
-125.217719449841
-125.217646976230
-125.217320623830
-125.217262842751
-125.217201333638
-125.217155857213
-125.217101120353
-125.216454975898
-125.216397248796
-125.216372310970
-125.216247954239
-125.216059816505
-125.215227810958
-125.215207359735
-125.214917419745
-125.214876349381
-125.214679010585
-125.214651990234
-125.214591163022
-125.214461385555
-125.214239767221
-125.214011613848
-125.213725512254
-125.213693556985
-125.213507715819
-125.213413430247
-125.213171822600
-125.213127064673
-125.212386533150
-125.212284635290
-125.212106124853
-125.211925804876
-125.211873169079
-125.211353938487
-125.211275777658
-125.211213205731
-125.211134711091
-125.210971720296
-125.210883624031
-125.210777219652
-125.210421693014
-125.210118301021
-125.209535372816
-125.209520622109
-125.209473698687
-125.209369820073
-125.209227142398
-125.209186274812
-125.209154344555
-125.208832257978
-125.208577284533
-125.208307946870
-125.208127782733
-125.208088301903
-125.207935707046
-125.207871400196
-125.207455228977
-125.207355642608
-125.207113467912
-125.206862740925
-125.206763167596
-125.206647558372
-125.206436658465
-125.206370690814
-125.206125825622
-125.205853602225
-125.205700334116
-125.205670887897
-125.205325795765
-125.205123736727
-125.204990005337
-125.204666905758
-125.204438612816
-125.203873194659
-125.203608116494
-125.203473554876
-125.203370633601
-125.203212236260
-125.203076414902
-125.202855651998
-125.202823954703
-125.202813455344
-125.202699147197
-125.201951144152
-125.201869411829
-125.201857377812
-125.201659707278
-125.201263291607
-125.200988376408
-125.200912950344
-125.200873553714
-125.200867749119
-125.200501959183
-125.200314299486
-125.200276524842
-125.199836563045
-125.199600187267
-125.199489912798
-125.199322681129
-125.199034972653
-125.198857048653
-125.198618517699
-125.197931731288
-125.197915069588
-125.197625145859
-125.197604124119
-125.197478768483
-125.197392575585
-125.196782990698
-125.196646144115
-125.196475600819
-125.196376884008
-125.196273440973
-125.196152921825
-125.195978135134
-125.195769977863
-125.195097537824
-125.194672146204
-125.194478507576
-125.194292056950
-125.194015080897
-125.193999600025
-125.193517443373
-125.193396018972
-125.193201418791
-125.193008416453
-125.193002722968
-125.192868572386
-125.192399000460
-125.192143456634
-125.192060640949
-125.191898289828
-125.191774724436
-125.191774558626
-125.191474456250
-125.191136950272
-125.190616113624
-125.190563774427
-125.190372607949
-125.190148689497
-125.190039957877
-125.189887758278
-125.189700176688
-125.189381886452
-125.189075395071
-125.188939782231
-125.188568223066
-125.188039960545
-125.187848068119
-125.187692600297
-125.187420427391
-125.187235290372
-125.187090484084
-125.187047633054
-125.187009727006
-125.186990317062
-125.186928499317
-125.186779571892
-125.186483158257
-125.186054864256
-125.185629375296
-125.185227035408
-125.184931567435
-125.184897806339
-125.184827669615
-125.184372812272
-125.183790844906
-125.183707539171
-125.183538031763
-125.183386849295
-125.183221525882
-125.183201294154
-125.183161155201
-125.182957950870
-125.182909941084
-125.182709414606
-125.182234280946
-125.181906069198
-125.181535637163
-125.181453735529
-125.181265777743
-125.180984665142
-125.180947496393
-125.180853733473
-125.180751775022
-125.180543378324
-125.180443207308
-125.180365629975
-125.180015080009
-125.179983737324
-125.179721836249
-125.179418293690
-125.179110668522
-125.179092186858
-125.178893320574
-125.178890930579
-125.178401015126
-125.178390690288
-125.177318244699
-125.177260738425
-125.177085610728
-125.177081824918
-125.176329470290
-125.176086138567
-125.176033303227
-125.175883445680
-125.175702449160
-125.175452025109
-125.175209939594
-125.174970010917
-125.174814915050
-125.174739077696
-125.174614769542
-125.174582482580
-125.174547537571
-125.174427848971
-125.174398751442
-125.174328005769
-125.174171648662
-125.173706554677
-125.173113088982
-125.172957234617
-125.172944275970
-125.172445630049
-125.172399707299
-125.172192305795
-125.172101924977
-125.172097629825
-125.172088011491
-125.171778252636
-125.171495113887
-125.171311132775
-125.170944923758
-125.170713668333
-125.169918320353
-125.169803649718
-125.169634305912
-125.169620085242
-125.169617025870
-125.169258476316
-125.169248558915
-125.168871965298
-125.168572181851
-125.168518244763
-125.168491968353
-125.168319523924
-125.168239174321
-125.167679441435
-125.167633975666
-125.167512916841
-125.167503291822
-125.166770074428
-125.166701104776
-125.166681988315
-125.166398211015
-125.166220023780
-125.166018295497
-125.165960656838
-125.165882372071
-125.165320786024
-125.164929358351
-125.164775913797
-125.164772514917
-125.164374226111
-125.164311007339
-125.164280220308
-125.163986210851
-125.163423751037
-125.163126419344
-125.162946493233
-125.162571717868
-125.162515026487
-125.162347494619
-125.162108076762
-125.161996762391
-125.161897713962
-125.161352004809
-125.160861357220
-125.160320205012
-125.160061856388
-125.160001078647
-125.159991177073
-125.159886171853
-125.159827989283
-125.159304521482
-125.158943724513
-125.158885690278
-125.158600628752
-125.158545079773
-125.158172136209
-125.157969544956
-125.157890396981
-125.157613691005
-125.157268276417
-125.156875814049
-125.156799752381
-125.156646970238
-125.156405466326
-125.155931680725
-125.155443419642
-125.154980370163
-125.154952310968
-125.154881252913
-125.154649440775
-125.154571790726
-125.154546827346
-125.154294517799
-125.154015448891
-125.153881629350
-125.153427410007
-125.152951115877
-125.152806449303
-125.152722071809
-125.152610499442
-125.152377454914
-125.152181661354
-125.152091600411
-125.151848553177
-125.151526655281
-125.151370840191
-125.151270822675
-125.150962415275
-125.150140034201
-125.149920639694
-125.149902062321
-125.149850313029
-125.149575814302
-125.149406747951
-125.149141828059
-125.148742983439
-125.148602515402
-125.148410697425
-125.147942863370
-125.147797080475
-125.147504256732
-125.147377071355
-125.147091121818
-125.146813673107
-125.146286882281
-125.146140366525
-125.145854237038
-125.145753807473
-125.144894876960
-125.144528916008
-125.144041066842
-125.143757050940
-125.143679931519
-125.143665058659
-125.143598534837
-125.143509753110
-125.143277240492
-125.142765780580
-125.142713322864
-125.142649155803
-125.142549911063
-125.142398674938
-125.142356017720
-125.142125895192
-125.141658076966
-125.141653226699
-125.141507654400
-125.140482454184
-125.140297188493
-125.140220987006
-125.139873843840
-125.139744884542
-125.139580090424
-125.139539929462
-125.139069865466
-125.138767863730
-125.138619467948
-125.138046580730
-125.137952089784
-125.137775220466
-125.137582235801
-125.137548989167
-125.137158733604
-125.136356232199
-125.135981846565
-125.135842743510
-125.135835291122
-125.135610885782
-125.134884087262
-125.134766984606
-125.134434943192
-125.133743990622
-125.133592657585
-125.133158200186
-125.132930175218
-125.132589083875
-125.132490205181
-125.132148588745
-125.131923324815
-125.131845064093
-125.131754812087
-125.131269436208
-125.131119000672
-125.131047297457
-125.130902838827
-125.130473290333
-125.130409591898
-125.130392106746
-125.129882949770
-125.129882062057
-125.129704389088
-125.129607296486
-125.129533919128
-125.128973421220
-125.128809375615
-125.128753201444
-125.128696470160
-125.128165536864
-125.128110353637
-125.127895009434
-125.127329327846
-125.127115531837
-125.126311313101
-125.126256788131
-125.126040340590
-125.125942261185
-125.125769867185
-125.125543942377
-125.125284326894
-125.124892359549
-125.124737376149
-125.124681800276
-125.124560593874
-125.124314385960
-125.123631077537
-125.123376715770
-125.123343264664
-125.122989619257
-125.122805092631
-125.122762566095
-125.122368434816
-125.121495251872
-125.121359639162
-125.121160037764
-125.121089157645
-125.121066548578
-125.120751496912
-125.120475742193
-125.120333679563
-125.120167494066
-125.120112471107
-125.119982279623
-125.119971949811
-125.119966522996
-125.119675655544
-125.119498682743
-125.119076539586
-125.118581920140
-125.118527948823
-125.118516686808
-125.117525933441
-125.117412365905
-125.117298858668
-125.116766510934
-125.116726558179
-125.116679771052
-125.116249208502
-125.116209789185
-125.115948516604
-125.115063408819
-125.114067714523
-125.113727608324
-125.112940341375
-125.112769039890
-125.112715913251
-125.112570040903
-125.112345405284
-125.112246781323
-125.112210181911
-125.111917385053
-125.111797098998
-125.111376041561
-125.111281440431
-125.111086697587
-125.110732012037
-125.110684763281
-125.110032280900
-125.109939682776
-125.109288649463
-125.108335759739
-125.108266540515
-125.108180410574
-125.107643686406
-125.107641506607
-125.107173106538
-125.107157760321
-125.107071951586
-125.106392327994
-125.105863242083
-125.105757104386
-125.105622824440
-125.105422406966
-125.105274321980
-125.104050205366
-125.104004216462
-125.103766657297
-125.103683285125
-125.103662676618
-125.103620306118
-125.103535234651
-125.102475604478
-125.102469019999
-125.102063731037
-125.101487134772
-125.101476585829
-125.101391823590
-125.100915314661
-125.100630652455
-125.100172462961
-125.099517723005
-125.099403784775
-125.099328621618
-125.098875635231
-125.098696421921
-125.098638575669
-125.098234152447
-125.097711703971
-125.097374004289
-125.097170323120
-125.096965838155
-125.096695198216
-125.096593295501
-125.096189160045
-125.095623992281
-125.095392709898
-125.095001483332
-125.094875219265
-125.094034594069
-125.093608378693
-125.093489333784
-125.093444129002
-125.092818161577
-125.092735834294
-125.092244338854
-125.091603277560
-125.091440664221
-125.091219164528
-125.090986362758
-125.090635948469
-125.090309540283
-125.089623265582
-125.089618172534
-125.089187864863
-125.088773756292
-125.088423226836
-125.088399987788
-125.088013141400
-125.088006824108
-125.087988711050
-125.087334264333
-125.086030776936
-125.086015792442
-125.085676705839
-125.084990972512
-125.083919753698
-125.083910641526
-125.083267284270
-125.082387006746
-125.082372786190
-125.082267006524
-125.081665732086
-125.081550276565
-125.080538174256
-125.080388064229
-125.080271426998
-125.079924214310
-125.078630288752
-125.078236252146
-125.078122309968
-125.078111851068
-125.078082274013
-125.077871694209
-125.077546256582
-125.077445280086
-125.077266776457
-125.076826636853
-125.075873202229
-125.075440050210
-125.074891829584
-125.074573492663
-125.074411335361
-125.074250950411
-125.073720464099
-125.072928683074
-125.072857977239
-125.072055600160
-125.071895111360
-125.071117828687
-125.070859263518
-125.070747163906
-125.070740101770
-125.070118481750
-125.069989855725
-125.069964917072
-125.069854375254
-125.068530957719
-125.066628904893
-125.065697925333
-125.065639972036
-125.065414342405
-125.064698421304
-125.063751982986
-125.063262205313
-125.063176409982
-125.062741560646
-125.062348406629
-125.062329761446
-125.062018676491
-125.061797897725
-125.061521195854
-125.061322885802
-125.061023371973
-125.060399003970
-125.059586744259
-125.057817279347
-125.057537991630
-125.057003330288
-125.056098072096
-125.056002761893
-125.055867024248
-125.055612187533
-125.055155025354
-125.054928069296
-125.054737584178
-125.054730498581
-125.054257333361
-125.054099427480
-125.054075542260
-125.053736416264
-125.053032462989
-125.052058107550
-125.051519827281
-125.051501081100
-125.051136771357
-125.050413024811
-125.050352620564
-125.050341817070
-125.048849011762
-125.048742196630
-125.048500134286
-125.048439192735
-125.047907415801
-125.047785359917
-125.047285337591
-125.046264927538
-125.046012469844
-125.045491118471
-125.044647874166
-125.044628464933
-125.044589849429
-125.043942486517
-125.043891941073
-125.043795347774
-125.043531268047
-125.043193320484
-125.040617614646
-125.040594347414
-125.040551577820
-125.040536952769
-125.040244324916
-125.040054031499
-125.039926169382
-125.038989493855
-125.038622867199
-125.038342639163
-125.037671445262
-125.037475208109
-125.037412429584
-125.036367304605
-125.036289101236
-125.036046789195
-125.035550105139
-125.035219367392
-125.034829499757
-125.034608041863
-125.034589977304
-125.034071012101
-125.033800964465
-125.033132269253
-125.032903763003
-125.032825428989
-125.032778757108
-125.032506376930
-125.032223594425
-125.032164121512
-125.031784562986
-125.031721005426
-125.031267047335
-125.031264655479
-125.030553259252
-125.030498885378
-125.030389135281
-125.030378603827
-125.030286780172
-125.029811514189
-125.029396280216
-125.028530609327
-125.028405255125
-125.028351458117
-125.027409167044
-125.027087816554
-125.026712038846
-125.026597763952
-125.026044789686
-125.025757114634
-125.025754436288
-125.025291038352
-125.025053472461
-125.025008042449
-125.024979812389
-125.024938036513
-125.024921375777
-125.024715538896
-125.024026496115
-125.023742193012
-125.023385105503
-125.023210554833
-125.022816077045
-125.021778310830
-125.021719530832
-125.021329667678
-125.021141056028
-125.020690814213
-125.020614357914
-125.020558360349
-125.019699595312
-125.019674391177
-125.019466445351
-125.019404641653
-125.018723417453
-125.018460238941
-125.017940777814
-125.017799962268
-125.017457784475
-125.016596307035
-125.016119676304
-125.015836891194
-125.015617054010
-125.015194405595
-125.015164250446
-125.015114481325
-125.015051980972
-125.013781709901
-125.013523433130
-125.013308507897
-125.013107017482
-125.012746570327
-125.012666392393
-125.012411760415
-125.012308405175
-125.012202976018
-125.011015864067
-125.010533521434
-125.010122377514
-125.009674646464
-125.009478252801
-125.009252806851
-125.008954369344
-125.008802437135
-125.008655913481
-125.008393117167
-125.008187161368
-125.008164388623
-125.007238491715
-125.007037524816
-125.006978798210
-125.006471171684
-125.006221529245
-125.006153966138
-125.006099594801
-125.005695593316
-125.005568642551
-125.004935440591
-125.004856715853
-125.004647834429
-125.004608776864
-125.003813977113
-125.003327581270
-125.003101630903
-125.002936952826
-125.002756168143
-125.002679867979
-125.002178804100
-125.001123458804
-125.000941138494
-125.000122328382
-124.999884725114
-124.999876402469
-124.999594745495
-124.999550505189
-124.999401645769
-124.999058908622
-124.998936421064
-124.998177511060
-124.998039614008
-124.997520911475
-124.996976854969
-124.996442906556
-124.996260897491
-124.996150442038
-124.996015086568
-124.995324832052
-124.995136437359
-124.994987307974
-124.994685737825
-124.994007988130
-124.993419175461
-124.993224463237
-124.992410252411
-124.992142275308
-124.991590984878
-124.991472180714
-124.990939139653
-124.990546169154
-124.990405912771
-124.989455584811
-124.989074025691
-124.988986149329
-124.988401423579
-124.987795063469
-124.987794874457
-124.987245094916
-124.986375989616
-124.986290001834
-124.986101583444
-124.985819247518
-124.985442941380
-124.985120123182
-124.984808101318
-124.984688431665
-124.984561788382
-124.984380800148
-124.983977188740
-124.983214309134
-124.982489631378
-124.982180639328
-124.981741537728
-124.981446794804
-124.979998723048
-124.979917119042
-124.978954945078
-124.978656182517
-124.978002082882
-124.977915524211
-124.976172872358
-124.975607929475
-124.975283907994
-124.974837254499
-124.973862919158
-124.973848586160
-124.972967293349
-124.970895207119
-124.970623214865
-124.968643730069
-124.967855859372
-124.967845179060
-124.967811717781
-124.965095118548
-124.964090107068
-124.962422005744
-124.962091733940
-124.961883664903
-124.960202146925
-124.958914314914
-124.957854028545
-124.957735769589
-124.955244004280
-124.954483162328
-124.953308718154
-124.952893829536
-124.952583994760
-124.950870770710
-124.950225367788
-124.949714223125
-124.949477435362
-124.949264541590
-124.948919271006
-124.947922239266
-124.946702781291
-124.946017550975
-124.945983371669
-124.944916288019
-124.944807182822
-124.944069395724
-124.943498126719
-124.942220909189
-124.941896979311
-124.941302173832
-124.940852841070
-124.940231075515
-124.939928311295
-124.939252134820
-124.939054095249
-124.938166592756
-124.938000592802
-124.937957899990
-124.937176469226
-124.937168386043
-124.936597386936
-124.935293717867
-124.934548315415
-124.934302623946
-124.934047408431
-124.933785611762
-124.933778622236
-124.933737036495
-124.933247788288
-124.932155224007
-124.931315686079
-124.930977057983
-124.929081305225
-124.928744197367
-124.928508859448
-124.928270481078
-124.928214287961
-124.928049772763
-124.927663581521
-124.927642926455
-124.927188754090
-124.926286722756
-124.924943187716
-124.924400690209
-124.923809471693
-124.923603864277
-124.923349141322
-124.922928943188
-124.922233674312
-124.921454744087
-124.921092077092
-124.919199114606
-124.918951613913
-124.918482920169
-124.917663450818
-124.917187616469
-124.916397519171
-124.916129185199
-124.915607070347
-124.915428040654
-124.915185964977
-124.914546273764
-124.913715300696
-124.913450125459
-124.913350094695
-124.912873558998
-124.912003678076
-124.911649640743
-124.911613560372
-124.910976614864
-124.910594776883
-124.909185894955
-124.908902493314
-124.907900006638
-124.907546415596
-124.907158814816
-124.906906992247
-124.905631230390
-124.905012167870
-124.904903477301
-124.904615422259
-124.904123443472
-124.903202711152
-124.902872859038
-124.902478397243
-124.902029384829
-124.901282747007
-124.900760247060
-124.900543712350
-124.900158525208
-124.897399728506
-124.896820950212
-124.895950317451
-124.894590525136
-124.893143974339
-124.892100969274
-124.889809595844
-124.888886691897
-124.888044922102
-124.887016852081
-124.886513494621
-124.885714608524
-124.884222605146
-124.881665774167
-124.880957315704
-124.880134254241
-124.879544962860
-124.877692149737
-124.876161024354
-124.875919491480
-124.875896672207
-124.875676506173
-124.875439228551
-124.874904435751
-124.873740388596
-124.873660246110
-124.870986217078
-124.869333908339
-124.868138813147
-124.868115647931
-124.865192895699
-124.863278756971
-124.863189952906
-124.862248594856
-124.861962550762
-124.860591883599
-124.860047465537
-124.858923620810
-124.856513557599
-124.853623315930
-124.853001436576
-124.851201349777
-124.851056364088
-124.850611114646
-124.850424223909
-124.850030272302
-124.848604687392
-124.847818251148
-124.847267136781
-124.846916091310
-124.846752894793
-124.845489489800
-124.844537517263
-124.844147893133
-124.842201710955
-124.842200131251
-124.842133101218
-124.840920594802
-124.840267284584
-124.840092124204
-124.840077973574
-124.840013254228
-124.838502641013
-124.837180242297
-124.836780496548
-124.836430415873
-124.833935912474
-124.833514777938
-124.832728852838
-124.832554426767
-124.832446014713
-124.832152002124
-124.831286504361
-124.827849739870
-124.827755515676
-124.827298276594
-124.826187885181
-124.826038949176
-124.824447927435
-124.824434553703
-124.824103338042
-124.820510426866
-124.819744437322
-124.819412696193
-124.817700384686
-124.815569401579
-124.815418735234
-124.813512997358
-124.813213000208
-124.810634720313
-124.809890533750
-124.809486518810
-124.809388191037
-124.809281742383
-124.808208785579
-124.807443122843
-124.806099214730
-124.805070135303
-124.794939594399
-124.794448015406
-124.793107852335
-124.792674689461
-124.791198481156
-124.790641981605
-124.789174760338
-124.789174233916
-124.787063109004
-124.784995115620
-124.784774422025
-124.783167999017
-124.782492713199
-124.782457526711
-124.782453858980
-124.780767865235
-124.779782629224
-124.778259348995
-124.777613104363
-124.776702838749
-124.775921469847
-124.775262162031
-124.774053392230
-124.771342957759
-124.769326523888
-124.767865600395
-124.767124814535
-124.766858955728
-124.765420575100
-124.763820582729
-124.763329823126
-124.762955115630
-124.760944132123
-124.760226869119
-124.759526844559
-124.758843756099
-124.758333354329
-124.758256519296
-124.757738941928
-124.754341162095
-124.752007057705
-124.749996841966
-124.748074368323
-124.748028822676
-124.747753583576
-124.747719823287
-124.745588555653
-124.745193323571
-124.742706963761
-124.739581491499
-124.737325773596
-124.736567376784
-124.734226030488
-124.731940908397
-124.731245382223
-124.730369792399
-124.728608050962
-124.728425528403
-124.726806146893
-124.725356871491
-124.720978604152
-124.718615875074
-124.711975716139
-124.704509485215
-124.704014249006
-124.696889604269
-124.694055245342
-124.691826675354
-124.687595935875
-124.687209289437
-124.669239233285
-124.665682358315
-124.664122665333
-124.663820811311
-124.663010611356
-124.658681446846
-124.657934599340
-124.657621116348
-124.618830924005
-124.615409541079
-124.612384615377
-124.612024433208
-124.609148164315
-124.606175696373
-124.602549438485
-124.601730446036
-124.601064822937
-124.448252336996
-124.442927229646
