-125.485916299990
-125.485828504708
-125.478015960486
-125.473644573700
-125.472350322350
-125.467825617748
-125.467013136499
-125.466278947933
-125.466274267174
-125.464381562298
-125.462740581674
-125.461996033570
-125.461426780421
-125.460188750444
-125.458838947061
-125.458424752205
-125.457818089429
-125.455820493389
-125.454559959203
-125.451962180149
-125.450888327557
-125.448101582170
-125.447317282734
-125.446244838969
-125.444199646374
-125.442661055120
-125.442234124749
-125.441973014683
-125.439505571024
-125.439500479805
-125.438817710371
-125.437748910331
-125.437674482913
-125.436422236127
-125.434699807836
-125.434436720943
-125.432150940796
-125.368512890611
-125.367067331173
-125.348934270583
-125.348903529149
-125.344759237632
-125.344261023418
-125.337888027447
-125.337426370153
-125.336288974563
-125.335738216858
-125.332244504605
-125.331458688128
-125.329971471791
-125.329612823876
-125.329515094064
-125.327640299281
-125.326915674604
-125.326213527886
-125.325786411056
-125.325425750551
-125.325367609403
-125.324946579231
-125.323518352608
-125.323517424409
-125.323251036873
-125.322613123917
-125.321820365792
-125.321320390922
-125.321279265585
-125.320907914198
-125.319008765228
-125.318898515626
-125.318460748794
-125.318295491880
-125.317717825810
-125.316856612097
-125.316585536444
-125.313737291866
-125.313508529418
-125.313258872050
-125.312985449972
-125.312678236335
-125.312638614026
-125.311253090974
-125.310390108700
-125.309625852950
-125.309365388068
-125.308846303528
-125.308522583878
-125.308449452774
-125.308213215074
-125.307881066886
-125.307008060743
-125.306710187895
-125.306346859674
-125.306307482686
-125.306017784834
-125.305745291129
-125.305592778483
-125.305030328309
-125.304595994765
-125.304439359845
-125.303914773185
-125.303501417064
-125.303095677110
-125.303066152191
-125.302839915223
-125.302738239052
-125.302580495864
-125.302445836875
-125.302085890379
-125.301959605279
-125.301785620918
-125.300878205808
-125.300550576994
-125.299974382612
-125.299808320763
-125.299668685758
-125.299349049355
-125.299011604609
-125.298773554587
-125.298718178457
-125.297904198483
-125.297651838810
-125.296582905150
-125.296297701241
-125.295973991839
-125.294677184133
-125.293760510213
-125.293696276114
-125.292071460534
-125.291319440713
-125.291001204694
-125.289656629844
-125.288899392508
-125.288216732814
-125.287371814456
-125.284683493518
-125.282630203934
-125.281058217600
-125.280999226154
-125.279913444608
-125.279653694851
-125.279293747770
-125.278779864018
-125.278721806252
-125.277727006254
-125.277389885702
-125.275386283072
-125.274998210705
-125.274819098278
-125.274540582973
-125.274466346454
-125.273727819971
-125.273529498655
-125.273398522341
-125.272993755203
-125.271807461234
-125.271760824882
-125.271682709373
-125.270916813109
-125.270651880066
-125.270629534547
-125.270069551811
-125.269936292091
-125.269906066829
-125.269609578260
-125.269482105099
-125.268440507819
-125.268239001648
-125.267771939147
-125.267456741932
-125.266543305463
-125.265807555022
-125.264842383345
-125.264088244380
-125.261640647498
-125.261624322981
-125.260735754980
-125.259889058741
-125.258237539507
-125.256740472893
-125.256715152414
-125.256591823217
-125.256565805822
-125.256174989363
-125.255916851610
-125.255748645036
-125.254906369226
-125.254352400408
-125.254287385564
-125.253972839583
-125.253913470259
-125.253709461159
-125.253479724682
-125.253300513122
-125.252933770793
-125.252707220324
-125.252431549994
-125.251717062859
-125.251621002787
-125.251191318218
-125.250847594656
-125.250261245770
-125.250101990419
-125.249693426240
-125.249632371158
-125.249465568994
-125.248432673673
-125.248266819964
-125.247768901416
-125.247767443139
-125.247584313080
-125.247480563979
-125.247327663018
-125.247189545131
-125.247175611950
-125.246798421146
-125.246742549109
-125.246327576382
-125.246151539803
-125.244865188773
-125.244297225597
-125.243998829998
-125.243840441694
-125.243734512638
-125.243652309913
-125.242292975692
-125.240036750647
-125.238904731252
-125.237430785491
-125.237107682284
-125.237012439113
-125.236715252770
-125.236639740361
-125.236425307990
-125.236141812285
-125.235949074657
-125.235075017850
-125.234818773384
-125.234815364046
-125.234678358480
-125.234309801147
-125.234138793018
-125.233988106385
-125.233629484569
-125.233568183457
-125.233470920778
-125.233138340154
-125.232992570844
-125.232884363934
-125.232838782576
-125.230878630873
-125.230612436202
-125.229284462692
-125.228760978325
-125.228743925405
-125.228732912538
-125.228631146031
-125.228341715492
-125.227807474789
-125.227770976812
-125.226723054586
-125.226399003782
-125.226339582380
-125.226155379677
-125.226146622257
-125.225863988848
-125.225159954575
-125.225152915060
-125.225119333269
-125.225096775784
-125.225058743288
-125.224987850343
-125.224782319739
-125.224768683489
-125.224320336937
-125.224087298444
-125.224057017764
-125.224012553082
-125.223133804290
-125.223125571360
-125.222632295245
-125.222326368476
-125.222319574447
-125.221256259816
-125.220798860829
-125.220589341808
-125.220548968930
-125.220383289929
-125.220263132962
-125.220180380554
-125.219534962447
-125.219135201045
-125.219061141005
-125.218797040996
-125.217628561888
-125.217268359406
-125.217134252681
-125.216986687415
-125.216648194375
-125.216032915576
-125.215991091952
-125.215948532786
-125.215839145257
-125.215710329418
-125.215673272813
-125.215618446783
-125.215500091398
-125.215156017133
-125.215016802500
-125.214984926450
-125.214889363752
-125.214743077697
-125.214389472546
-125.214137100210
-125.213431062162
-125.213252211486
-125.213124862814
-125.212781461699
-125.212627693311
-125.212200866889
-125.212192053550
-125.212097817946
-125.211425011619
-125.211384594362
-125.211311557639
-125.210989769430
-125.210277622823
-125.210083702433
-125.209441982875
-125.208988141381
-125.208680813163
-125.208628713744
-125.208341565876
-125.208013729923
-125.207208404800
-125.207177040845
-125.206995515875
-125.206962551726
-125.206647952791
-125.206632360643
-125.206582462610
-125.206357582843
-125.206121549436
-125.205461190116
-125.205227924240
-125.204620835520
-125.204423938939
-125.204338607525
-125.204206610066
-125.203927609995
-125.203909731097
-125.203900580347
-125.203811983340
-125.203628185544
-125.203377022560
-125.203375449153
-125.203116646909
-125.202917350423
-125.202580014203
-125.202165545892
-125.201941597521
-125.201858897925
-125.201836553707
-125.201576151031
-125.200986590295
-125.200747315770
-125.200682795918
-125.200468066432
-125.200422591256
-125.200409441709
-125.200095099823
-125.199821357525
-125.199786304361
-125.199676606667
-125.199495602928
-125.199465219196
-125.199142643399
-125.199100904839
-125.199034111076
-125.199024136404
-125.198882592591
-125.198804672947
-125.198454120033
-125.198216564579
-125.197890944768
-125.197880371765
-125.197800861194
-125.197581001727
-125.197245968470
-125.197021839528
-125.196860218813
-125.196780116325
-125.196595964029
-125.196242469667
-125.195746411715
-125.195379537334
-125.195034407475
-125.194934659635
-125.194665746830
-125.194103496957
-125.193965039125
-125.193924097344
-125.193390028204
-125.193036511996
-125.192641368277
-125.192534683293
-125.192497089928
-125.192046286402
-125.191628796229
-125.191547420935
-125.191296217961
-125.191274871752
-125.190690731320
-125.190503628277
-125.189815209080
-125.189512455710
-125.189377525529
-125.189210182223
-125.188645127468
-125.188364030920
-125.188298298711
-125.186307134229
-125.184738673623
-125.184641930254
-125.184584988017
-125.184404108210
-125.184048499510
-125.183948898782
-125.183933587948
-125.183825679816
-125.182905574415
-125.182675360276
-125.182524445730
-125.182217374148
-125.182142484669
-125.182095975620
-125.181725555154
-125.181645464657
-125.181555525981
-125.181286586120
-125.181237900883
-125.181093218138
-125.180893781431
-125.180817231073
-125.180767162293
-125.180695451222
-125.180694189650
-125.180635352071
-125.180579646795
-125.180065748627
-125.179999112163
-125.179984962942
-125.179958654573
-125.179803467489
-125.179578503922
-125.179562472762
-125.179135008073
-125.179037126048
-125.178821270654
-125.178786030544
-125.178705406734
-125.178164164984
-125.178163000130
-125.177545801196
-125.177247276115
-125.177203476210
-125.177079918964
-125.177058884420
-125.176475344088
-125.176414963311
-125.176133332093
-125.176121699812
-125.175652866062
-125.175642478383
-125.175556406731
-125.175472794789
-125.175250911889
-125.174978196947
-125.174776042553
-125.174386585963
-125.174346289899
-125.173780852490
-125.173550227492
-125.173417089465
-125.173365795908
-125.173274411804
-125.172779849001
-125.172611853733
-125.172535891866
-125.172475918061
-125.172174779725
-125.172019974856
-125.171880330341
-125.171676256647
-125.171614398591
-125.171243659273
-125.171164748779
-125.170779617768
-125.170742932916
-125.170696662188
-125.170484647418
-125.170349269764
-125.170076132703
-125.169716632242
-125.169200812369
-125.168871639047
-125.168622219298
-125.168603310777
-125.167621852544
-125.167272840829
-125.167086633728
-125.166968082084
-125.166543840434
-125.166118669733
-125.165867092825
-125.165182011472
-125.165029060726
-125.164949766471
-125.164608383082
-125.164477979264
-125.164443149387
-125.164294964927
-125.164006010394
-125.163568022423
-125.163513398673
-125.163247832831
-125.163126538685
-125.163055129756
-125.162507197268
-125.161932342739
-125.161452197079
-125.161280520826
-125.161263520094
-125.160720025757
-125.159957604186
-125.159942464136
-125.159840156024
-125.159110838352
-125.158982411135
-125.158957472709
-125.158846687882
-125.158775961492
-125.158615215799
-125.158324099503
-125.158174930436
-125.157864395990
-125.157863517752
-125.157653442797
-125.157533132905
-125.156780489814
-125.156711191406
-125.156416548984
-125.156405955819
-125.155874081566
-125.155777724230
-125.155314522030
-125.154891825409
-125.154563415766
-125.154513448304
-125.154268006080
-125.154147980002
-125.154129307456
-125.154111419584
-125.153812894737
-125.153444625127
-125.153441052481
-125.153387165704
-125.153166323790
-125.153054562108
-125.152589661497
-125.152582273486
-125.152515079622
-125.152416704962
-125.152109496168
-125.151968768779
-125.151670136425
-125.151411926402
-125.151272604845
-125.151134043896
-125.150955501477
-125.150626729986
-125.149905205976
-125.149857693177
-125.149764304632
-125.149341207171
-125.149074015356
-125.149060100512
-125.148905443518
-125.148825549301
-125.148398015186
-125.148355562843
-125.147896507342
-125.147369830335
-125.147349169358
-125.146872542559
-125.146816258406
-125.146434146371
-125.146145072401
-125.146104398434
-125.145838901573
-125.145719285700
-125.145524280930
-125.145381584894
-125.144934686226
-125.144901855373
-125.144702766098
-125.144588812359
-125.143586999228
-125.143570595632
-125.142546428429
-125.142345042863
-125.142276931576
-125.142093270292
-125.141649909550
-125.141200604457
-125.141101437354
-125.140902745408
-125.140680416794
-125.140164950396
-125.139689474912
-125.139395921962
-125.139334985814
-125.138998005171
-125.138956798930
-125.138927781466
-125.138638098860
-125.138463878561
-125.138160080070
-125.138017946310
-125.137941102544
-125.137639499209
-125.137054120418
-125.136828800311
-125.136517513887
-125.136345749578
-125.136342598029
-125.136088784158
-125.135905204857
-125.135384482552
-125.135370108787
-125.134994244932
-125.134980700465
-125.134785807187
-125.134702486059
-125.134670084912
-125.134516223744
-125.134255985374
-125.134210249213
-125.133942420679
-125.133739043855
-125.133734997383
-125.133563336617
-125.133521692549
-125.133423357836
-125.133337881903
-125.132652110383
-125.132280733164
-125.132127419028
-125.132052805808
-125.131916317986
-125.131786014056
-125.131445443242
-125.131388362274
-125.131065738055
-125.130416237012
-125.130270919046
-125.130042975851
-125.129643081185
-125.129399331582
-125.129358245160
-125.129331214077
-125.129232431391
-125.128988273963
-125.128824481074
-125.128606409435
-125.128387694012
-125.128269392493
-125.128197300694
-125.127950550082
-125.127652891178
-125.127469819846
-125.127174551675
-125.127134030180
-125.126656035077
-125.126242146040
-125.126193697956
-125.126171850838
-125.125729321441
-125.125704965167
-125.124270814257
-125.124232038223
-125.124082069351
-125.123946504116
-125.123210211528
-125.123131902709
-125.123057176666
-125.122952210382
-125.122834115547
-125.121794745444
-125.121580495138
-125.120987088740
-125.120928149944
-125.120919383462
-125.120896782113
-125.120796215331
-125.120077791276
-125.119858916945
-125.119809175764
-125.119725355925
-125.119624858514
-125.119616314955
-125.119026044753
-125.119015332340
-125.118400118917
-125.118360066192
-125.118288767474
-125.117863082876
-125.117449743957
-125.117311108665
-125.116723505180
-125.116721718486
-125.116629984118
-125.116509840474
-125.116428602414
-125.115485720243
-125.115470898687
-125.115266694974
-125.115191973552
-125.115184032393
-125.115181608428
-125.114682620988
-125.114593912935
-125.114499182739
-125.114486393683
-125.113951847186
-125.113536454212
-125.113528572934
-125.113273958793
-125.112771380459
-125.112711023899
-125.112425825671
-125.112014269269
-125.111944479097
-125.111935643222
-125.111795182797
-125.111502219253
-125.111308598214
-125.111251464720
-125.111025684512
-125.110712867614
-125.110436995420
-125.110374291821
-125.110258730033
-125.110154577866
-125.109969229426
-125.109930113072
-125.109922988898
-125.109700675928
-125.109364097894
-125.109359903000
-125.109303397198
-125.108973290842
-125.108858190248
-125.108680158656
-125.108125750534
-125.108048238887
-125.107746285111
-125.107695660945
-125.107328257178
-125.106981118464
-125.106948004131
-125.106597947325
-125.106519425092
-125.104421278661
-125.104355733637
-125.103294555069
-125.103293740323
-125.103178686387
-125.102967769763
-125.102480618735
-125.102202333793
-125.102098692269
-125.101794031515
-125.101688880559
-125.101663769473
-125.101130545527
-125.101108201666
-125.100323637820
-125.100235443646
-125.100032443417
-125.100022813003
-125.099725833446
-125.099540514429
-125.099457198771
-125.099096245218
-125.098784201673
-125.098664404628
-125.098537049652
-125.098425055182
-125.098159879022
-125.097867355312
-125.097781174851
-125.097252106484
-125.097022547108
-125.096851071039
-125.096816555353
-125.096786472825
-125.096656265857
-125.096413757507
-125.096234236408
-125.095982218528
-125.095753194181
-125.095558788074
-125.095309051648
-125.095228395795
-125.095086017627
-125.094478343954
-125.093991064388
-125.093815614362
-125.093622726971
-125.093463961871
-125.093347116421
-125.092137475367
-125.092111385798
-125.091796080051
-125.091289488258
-125.091248017362
-125.090858933673
-125.090488147362
-125.089675886881
-125.089655074876
-125.089449105543
-125.089140826602
-125.089135511193
-125.088900944884
-125.088538930429
-125.088521517441
-125.088473719680
-125.088420895360
-125.087852546764
-125.087810491186
-125.087554018527
-125.087482129830
-125.086900923640
-125.086432019775
-125.086165169796
-125.086144583966
-125.085740317590
-125.085296708983
-125.085135418927
-125.085130034280
-125.084615196663
-125.084243235444
-125.083957633797
-125.083893670596
-125.083679110177
-125.082946500554
-125.082390503639
-125.082297964558
-125.082060023959
-125.082017796676
-125.081609922389
-125.081560961738
-125.081396806098
-125.081149976440
-125.080933181602
-125.080295703933
-125.080219344482
-125.079952141194
-125.079934723806
-125.079423362108
-125.079226563173
-125.079082255131
-125.079081611075
-125.078530423167
-125.078227759469
-125.077847131076
-125.077447694887
-125.077393926042
-125.077021000374
-125.076444801257
-125.076279486104
-125.076092819903
-125.075776695164
-125.075487018850
-125.074306686219
-125.073871891069
-125.073586574601
-125.073030059408
-125.072860759689
-125.072505651136
-125.072289742847
-125.072103726275
-125.071963477596
-125.071328889380
-125.071254777383
-125.070814066507
-125.070466559897
-125.070239913498
-125.069946700470
-125.069703768534
-125.069460496428
-125.069403443261
-125.069354620237
-125.069191436831
-125.068936373208
-125.068582272017
-125.068122275307
-125.067806578253
-125.067322381012
-125.067143834421
-125.067118241757
-125.066888959812
-125.066538586547
-125.066512203290
-125.066156090124
-125.065684770979
-125.065677565599
-125.065568160335
-125.064876779356
-125.064668715745
-125.064630609064
-125.064235666294
-125.064086770455
-125.063925885613
-125.063672156929
-125.063348407530
-125.062949867778
-125.062801813485
-125.062380783076
-125.062021331055
-125.061988736815
-125.061491032878
-125.061347714183
-125.061287370885
-125.061159458201
-125.061070825524
-125.060792834370
-125.060508584062
-125.060354477186
-125.059308083635
-125.059066149944
-125.058938263134
-125.058449898194
-125.058427429165
-125.057372864106
-125.056600956429
-125.056287941790
-125.056094905779
-125.055486442115
-125.055262375151
-125.054439146726
-125.054186443509
-125.053003180316
-125.052510637452
-125.052502151263
-125.052252144458
-125.050702464589
-125.050233279571
-125.050068089634
-125.049274572649
-125.049059139093
-125.048663217551
-125.048055872192
-125.047270838490
-125.047231629703
-125.046785936879
-125.046601911765
-125.046289022209
-125.045805783331
-125.044685160019
-125.044512335265
-125.044303844173
-125.044303634213
-125.043830439206
-125.043804695334
-125.043051648023
-125.042862420983
-125.042301534967
-125.042213005794
-125.042025303142
-125.041883260985
-125.041479700772
-125.041178907406
-125.041021092083
-125.040494803288
-125.040327427872
-125.039930795489
-125.039777735054
-125.039155057539
-125.038944579477
-125.038709300200
-125.038646842436
-125.038079907435
-125.037932938671
-125.037894210979
-125.036948397727
-125.036793144967
-125.036672284699
-125.036435649905
-125.035891145933
-125.035191918677
-125.034373001004
-125.034136800339
-125.033927067148
-125.033157165633
-125.033092661928
-125.032801706384
-125.032781603137
-125.032718820365
-125.032518179096
-125.032405917253
-125.031930790258
-125.031306818951
-125.031126664079
-125.031118079451
-125.030738122764
-125.030640068931
-125.030634008476
-125.030426715627
-125.030390545360
-125.030364740786
-125.029971706741
-125.029944161188
-125.029916448939
-125.029861739635
-125.029702203948
-125.029547209313
-125.029032948582
-125.027986323866
-125.027931743619
-125.027714264980
-125.027624088988
-125.027125651263
-125.026959032701
-125.026500761684
-125.026420911235
-125.025867786406
-125.025141568747
-125.024793240703
-125.024708742562
-125.024501647109
-125.023525365458
-125.023189887696
-125.022172577876
-125.021902231232
-125.021274853251
-125.020976336007
-125.020880263943
-125.020554308596
-125.019723035480
-125.018858064124
-125.018750562258
-125.018395606793
-125.018113639418
-125.017909484843
-125.017189852598
-125.016558250210
-125.016478970150
-125.015893647033
-125.015784275503
-125.015176406058
-125.015116998975
-125.014545814128
-125.014426751254
-125.014408821196
-125.014269006877
-125.014105061983
-125.013304158930
-125.013139681362
-125.013093706554
-125.012870736235
-125.012816941720
-125.012374812239
-125.012248724278
-125.012167445205
-125.011942528381
-125.011637791240
-125.011154740943
-125.011114239605
-125.010897097098
-125.010740495111
-125.010731251245
-125.010545224782
-125.010243365685
-125.010124606517
-125.010120094543
-125.009829531305
-125.009435856220
-125.009196710709
-125.008847375171
-125.008742327704
-125.008337785827
-125.008210169846
-125.007656748268
-125.007573683144
-125.007057775217
-125.007040734044
-125.006753591034
-125.006203203554
-125.006078212160
-125.005114396102
-125.005107346636
-125.005050413293
-125.004550351595
-125.003937078866
-125.003700977148
-125.003416684809
-125.003259134466
-125.003075239803
-125.002837290810
-125.002306014479
-125.001353479403
-125.001264568835
-125.001169054200
-125.000230678147
-124.999788920373
-124.999458655449
-124.998222369534
-124.997777975652
-124.996611206041
-124.996109374271
-124.995606409673
-124.995025002855
-124.994855868518
-124.994700845689
-124.994351841915
-124.994281662212
-124.994272583330
-124.993829697597
-124.993759024233
-124.993738634200
-124.993237053172
-124.992404382556
-124.992253391063
-124.992091073296
-124.991930193552
-124.991826805108
-124.991811481823
-124.991687632558
-124.991612142738
-124.991275270509
-124.990891921612
-124.990593600488
-124.990530119893
-124.990435985766
-124.989980713612
-124.989039395693
-124.988748359510
-124.988165226302
-124.988074864076
-124.987986501645
-124.987947917877
-124.987576213185
-124.987296842223
-124.986502439146
-124.986459886483
-124.986387801326
-124.986354404674
-124.986223762500
-124.986047878209
-124.985362084210
-124.985098612951
-124.984343928930
-124.984174431344
-124.984026116889
-124.983471102159
-124.983219941750
-124.982664519026
-124.982643499032
-124.982392657292
-124.982106076857
-124.981659372463
-124.981252261829
-124.981168728704
-124.980864872851
-124.980606304206
-124.979478725056
-124.979344395621
-124.979211173673
-124.977944532564
-124.977548504423
-124.977503875820
-124.976589676272
-124.976338155830
-124.976049344944
-124.975784086976
-124.974327533839
-124.974114339833
-124.973523469843
-124.973334388726
-124.973273925905
-124.973196990396
-124.973027579166
-124.972983530430
-124.972475118613
-124.971912754910
-124.971842742837
-124.971580968957
-124.971427144353
-124.970881121836
-124.968868807217
-124.968714922538
-124.968672688121
-124.968293632485
-124.968141197333
-124.967124283984
-124.966805353840
-124.966439965788
-124.965013278688
-124.963953135132
-124.963774984036
-124.963134531173
-124.963026542535
-124.962665391183
-124.961125831099
-124.960896875609
-124.960419991511
-124.960413405415
-124.958413265399
-124.957201371114
-124.956875889903
-124.956778410252
-124.956616183815
-124.955600349890
-124.955365173072
-124.954735781483
-124.954594621839
-124.954555406678
-124.954182444326
-124.953443959299
-124.953056489309
-124.953021209612
-124.952845704829
-124.952740604952
-124.952561993559
-124.951864733588
-124.951457832507
-124.951009560715
-124.950598809054
-124.950179864876
-124.950125774352
-124.948894041899
-124.948585546856
-124.948149509304
-124.947574695655
-124.947479042452
-124.947127513990
-124.946910277583
-124.946898278938
-124.946148280755
-124.945541206105
-124.945345551385
-124.944435253737
-124.943685449252
-124.943680415055
-124.943446924708
-124.942646050031
-124.942608660015
-124.942520937244
-124.942427791331
-124.942133987181
-124.942105755386
-124.941704448063
-124.941129010811
-124.940905757149
-124.940810741209
-124.940395234775
-124.940018539324
-124.939986811102
-124.939508175693
-124.938210373149
-124.937908759274
-124.937357913106
-124.936367131493
-124.935946570980
-124.935870477682
-124.935481946696
-124.935084646582
-124.934805567873
-124.934727911938
-124.933979983685
-124.933922726418
-124.933836128931
-124.933767371626
-124.933619780684
-124.933056364857
-124.932734753236
-124.932444042670
-124.931887434667
-124.931330484624
-124.931305643253
-124.930577833959
-124.930451538883
-124.930358348633
-124.929008640857
-124.928845598074
-124.928660260294
-124.928209610737
-124.926774733756
-124.926098538857
-124.925596521247
-124.925498478409
-124.925279764580
-124.924982840479
-124.924846585504
-124.924331078584
-124.924284677260
-124.923937083530
-124.921659957468
-124.921383487136
-124.921099735527
-124.921020054574
-124.920341526729
-124.919983119970
-124.918411681962
-124.918198246008
-124.917774445857
-124.917423556242
-124.917354555469
-124.916516654898
-124.916285803536
-124.916224263669
-124.915000022947
-124.914468215407
-124.914137825222
-124.913346036848
-124.913285259188
-124.912758592311
-124.910389975173
-124.910098997278
-124.909875624186
-124.909044218726
-124.907932885286
-124.907886806858
-124.907387222422
-124.907129654477
-124.906569544585
-124.905318948469
-124.904366762844
-124.903733633738
-124.902996136320
-124.900532132113
-124.900452956669
-124.899818754525
-124.898511701862
-124.898493826700
-124.897960027708
-124.897086122165
-124.889627838873
-124.888639258564
-124.885989815832
-124.885533329164
-124.884173587724
-124.883950865979
-124.882772671122
-124.882554939874
-124.882338678677
-124.881855910234
-124.881536291648
-124.881150669354
-124.880096426709
-124.880012172382
-124.880007389016
-124.879429520725
-124.877226406608
-124.875944160436
-124.875761596455
-124.871592031771
-124.870999996733
-124.869095902271
-124.868733323145
-124.867894085882
-124.867188079084
-124.866912618115
-124.866537873560
-124.866429402258
-124.866364492629
-124.865860170048
-124.865159025844
-124.864401344882
-124.864393794915
-124.864213594743
-124.863959354558
-124.863203473919
-124.862630584128
-124.862276571722
-124.861646687299
-124.861428191699
-124.861364046776
-124.860956860256
-124.860719226776
-124.860676811002
-124.859885554567
-124.859805639410
-124.858923090675
-124.858566253424
-124.858079246260
-124.857575809313
-124.857542378917
-124.857497845961
-124.856881712774
-124.856530206653
-124.856093707540
-124.855806106729
-124.855727594349
-124.855134796224
-124.854789891872
-124.854281795144
-124.853990956077
-124.852550479245
-124.851898301336
-124.849122029172
-124.848601005800
-124.847895293483
-124.847631506434
-124.847570789280
-124.847383789357
-124.847231662152
-124.845837014414
-124.845557411394
-124.845457324845
-124.845212805793
-124.844910627054
-124.843701996759
-124.843691836157
-124.843621456852
-124.843517742319
-124.843471646909
-124.843019589405
-124.842364571037
-124.841088131790
-124.840993252062
-124.840992129245
-124.840595120368
-124.840378099402
-124.839936796067
-124.839761366436
-124.839716348840
-124.839373161162
-124.838854464685
-124.838762194981
-124.838456924318
-124.838029655123
-124.837848377149
-124.837269019612
-124.837016833631
-124.836545398701
-124.836517866554
-124.835906721525
-124.835735236392
-124.835701441288
-124.835559219155
-124.835510450985
-124.835176182135
-124.834407573699
-124.834245872712
-124.833313959584
-124.832522591160
-124.832309143153
-124.831066018349
-124.830992560680
-124.830563028641
-124.829930716441
-124.829115469407
-124.828328967582
-124.828173954669
-124.828120328174
-124.828061647645
-124.827990354640
-124.826395480061
-124.826118118576
-124.825954899853
-124.825663167379
-124.824801695444
-124.823921995758
-124.823578955081
-124.823318916584
-124.822756903815
-124.821931188609
-124.821685097581
-124.821556500836
-124.820477623025
-124.819624209855
-124.819521504349
-124.819313582492
-124.818833529964
-124.818673522371
-124.817811761912
-124.817633508129
-124.817567105260
-124.816420615573
-124.815566348154
-124.813509090161
-124.813013762577
-124.812732601576
-124.809457416177
-124.808818458765
-124.807507346022
-124.807063670212
-124.806462322057
-124.804487942298
-124.803542291240
-124.803322673394
-124.803111498415
-124.802842824886
-124.802343650247
-124.802029996699
-124.800654827648
-124.800543015169
-124.800104161715
-124.798669397847
-124.795353021025
-124.795257905668
-124.779285870428
-124.779247022289
-124.779081422234
-124.777322081230
-124.776667247132
-124.775443137904
-124.773797628995
-124.769040158060
-124.768632406988
-124.768197471154
-124.768025798769
-124.767685006421
-124.767517678658
-124.763961421687
-124.763167968017
-124.758378456001
-124.758081721320
-124.757648321514
-124.757017023055
-124.756606442781
-124.756566668037
-124.756423588893
-124.754987893169
-124.754674367664
-124.754650006802
-124.754062992557
-124.752908023893
-124.751836452981
-124.751317958953
-124.751157537716
-124.750100418859
-124.750066037497
-124.748693755329
-124.747230795758
-124.746939235846
-124.746585040729
-124.746316876322
-124.746158985829
-124.745613677120
-124.744446582347
-124.744115768261
-124.744058971452
-124.743652293162
-124.743278474091
-124.743069880658
-124.739840802110
-124.739398670962
-124.739098609967
-124.738055576103
-124.737692531231
-124.736974440776
-124.736564353795
-124.736299110595
-124.736107873856
-124.736076844135
-124.735103412813
-124.734981646111
-124.734435997699
-124.734088602301
-124.733971368162
-124.733798900496
-124.732930185085
-124.732558195760
-124.732262770913
-124.732008307293
-124.730888733378
-124.729627711970
-124.727824122633
-124.726709643842
-124.722315589245
-124.721007542078
-124.719294555327
-124.718530058004
-124.718169243178
-124.717028989413
-124.714645629670
-124.713971717743
-124.709744222745
-124.708395659906
-124.693542631586
-124.693250616570
-124.692923517739
-124.690572324219
-124.689930496171
-124.689058381076
-124.686793065963
-124.683883512665
-124.676607339859
-124.676323707592
-124.675352408857
-124.674234873308
-124.672543337917
-124.671998751005
-124.671876275430
-124.670907734811
-124.670507976234
-124.670230237032
-124.669688640015
-124.668268392963
-124.667059559112
-124.667016618998
-124.665921375190
-124.665362290128
-124.658625450128
-124.655209546344
-124.654453027201
-124.653962656034
-124.651794990363
-124.651753372461
-124.651412880376
-124.651382888841
-124.649757874927
-124.649044799186
-124.648727045016
-124.648671189579
-124.647502486312
-124.647258198150
-124.644429924913
-124.644256483590
-124.641815673987
-124.641358284928
-124.632812640499
-124.631813501858
-124.622851372039
-124.622839070465
-124.622436231842
-124.618569369618
-124.614684759974
-124.612163970875
-124.610629234391
-124.610474716308
-124.608698497387
-124.608247817349
-124.608080457208
-124.605844253724
-124.604601593448
-124.604130392567
-124.598733028249
-124.594466387427
-124.590175316712
-124.590127090770
-124.589745406423
-124.588527091804
-124.588309653658
-124.587966835419
-124.586171324379
-124.585563058556
-124.585337963382
-124.584424356000
-124.582395644024
-124.581222654997
-124.581023146188
-124.580074985814
-124.578857855127
-124.578010520852
-124.577871429100
-124.574329405178
-124.572545870725
-124.564734514246
-124.561760413902
-124.559987107067
-124.559469747253
-124.557913886912
-124.553808660691
-124.546674021915
-124.544677137880
-124.543474523606
-124.540095023584
-124.513698070100
-124.511229559032
-124.499338926663
-124.494780856680
-124.484999331410
-124.482975809115
-124.452090149287
-124.450751477385
-124.433470158884
-124.433092030639
-124.432167264892
-124.431649062183
-124.282538678476
-124.263721554315
