-126.284861842898
-126.284624391787
-126.282808456172
-126.278702502785
-126.274432113189
-126.272894490629
-126.271053080938
-126.270431650291
-126.269962188028
-126.268575624754
-126.267065107415
-126.265574769982
-126.262036194226
-126.261730373681
-126.260723420347
-126.259338841743
-126.257743357010
-126.257618347297
-126.256505481509
-126.254273070000
-126.252405898258
-126.252078732810
-126.250819172808
-126.249338615606
-126.246942623385
-126.245076139949
-126.243675269265
-126.242694050254
-126.242126673230
-126.236459964900
-126.236055401781
-126.231371190835
-126.231103183101
-126.230488380384
-126.225733066618
-126.224225444470
-126.223561124686
-126.221684708247
-126.221403888975
-126.218343594539
-126.218333203977
-126.216487578230
-126.215971671770
-126.214194243825
-126.211508952625
-126.210984233033
-126.208232953471
-126.207007133616
-126.206228786796
-126.205651222963
-126.204138635981
-126.199397022336
-126.195225603260
-126.195196648984
-126.192963557324
-126.186776588699
-126.181179304600
-126.159026665661
-126.158208726992
-126.156463421033
-126.153842645464
-126.138727662688
-126.136287959522
-126.136028804846
-126.135989541222
-126.134199997228
-126.133666117387
-126.128764409793
-126.126605943287
-126.125208204179
-126.125073830978
-126.124253933217
-126.124002932005
-126.123804852935
-126.122859849711
-126.122769650463
-126.122000070952
-126.121823290696
-126.120942832508
-126.120444253261
-126.120329321583
-126.119726369787
-126.119081197999
-126.119049199956
-126.118599802253
-126.118354811708
-126.118163099426
-126.118038633521
-126.117441550491
-126.116754692077
-126.116647362921
-126.116517754612
-126.116355248862
-126.116013994988
-126.115590435384
-126.114871824238
-126.114627165019
-126.114115490055
-126.113905924270
-126.112947337936
-126.112771919028
-126.112638034473
-126.112029066246
-126.111843327357
-126.111483056618
-126.111441580038
-126.111012071271
-126.110991574665
-126.110910217510
-126.110671549166
-126.110503772265
-126.110122032321
-126.109845891254
-126.109807042942
-126.109590021604
-126.109558278676
-126.109335425751
-126.108768840168
-126.108323501679
-126.108086818696
-126.106868855398
-126.106847156646
-126.106684913623
-126.104840036374
-126.103945294657
-126.103798450003
-126.103318436232
-126.102682189191
-126.102645663155
-126.101141961783
-126.100747827299
-126.099877381113
-126.098332871478
-126.097894127678
-126.097500806497
-126.097155743159
-126.096635638565
-126.096521495798
-126.096348145235
-126.096225954738
-126.096207967621
-126.095091439064
-126.095049828466
-126.094784350736
-126.094524010741
-126.094398322184
-126.093517242590
-126.093459054133
-126.093274180001
-126.092741437178
-126.092721344933
-126.092350101470
-126.091643273427
-126.091434101424
-126.091021995631
-126.090110409805
-126.089962468309
-126.089699598995
-126.089645794674
-126.089211010634
-126.089187706881
-126.088609309342
-126.088457576844
-126.087978762791
-126.087143080643
-126.086767826501
-126.086616997905
-126.086048889348
-126.085923443531
-126.085703831396
-126.085021879464
-126.084682188620
-126.084094781186
-126.083865278855
-126.083482152408
-126.083031115455
-126.082705065411
-126.082583951204
-126.082442140942
-126.081924337279
-126.081921805947
-126.081734305427
-126.081309558185
-126.081283565889
-126.081283443518
-126.081232139456
-126.079739095543
-126.079196380161
-126.078970737335
-126.078402182347
-126.077768399309
-126.077744469623
-126.077530518550
-126.077502747843
-126.077497934070
-126.076976147656
-126.076258084536
-126.075027822943
-126.074802503234
-126.074573020279
-126.074482570971
-126.074199350304
-126.073935865989
-126.073641605266
-126.072453313522
-126.072354437096
-126.071570175254
-126.071127189434
-126.070786509691
-126.070746751271
-126.070579279484
-126.070359954041
-126.070264332762
-126.069877899453
-126.069613116922
-126.069155004598
-126.069130404754
-126.069092431968
-126.068874662419
-126.068557406966
-126.067665762715
-126.067398406125
-126.067018184870
-126.066878124424
-126.066827703120
-126.066343154002
-126.066086081973
-126.065839848830
-126.064957386989
-126.064846272147
-126.064730934516
-126.064452838036
-126.063337668557
-126.063056307357
-126.062735576666
-126.062725212666
-126.062364374620
-126.061526837756
-126.060441118366
-126.060190783412
-126.060184969941
-126.060068636221
-126.059071909245
-126.058900489688
-126.058508539238
-126.058417125970
-126.057879425947
-126.057388166349
-126.057262091572
-126.057122295182
-126.056773373627
-126.056504766693
-126.056327151393
-126.055997795009
-126.055805282739
-126.054538506886
-126.054474453938
-126.054447728401
-126.053662815638
-126.053614794703
-126.053031590751
-126.052956933141
-126.052274170628
-126.051908100890
-126.051621676454
-126.051307079938
-126.051206527178
-126.050475010149
-126.049246951559
-126.049114381153
-126.048903741064
-126.048882824651
-126.048777422196
-126.048760239865
-126.047951572922
-126.047566767965
-126.047524007735
-126.045573287093
-126.045141586732
-126.045113668860
-126.044976100965
-126.044949780356
-126.044894983650
-126.044288453807
-126.043911013390
-126.043734968817
-126.043092590565
-126.042909513804
-126.042811379989
-126.042244245038
-126.042018792867
-126.041670950510
-126.041034365631
-126.040835319141
-126.040793617917
-126.040738135297
-126.040162141968
-126.039952604740
-126.039947486160
-126.039779479748
-126.039262851496
-126.039204856620
-126.039183357246
-126.039109268984
-126.038811285973
-126.038308965744
-126.037931940644
-126.037818217985
-126.037439523816
-126.037364960938
-126.037121449444
-126.037000071103
-126.036821272616
-126.036097124661
-126.036056000160
-126.035916271259
-126.035838703473
-126.035835435177
-126.035572642542
-126.035553356899
-126.035309237800
-126.034965161082
-126.034414957998
-126.034167638292
-126.034147259265
-126.033583782409
-126.033407972406
-126.032598821126
-126.032504807648
-126.031762294993
-126.031368130787
-126.031284839095
-126.031018584184
-126.031008625938
-126.030812605124
-126.030211953471
-126.030016841091
-126.029960672041
-126.029597067008
-126.028749992774
-126.028653168446
-126.028547686615
-126.028175204118
-126.028166526895
-126.028033874865
-126.027706717805
-126.027576461518
-126.027443475656
-126.027268931537
-126.027181181263
-126.027179513349
-126.026830583978
-126.026482986644
-126.026466082383
-126.025954059584
-126.025870221678
-126.025807937944
-126.025577136115
-126.025287604138
-126.025125715281
-126.024754540843
-126.024588187430
-126.024581445237
-126.024466204922
-126.024444642801
-126.024442393985
-126.024441985241
-126.024305715693
-126.023965750281
-126.023756455155
-126.023485039472
-126.023351757630
-126.023262064115
-126.022315763702
-126.022184872118
-126.021958270659
-126.021896373324
-126.021711851168
-126.021595291433
-126.021571859092
-126.021450772320
-126.021419147154
-126.021208620326
-126.021118808017
-126.020803199147
-126.020757180606
-126.020388279461
-126.020316987562
-126.020113528722
-126.019859811403
-126.019695060780
-126.019440486411
-126.019416441690
-126.019353156687
-126.019234470763
-126.019111180315
-126.019064607632
-126.019026941421
-126.018442811815
-126.018387261431
-126.018147763734
-126.017964649210
-126.017706150363
-126.017683691741
-126.017452093862
-126.017185411090
-126.016892909191
-126.016467621361
-126.016363305622
-126.016329648488
-126.016316721673
-126.015840899033
-126.015658414117
-126.015420579800
-126.015308593115
-126.015222207650
-126.015102119740
-126.014692653444
-126.014556110891
-126.014323307641
-126.014173785802
-126.014037852596
-126.013966247447
-126.013866062382
-126.013722377047
-126.013475170277
-126.013272893087
-126.013003739587
-126.013003396269
-126.012991958914
-126.012969066939
-126.012903507512
-126.012664762187
-126.012545810146
-126.012220552069
-126.012122543929
-126.011683909293
-126.011555009655
-126.011065533988
-126.010930284951
-126.010778786237
-126.010764343899
-126.010608927248
-126.010573143206
-126.010501735368
-126.010237162646
-126.010235354608
-126.010015635664
-126.009956884554
-126.009672402930
-126.009290130307
-126.008881836999
-126.008551749159
-126.008349530339
-126.008137241485
-126.007976627324
-126.007758327994
-126.007681746727
-126.007634527300
-126.007324817018
-126.007170060973
-126.006633683342
-126.006124705743
-126.006075648919
-126.006051863379
-126.005954222997
-126.005691455552
-126.005376605768
-126.005142710958
-126.005065631667
-126.005063070184
-126.004910566029
-126.004692513084
-126.004567837949
-126.004307967741
-126.004298416519
-126.004076828575
-126.003913011707
-126.003822030107
-126.003433663534
-126.003308796866
-126.002809941417
-126.002791431393
-126.002647519860
-126.002414304685
-126.002334736887
-126.001938815485
-126.001503659525
-126.001460663324
-126.001452743788
-126.001297573740
-126.001015271666
-126.000991668812
-126.000819206417
-126.000806797609
-126.000702000443
-126.000578637876
-126.000412030345
-126.000078068394
-125.999835096818
-125.999390506256
-125.998925638091
-125.998486072457
-125.998348600399
-125.998085452526
-125.997857777116
-125.997775291669
-125.997742918637
-125.997538823694
-125.997197729188
-125.996988979807
-125.996788257880
-125.996556161482
-125.996508388637
-125.996328829728
-125.996053597782
-125.995910247687
-125.995858701816
-125.995459424314
-125.995063795640
-125.994997833456
-125.994886360245
-125.994691738851
-125.994656896838
-125.994503766778
-125.994276326732
-125.994069274611
-125.994005493966
-125.993850708297
-125.993775102953
-125.993695641135
-125.993637488413
-125.993608619219
-125.993600675079
-125.993561165989
-125.993144476653
-125.993026825159
-125.992475214654
-125.992454067360
-125.992122156197
-125.992079546485
-125.992026667039
-125.992007207693
-125.991125799430
-125.990718794435
-125.990381817975
-125.990053993884
-125.989969068388
-125.989940387041
-125.989853873608
-125.989686275115
-125.989641061769
-125.989217361440
-125.988823089122
-125.988583267178
-125.988523747515
-125.988443675389
-125.988327510554
-125.988224034424
-125.988118364649
-125.987904381412
-125.987661095374
-125.987601377184
-125.987272157201
-125.987168229305
-125.986962768945
-125.986940998672
-125.986917007464
-125.986799883537
-125.986514588633
-125.986302450754
-125.986130180399
-125.986070531677
-125.986026359113
-125.985809044002
-125.985654245201
-125.985594141404
-125.985253046904
-125.984863007378
-125.984532798144
-125.984437516387
-125.984398219354
-125.984359299818
-125.984053620447
-125.984001947561
-125.983999392655
-125.983591817135
-125.983303763272
-125.983292727526
-125.983182071436
-125.983143627683
-125.983091108960
-125.982949752224
-125.982853712424
-125.982831323312
-125.982688341506
-125.982466911653
-125.982342401337
-125.982242473457
-125.982184161490
-125.982143492790
-125.982131149300
-125.981774285295
-125.981771437128
-125.981582821500
-125.981535059708
-125.981413979767
-125.981292964698
-125.981230672917
-125.981209746571
-125.981036578268
-125.980920015463
-125.980862066844
-125.980377933000
-125.980340108655
-125.980151762416
-125.980082977866
-125.980032091774
-125.979786621276
-125.979584894927
-125.979546936040
-125.979249182390
-125.979097589749
-125.978894633994
-125.978750480269
-125.978614737520
-125.978463566627
-125.978376192430
-125.978194963254
-125.978012685688
-125.977738272311
-125.977698927794
-125.977618987167
-125.977600447367
-125.977297102696
-125.977160727081
-125.976921654032
-125.976815147762
-125.976716222937
-125.976593654896
-125.976552200713
-125.976224597774
-125.976204802561
-125.976135068368
-125.975908765911
-125.975887553668
-125.975560730093
-125.975515539033
-125.975409168099
-125.975312417535
-125.975206597342
-125.974924424761
-125.974754402034
-125.974320491161
-125.974235763108
-125.974167103318
-125.973878674993
-125.973871946351
-125.973658301714
-125.973576766771
-125.973396302077
-125.973388809721
-125.973142827800
-125.972749750655
-125.972576024557
-125.972562418713
-125.972515628998
-125.972483428980
-125.972159059976
-125.972070734703
-125.971934535122
-125.971909011041
-125.971510169077
-125.971464778817
-125.971344897657
-125.971026443624
-125.970993227492
-125.970774455715
-125.970533366610
-125.970476972314
-125.970421244342
-125.970207296870
-125.970096224867
-125.969862050342
-125.969680874721
-125.969531649187
-125.969509848480
-125.969386543546
-125.969185855433
-125.969090281389
-125.969068482082
-125.968955999419
-125.968954380066
-125.968593566293
-125.968284410989
-125.968039026822
-125.967963403688
-125.967955940061
-125.967492729265
-125.967439462857
-125.967238234386
-125.967237884709
-125.967020883060
-125.966616789700
-125.966535526348
-125.966191367225
-125.965663588221
-125.965655494985
-125.965527242099
-125.965414075087
-125.965279780183
-125.965215239903
-125.964578933934
-125.964515071959
-125.964377785991
-125.964360142914
-125.964359753230
-125.964192193326
-125.964131697542
-125.964059500061
-125.963474926891
-125.963392049869
-125.963330077801
-125.963318165675
-125.963242146884
-125.963239311878
-125.962555910403
-125.962525822556
-125.962112316472
-125.962090787427
-125.962031793363
-125.961870022481
-125.961700461101
-125.961662677155
-125.961582961288
-125.961406950670
-125.961267566774
-125.960972693788
-125.960930230983
-125.960629213766
-125.960418131996
-125.960412105253
-125.960281364386
-125.960265005131
-125.960216469766
-125.960208019518
-125.960147637186
-125.960113050503
-125.959712905348
-125.959541297143
-125.959493576768
-125.959265663817
-125.959111195728
-125.958640424418
-125.958632951582
-125.958391905436
-125.958328162722
-125.958305239869
-125.958139206197
-125.957813811525
-125.957620419599
-125.957402624270
-125.957209967294
-125.956913113870
-125.956869415140
-125.956732724931
-125.956724593765
-125.956596670558
-125.956303264601
-125.955501148433
-125.955461307838
-125.955262460496
-125.955208164941
-125.955135575574
-125.955072583580
-125.955051413337
-125.955044590461
-125.954959880434
-125.954874439367
-125.954592435271
-125.954541138390
-125.954443828051
-125.953910864151
-125.953668061184
-125.953589730966
-125.953565436910
-125.953535016231
-125.953508300417
-125.953466553391
-125.953037089514
-125.953035588770
-125.952995791055
-125.952969126392
-125.952886249466
-125.952823571925
-125.952632794057
-125.952614189165
-125.952611913567
-125.952529162577
-125.952490198359
-125.951977901126
-125.951902239743
-125.951872270527
-125.951776054823
-125.951437582047
-125.951344778850
-125.951257083966
-125.950909578124
-125.950733189298
-125.950523410338
-125.950507070897
-125.950421006418
-125.949981546902
-125.949978040480
-125.949960790388
-125.949750737556
-125.949706472012
-125.949677002110
-125.949138643755
-125.948982725458
-125.948947488496
-125.948754897486
-125.948734516338
-125.948443399265
-125.948366533178
-125.948302206306
-125.948160784028
-125.948108242054
-125.948032252378
-125.948016496346
-125.948003605070
-125.947632007107
-125.947327486762
-125.947087389235
-125.947041813449
-125.946846074892
-125.946562930245
-125.946520993681
-125.946407985036
-125.946161979718
-125.946104423891
-125.945975874968
-125.945922580094
-125.945832435065
-125.945642973981
-125.945519853364
-125.944943279492
-125.944898719789
-125.944288857544
-125.944254701247
-125.944075005710
-125.943951151182
-125.943901345050
-125.943742724030
-125.943700003049
-125.943574771795
-125.943505023796
-125.943459580535
-125.943148817464
-125.942784662128
-125.942721628844
-125.942629831363
-125.942299263468
-125.942082736947
-125.941660339429
-125.941598744884
-125.941552612521
-125.941547328870
-125.941142503310
-125.941065476009
-125.940319749093
-125.940123161014
-125.940118114703
-125.939854874590
-125.939817493699
-125.939274935664
-125.939237396592
-125.939019286242
-125.938966509717
-125.938792911063
-125.938504275759
-125.938362678799
-125.938283281113
-125.938023458821
-125.937954017281
-125.937755300667
-125.937729327650
-125.937675655093
-125.937658872628
-125.937551839774
-125.937516770861
-125.937206252556
-125.937132396417
-125.937063206818
-125.937062294261
-125.936838232202
-125.936763727964
-125.936519777258
-125.936436139249
-125.936197147192
-125.936111765298
-125.936096874441
-125.935942241741
-125.935767826311
-125.935481272467
-125.935394320990
-125.935293760708
-125.935104083035
-125.935037873778
-125.934955078771
-125.934758213808
-125.934708715886
-125.934694489813
-125.934669311443
-125.934085859062
-125.934013115483
-125.933967565602
-125.933954755643
-125.933684858525
-125.933477298977
-125.933284529766
-125.933166011229
-125.932818507304
-125.932770038860
-125.932677941208
-125.932568722519
-125.932559577947
-125.932475289608
-125.932302345557
-125.932020027300
-125.931935434359
-125.931679423388
-125.931594072108
-125.931236431139
-125.931153750316
-125.931074711047
-125.930870059229
-125.930475648027
-125.930450084016
-125.930296209904
-125.930161626236
-125.929923737852
-125.929890602296
-125.929576462312
-125.929302867455
-125.929249032672
-125.929185013628
-125.929171520269
-125.928806485762
-125.928732707713
-125.928683029230
-125.928661135600
-125.928404793850
-125.928230438283
-125.928185778744
-125.928016632175
-125.927831935651
-125.927755233290
-125.927749300977
-125.927740732089
-125.927189331014
-125.926814351133
-125.926504359199
-125.926430491554
-125.926201068643
-125.926189486099
-125.926147414992
-125.926138068355
-125.926052931474
-125.925945423667
-125.925741379709
-125.925639967181
-125.925211265466
-125.924947303430
-125.924758550605
-125.924745771158
-125.924702927301
-125.924541770194
-125.924418681360
-125.924335213837
-125.924267083375
-125.924071346493
-125.923952813998
-125.923695221376
-125.923538961967
-125.923512049430
-125.923295059016
-125.923158743182
-125.923138997305
-125.923065565511
-125.922847620639
-125.922715812143
-125.922684689590
-125.922563516993
-125.922092771734
-125.922084617611
-125.921995537906
-125.921985281861
-125.921928964124
-125.921840747403
-125.921460628567
-125.921347679042
-125.921043532510
-125.920998619438
-125.920939342676
-125.920867301201
-125.920687553588
-125.920535497657
-125.920263819490
-125.920053079181
-125.919931102827
-125.919643904450
-125.919619870396
-125.919514530000
-125.919071502677
-125.919060493624
-125.918957403354
-125.918697182262
-125.918604961251
-125.918370441481
-125.918248252708
-125.918031815752
-125.917900947309
-125.917705915526
-125.917689243458
-125.917666872095
-125.917567284465
-125.917331450002
-125.917271352091
-125.917093003783
-125.916920540970
-125.916873501087
-125.916862737871
-125.916736528891
-125.916424344766
-125.916242335886
-125.915981222800
-125.915960687811
-125.915875413522
-125.915849840875
-125.915790870929
-125.915515883337
-125.915493124948
-125.915383299325
-125.915142706773
-125.914932204282
-125.914869572972
-125.914741427525
-125.914521429371
-125.914406557473
-125.914245858279
-125.913911197220
-125.913781891746
-125.913241712315
-125.913147359487
-125.912926055464
-125.912893587927
-125.912751615592
-125.912629320696
-125.912353960915
-125.912349562781
-125.912304250531
-125.912193424732
-125.911998294992
-125.911677775163
-125.911557404534
-125.911460700040
-125.911438966519
-125.911424194240
-125.911172164144
-125.911092146951
-125.910995908193
-125.910943808918
-125.910421113251
-125.910108489304
-125.909979864930
-125.909752281761
-125.909669074863
-125.909594698552
-125.909587347203
-125.909418108646
-125.909193666320
-125.908936669924
-125.908842327198
-125.908392320381
-125.908337631882
-125.908214699922
-125.907965650690
-125.907870452946
-125.907866536153
-125.907488165808
-125.907275880927
-125.907051611864
-125.907026781291
-125.906673802166
-125.906652061725
-125.906494873709
-125.906410581874
-125.906293277828
-125.906178731682
-125.905968326029
-125.905959290580
-125.905928997057
-125.905857166260
-125.905494432768
-125.905435670659
-125.905364259584
-125.905069461097
-125.904873819458
-125.904790954613
-125.904779151868
-125.904629181100
-125.904561648852
-125.904329347464
-125.904184947084
-125.903958365038
-125.903914795995
-125.903816006782
-125.903810934988
-125.903496966881
-125.903485928317
-125.903349738277
-125.902979860798
-125.902908030604
-125.902845405013
-125.902233490736
-125.901839002645
-125.901645620261
-125.901553288002
-125.901091149745
-125.900810864400
-125.900777751097
-125.900639507328
-125.900450231904
-125.900419198451
-125.900375730315
-125.900224189206
-125.899932828033
-125.899889782622
-125.899624003251
-125.899607159685
-125.899598943222
-125.899506502292
-125.899287906715
-125.899126006534
-125.898998097556
-125.898490746136
-125.898302712854
-125.898188566863
-125.898127271224
-125.897965427232
-125.897880381837
-125.897790201017
-125.897381311060
-125.897107131079
-125.897096114869
-125.897070971140
-125.897026141952
-125.896809818590
-125.896745504631
-125.896727614973
-125.896560596671
-125.896513839399
-125.896066758261
-125.895966082406
-125.895693584880
-125.895640667751
-125.895515068263
-125.895492570920
-125.895310860169
-125.895233025319
-125.894958251394
-125.894722302388
-125.894662627581
-125.894463035756
-125.894441370195
-125.894306508767
-125.894222295755
-125.894156080150
-125.894143076680
-125.893919282737
-125.893857118717
-125.893765028545
-125.893698823638
-125.893584430385
-125.893583935953
-125.893116588298
-125.892927400366
-125.892826205060
-125.892714049022
-125.892248247676
-125.892231730835
-125.892204007957
-125.891685092315
-125.891610225007
-125.891220050650
-125.891159891092
-125.891032470391
-125.891015575515
-125.890935116590
-125.890714033263
-125.890494912961
-125.890344494909
-125.890229572661
-125.890194409258
-125.889893456420
-125.889821923956
-125.889644348733
-125.889531588187
-125.889337776874
-125.889179944262
-125.888978647879
-125.888910880584
-125.888872796221
-125.888854694013
-125.888820478527
-125.888797981250
-125.888680701167
-125.888558452062
-125.888320081339
-125.888114580011
-125.887914401376
-125.887761985976
-125.887348519120
-125.886995515143
-125.886904800735
-125.886828548347
-125.886114496059
-125.886113289815
-125.886064306751
-125.886024300088
-125.885666147085
-125.885663547800
-125.885249303299
-125.885202587337
-125.885165208571
-125.884781724815
-125.884701567816
-125.884456564516
-125.884381006935
-125.884362993323
-125.884065734862
-125.883996829293
-125.883593925353
-125.883589036788
-125.883586661957
-125.883552627412
-125.883477068379
-125.883457649928
-125.882989754177
-125.882857259770
-125.882823777487
-125.882594707898
-125.882349123421
-125.882254142545
-125.881862971724
-125.881799984243
-125.881760549167
-125.881673887200
-125.881562075380
-125.881539779475
-125.881310644726
-125.881150114243
-125.880890086306
-125.880657217935
-125.880175075669
-125.880026722569
-125.879956886418
-125.879845303727
-125.879702320814
-125.879469618102
-125.879428955937
-125.879293553827
-125.879037087483
-125.878966795842
-125.878878792229
-125.878869363053
-125.878822876359
-125.878753839332
-125.878659990574
-125.878541300865
-125.878504744089
-125.878469311827
-125.878302359294
-125.877600913841
-125.877553181500
-125.877212430477
-125.877012040529
-125.876826971288
-125.876777539135
-125.876668204286
-125.876637234641
-125.876347809787
-125.876223386791
-125.876206387188
-125.876121604750
-125.876034643214
-125.875868159508
-125.875813577089
-125.875491059395
-125.874871108716
-125.874857798224
-125.874607873539
-125.874569654260
-125.874507739068
-125.874360912504
-125.874229686728
-125.874190129906
-125.873984749613
-125.873887715358
-125.873819308436
-125.873677203474
-125.873637860514
-125.873438033412
-125.873326007325
-125.873077654349
-125.873020749555
-125.872754641315
-125.872489805808
-125.872361116934
-125.872291831933
-125.872122822089
-125.872068164564
-125.871817196587
-125.871384429586
-125.871340303504
-125.870935656820
-125.870911983222
-125.870888964068
-125.870724323581
-125.870643699338
-125.870616138132
-125.870598394717
-125.870532136049
-125.870342823484
-125.869954092328
-125.869896680227
-125.869747214129
-125.869681460110
-125.869634473259
-125.869466809237
-125.869293838724
-125.868905944872
-125.868895774910
-125.868636610314
-125.868631189624
-125.868484491010
-125.868267235217
-125.868197804194
-125.868098643037
-125.867898516763
-125.867748748323
-125.867496749930
-125.867423059213
-125.867422667624
-125.867262844488
-125.867181238125
-125.867157824621
-125.866923406336
-125.866757869511
-125.865949067558
-125.865898812246
-125.865779784111
-125.865731542667
-125.865721901746
-125.865715693408
-125.865461244083
-125.865340171015
-125.865271460423
-125.865237981742
-125.865055821699
-125.864744459062
-125.864230006231
-125.864201882194
-125.864191648579
-125.864008634387
-125.863649515809
-125.863617528939
-125.863312720104
-125.862658548874
-125.862466579632
-125.862237979297
-125.862118360068
-125.861840427390
-125.861606983932
-125.861353364704
-125.861338520545
-125.861236366995
-125.861227687384
-125.861023964626
-125.860818060075
-125.860614691656
-125.860578722813
-125.860361061080
-125.860350359057
-125.860091082394
-125.859981700087
-125.859630596200
-125.859614480439
-125.858677321404
-125.858597207035
-125.858451718447
-125.858383252427
-125.858357908539
-125.857828348352
-125.857731234630
-125.857359449585
-125.856749426328
-125.856655617487
-125.856450105687
-125.856264202944
-125.856039819416
-125.855961514171
-125.855774867776
-125.855599622456
-125.855530082578
-125.855467628247
-125.855270852101
-125.854942129282
-125.854822051296
-125.854410364535
-125.854259590582
-125.854172241960
-125.854116504685
-125.853065015080
-125.852589688614
-125.852576449006
-125.852271293810
-125.851908490717
-125.851893120537
-125.851826474799
-125.851719807166
-125.851491998081
-125.851409662845
-125.851336278495
-125.851301107151
-125.850678648902
-125.850630913889
-125.850416105117
-125.849995466147
-125.849729477242
-125.849722168356
-125.849688116673
-125.849655095370
-125.849534228623
-125.849307843272
-125.848926769762
-125.848850314854
-125.848679372639
-125.848605717415
-125.848596273123
-125.848501408365
-125.848404978935
-125.847984909979
-125.847307765324
-125.847108683645
-125.847088749483
-125.846700476853
-125.846047966642
-125.845953177559
-125.845861579150
-125.845486374844
-125.845434251365
-125.845340081122
-125.845314231266
-125.845154350155
-125.845139616354
-125.845057905512
-125.844668091366
-125.844661864604
-125.844559683875
-125.844057335285
-125.843809437910
-125.843667449179
-125.843011502547
-125.842925216494
-125.842877133272
-125.842630216946
-125.842453316183
-125.842449390958
-125.842275980654
-125.842091789665
-125.841581670879
-125.841531888163
-125.841495127369
-125.841359668918
-125.841130236023
-125.840826247392
-125.840775962510
-125.840698804961
-125.840473801137
-125.840359953787
-125.840243478502
-125.840127289264
-125.839953000233
-125.839660444732
-125.839577640309
-125.839426514532
-125.839194066124
-125.839053645348
-125.838707379416
-125.838321465214
-125.838061114786
-125.837911171347
-125.837250345468
-125.836892324374
-125.836748942547
-125.836425695134
-125.836210593199
-125.836144837471
-125.835841078119
-125.835688231773
-125.835358147459
-125.835257778103
-125.835251755202
-125.835034783771
-125.834865214863
-125.834666158171
-125.834347959315
-125.833483469838
-125.833459211843
-125.833233120441
-125.833023678805
-125.832829598650
-125.832654482727
-125.832478464270
-125.832408688749
-125.832393232469
-125.832089794510
-125.831901583186
-125.831818271740
-125.831562344824
-125.831386570316
-125.831323870262
-125.831024304159
-125.830894363461
-125.830760008421
-125.830536499647
-125.830411249676
-125.830027071468
-125.829863415674
-125.829330703149
-125.829043494520
-125.828856941690
-125.828510144862
-125.828473897204
-125.828434914043
-125.828291855705
-125.828185450241
-125.828148270669
-125.828093689435
-125.827554536224
-125.827364202530
-125.827163258886
-125.827127613892
-125.827025772261
-125.826659678608
-125.826658237229
-125.826536815311
-125.826272098553
-125.825833558054
-125.825705804321
-125.825527904494
-125.825500804310
-125.825499442544
-125.825008587084
-125.824905179140
-125.824893343810
-125.824206351993
-125.823958447334
-125.823888239433
-125.823605706281
-125.823485196654
-125.823406551268
-125.823147631731
-125.823072470350
-125.823014044884
-125.822161718841
-125.822077943504
-125.821636650093
-125.821358377718
-125.821278259474
-125.821170235292
-125.821042312668
-125.820977942353
-125.820630082334
-125.820036996120
-125.820030661901
-125.819898993022
-125.819464924393
-125.819214153139
-125.819062638281
-125.819015003129
-125.818778131476
-125.818725552970
-125.818589077681
-125.818328092083
-125.818322433826
-125.818304908857
-125.817913356129
-125.817799088535
-125.817723306332
-125.817700601872
-125.817559016768
-125.817476844122
-125.816933479582
-125.816739388146
-125.816440099975
-125.816239037452
-125.816139062144
-125.816041691127
-125.815962638353
-125.815737173595
-125.815562633913
-125.815213437251
-125.814888522285
-125.814736658729
-125.814617808510
-125.814404932344
-125.814307247955
-125.814267216998
-125.814103482205
-125.813753456800
-125.813725084977
-125.813694788324
-125.813176607976
-125.813049973512
-125.812936181396
-125.812841891791
-125.812793291815
-125.812626863303
-125.812395654343
-125.812272119435
-125.812130182242
-125.812095815303
-125.811738287848
-125.811674798555
-125.810894821889
-125.810880217082
-125.810694119076
-125.810646926874
-125.810142652359
-125.810129884513
-125.810013897213
-125.809749106491
-125.809648953795
-125.809576310163
-125.808971496704
-125.808934010874
-125.808887277566
-125.808672915401
-125.808646671325
-125.808254643902
-125.808156119521
-125.808122342420
-125.808033136783
-125.807568763733
-125.807540373047
-125.807417724827
-125.807218600202
-125.806929836854
-125.806820988036
-125.806797104918
-125.806707517841
-125.806518272407
-125.806048390022
-125.805822868067
-125.805224316636
-125.805094671772
-125.804965690897
-125.804466863132
-125.804402131233
-125.804109011010
-125.804102912061
-125.803946505113
-125.803675088504
-125.803184155203
-125.802974687096
-125.802814750094
-125.802622394474
-125.802592402393
-125.802462181799
-125.802391816051
-125.802185032683
-125.801824129010
-125.801610910457
-125.800999285294
-125.800467769853
-125.800413612694
-125.799990721154
-125.799916208754
-125.799860223112
-125.799723799322
-125.799565775640
-125.799129673537
-125.799122946320
-125.799022804885
-125.798917787808
-125.798901206417
-125.798713244478
-125.797958643127
-125.797813264111
-125.797718676624
-125.797445762402
-125.797413134372
-125.797272976094
-125.797191965611
-125.796910616235
-125.796906663808
-125.796638660459
-125.796442921433
-125.796087570864
-125.795696231412
-125.795537751810
-125.795533984136
-125.795329997086
-125.795050117934
-125.794722539768
-125.794564080234
-125.794538306422
-125.794516243928
-125.794170373531
-125.794083840236
-125.793184193341
-125.793165165073
-125.792701623571
-125.792586781494
-125.792261456365
-125.792093910009
-125.792061967804
-125.791901601173
-125.791764991874
-125.791707328621
-125.791429981126
-125.791291440316
-125.791049688619
-125.791041225750
-125.790994864584
-125.790440496015
-125.790437612583
-125.790111070131
-125.789951926822
-125.789604793209
-125.789349452950
-125.789245288002
-125.788518622430
-125.788354388143
-125.788319590095
-125.788317127997
-125.788077070636
-125.787996228625
-125.787100699112
-125.786682077614
-125.786589374265
-125.786581174424
-125.786536557019
-125.786425796693
-125.786123160352
-125.785971337923
-125.785968155109
-125.785917207717
-125.785790216524
-125.785761882965
-125.785111531638
-125.784920203426
-125.784861498688
-125.784687319347
-125.784542813932
-125.784340631203
-125.784091531116
-125.783933653868
-125.783502292269
-125.783378968259
-125.783015280034
-125.782730185171
-125.782641087940
-125.782398351160
-125.782157153583
-125.781661786222
-125.781483173099
-125.781473405467
-125.781305519566
-125.781188991751
-125.780641084504
-125.780530881106
-125.780431704845
-125.779739807681
-125.779657396044
-125.779596381394
-125.779473293580
-125.778951784999
-125.778931664287
-125.778887884678
-125.778685850303
-125.778464648001
-125.778454454875
-125.778030633940
-125.777940666481
-125.777916446275
-125.777905660856
-125.777703657082
-125.777282190052
-125.777215781367
-125.776935595513
-125.776684156126
-125.776639839442
-125.776431045083
-125.776201842342
-125.775801225100
-125.775796732573
-125.775676825616
-125.775561279767
-125.775355511618
-125.774955681525
-125.774766803591
-125.774702910194
-125.774573311938
-125.774549639400
-125.774463410985
-125.774123056816
-125.774067500581
-125.774002403105
-125.773641448317
-125.773462200362
-125.773420415103
-125.773358748524
-125.772945766840
-125.772476481417
-125.772310708816
-125.771782187158
-125.771728817515
-125.771489892974
-125.770920597048
-125.770876064813
-125.770806409876
-125.770610974090
-125.770102095081
-125.769960141466
-125.769666296646
-125.769399162527
-125.768967587369
-125.768877673328
-125.768745711997
-125.768536738407
-125.768441677249
-125.768162705018
-125.768048621270
-125.767619542868
-125.767057631603
-125.767053852932
-125.766615965453
-125.766278874706
-125.765796901386
-125.765717776305
-125.765614909525
-125.765476411495
-125.765437181289
-125.765353770257
-125.765094972637
-125.764765294993
-125.764667091128
-125.764557227365
-125.764196911601
-125.764176502937
-125.764118605779
-125.763840535718
-125.763640212127
-125.763604144792
-125.763096226236
-125.762712010671
-125.762692430803
-125.762276316807
-125.761914710492
-125.761831671889
-125.761295544500
-125.760952814717
-125.760887082491
-125.760754197387
-125.760745158894
-125.760229345870
-125.759404595909
-125.759101013946
-125.758947783609
-125.758907705044
-125.758742690411
-125.758420824535
-125.758179251645
-125.757631969956
-125.757351173019
-125.757029788960
-125.756697189625
-125.756572136727
-125.756564891917
-125.756385340445
-125.755740042783
-125.755733001945
-125.755592364722
-125.755530900492
-125.755467580166
-125.754969341591
-125.754951029669
-125.754745763883
-125.754624466035
-125.754163229169
-125.753678365668
-125.753660542670
-125.753630986776
-125.753587726382
-125.752908756419
-125.752849495519
-125.752315946904
-125.752273602922
-125.752174703416
-125.751922071340
-125.751169431841
-125.750718387823
-125.750593888597
-125.750316297337
-125.749746464577
-125.749694314477
-125.749430826170
-125.749409244551
-125.749218406672
-125.749124895355
-125.748987760874
-125.747806579149
-125.747593302494
-125.747382815805
-125.747143073462
-125.746841912155
-125.746752341997
-125.746636239059
-125.746623102256
-125.746585380348
-125.746424039140
-125.746021504966
-125.745649445311
-125.745520876830
-125.745476597502
-125.745222222515
-125.744981986847
-125.744541596561
-125.744146661079
-125.744054785574
-125.743729589033
-125.743637590209
-125.743308069505
-125.742880796652
-125.742352866259
-125.742184341642
-125.741860948838
-125.741532480111
-125.741458291896
-125.740895161890
-125.740736461694
-125.740281001998
-125.739314985890
-125.739119220180
-125.738435538174
-125.738428164836
-125.738045512221
-125.738006760404
-125.737508998701
-125.737428952687
-125.737354144257
-125.737071828843
-125.736916102321
-125.736907914013
-125.736715248292
-125.736215818814
-125.735969028685
-125.735918368083
-125.735816038579
-125.735663448627
-125.735418294822
-125.735373545766
-125.735243969437
-125.734961856964
-125.734893103603
-125.734820005485
-125.734486833150
-125.734110009690
-125.733875932565
-125.733772557675
-125.733065392244
-125.732851744374
-125.732193202959
-125.732025994876
-125.731939957600
-125.731661741054
-125.731215013633
-125.731165076901
-125.730870840818
-125.730730401119
-125.730384359192
-125.730168407813
-125.730051816249
-125.729926655762
-125.729815225872
-125.729364429407
-125.729300610491
-125.729113751879
-125.728912770674
-125.728640491397
-125.728623533356
-125.727690566311
-125.727326382819
-125.727326317843
-125.727246969698
-125.727094957177
-125.726971388203
-125.726848117370
-125.726691907467
-125.726620928345
-125.726489620342
-125.726346245784
-125.726268773975
-125.725559969855
-125.725534592982
-125.725532716692
-125.725375401927
-125.724204509412
-125.724192404594
-125.724154053354
-125.724054836767
-125.724025137711
-125.723648939290
-125.723548233717
-125.722814109233
-125.722025092935
-125.721152314075
-125.720868296160
-125.720664058224
-125.720348434657
-125.720207608420
-125.720143022147
-125.719623594848
-125.719211421957
-125.719133929348
-125.718917754907
-125.718557752605
-125.718488594156
-125.718458352507
-125.718372009575
-125.718261327824
-125.718172005119
-125.717931918647
-125.717370256952
-125.716494432971
-125.716301985620
-125.716244152490
-125.715980823102
-125.715831125171
-125.715799210611
-125.715401611554
-125.714327949092
-125.714300688081
-125.713506494712
-125.713499779600
-125.713493008557
-125.713282104154
-125.713232390574
-125.712758108379
-125.712495699792
-125.712478297996
-125.712377199754
-125.712342774816
-125.711884515845
-125.711534061901
-125.711198463118
-125.711079185795
-125.710330409686
-125.709971436083
-125.709755308026
-125.709199019510
-125.708898926134
-125.708549239440
-125.708231601415
-125.707641275374
-125.707252070627
-125.707157483241
-125.707139493628
-125.707098807264
-125.706769749287
-125.706259522275
-125.706011993664
-125.705758258892
-125.705506128192
-125.705364332916
-125.704728043507
-125.704205511572
-125.703809593392
-125.703566763552
-125.703229191917
-125.703202235101
-125.703003763978
-125.702531591029
-125.702454448601
-125.702441713124
-125.702192525984
-125.701978492472
-125.701527740838
-125.701330452083
-125.701292383627
-125.701157444363
-125.700657138676
-125.700289661349
-125.699272858943
-125.698958196897
-125.698889488453
-125.698743032085
-125.698428325742
-125.698218016280
-125.697882625106
-125.697692591465
-125.697518297583
-125.697435248297
-125.696737208764
-125.696523741082
-125.696155122789
-125.695394196624
-125.695186113526
-125.694653590014
-125.694607620427
-125.693785593683
-125.693608161528
-125.693162336638
-125.693024196265
-125.691983889355
-125.691807998126
-125.691568351875
-125.691250081455
-125.690755670121
-125.689523240581
-125.689279912069
-125.689146474739
-125.688931761104
-125.687795114200
-125.687705450468
-125.687395129901
-125.687179100478
-125.687036739281
-125.687010729786
-125.686371989993
-125.685817670350
-125.685181312330
-125.685092584575
-125.684885196482
-125.683880582670
-125.683337237369
-125.683320080277
-125.682746690982
-125.682637282409
-125.682420793144
-125.681967299617
-125.680974722092
-125.680505883074
-125.680142395540
-125.679142243397
-125.679082111787
-125.678652319009
-125.678011852106
-125.677559735855
-125.677063323603
-125.676985083137
-125.676830571548
-125.676515120962
-125.676015560161
-125.673577115583
-125.672967498159
-125.672409638183
-125.671490305647
-125.671007450532
-125.670983022921
-125.670837634928
-125.670456088608
-125.668276893416
-125.668228773023
-125.668167154767
-125.667818785400
-125.667808524957
-125.667383447494
-125.666346359133
-125.666294266658
-125.665981909477
-125.664650704546
-125.664199218641
-125.664013409518
-125.662657681043
-125.662211072399
-125.661569498512
-125.661182823082
-125.660938251791
-125.660795657681
-125.660671434417
-125.660494481649
-125.660197465448
-125.660111775055
-125.659471717008
-125.658719541936
-125.658132708074
-125.657856441712
-125.657671026338
-125.657294992409
-125.657019542716
-125.656609791961
-125.655020825588
-125.654848155793
-125.654786143805
-125.654621501423
-125.653406356357
-125.653321325515
-125.653274253491
-125.652834191358
-125.652558809478
-125.652309720587
-125.650906644917
-125.650377108085
-125.650037428406
-125.649448969697
-125.649437575519
-125.649023690999
-125.648532583099
-125.647846215134
-125.647571365848
-125.647232410889
-125.647059760171
-125.646989029034
-125.646861205942
-125.646293574044
-125.645834552414
-125.645637644986
-125.644874623222
-125.644193951624
-125.643961518080
-125.643853463270
-125.643284349505
-125.643072727404
-125.642026936001
-125.641986300424
-125.641788397211
-125.641666251991
-125.641600393350
-125.641150861130
-125.640965754058
-125.640364261183
-125.639649762392
-125.639454568876
-125.639443449489
-125.639226106458
-125.639175879469
-125.638986126465
-125.638954952736
-125.637912533720
-125.637766790628
-125.636717599542
-125.636647937312
-125.636318500188
-125.636056037563
-125.636033108223
-125.635689519331
-125.635646700419
-125.635416389859
-125.635117584575
-125.635098616766
-125.634496231444
-125.634334727506
-125.633956225336
-125.633748631265
-125.633668621186
-125.633635230445
-125.633389840993
-125.633219791151
-125.633095811487
-125.632763420851
-125.632021254829
-125.631945860984
-125.631900660380
-125.631293789685
-125.631079547783
-125.630974200338
-125.630798828234
-125.630639145194
-125.630306084197
-125.630140812523
-125.630015356402
-125.629466700856
-125.629381899417
-125.628867438958
-125.628207817267
-125.627723140332
-125.627600098515
-125.627323774541
-125.627235089480
-125.626633031274
-125.626375746501
-125.626236096138
-125.626196929670
-125.626196667581
-125.626001981193
-125.625778136475
-125.625155309287
-125.624619823358
-125.624617547069
-125.624378726654
-125.623295678659
-125.622758931237
-125.622692370157
-125.622448258365
-125.622200757045
-125.621850557134
-125.621683924144
-125.621674536042
-125.620856089139
-125.620852516393
-125.620195447995
-125.620062772139
-125.619999842427
-125.619846092757
-125.619204579711
-125.619077997137
-125.618878258997
-125.618337203414
-125.618265700959
-125.618012268917
-125.617899907871
-125.617395193297
-125.616669310264
-125.616530435799
-125.616431286916
-125.616424914737
-125.616053080283
-125.615823126817
-125.615168179572
-125.615091146238
-125.614746648849
-125.614726414393
-125.614639505394
-125.614412104626
-125.613412906370
-125.613214570522
-125.613197002518
-125.612372940188
-125.611997919914
-125.611989537699
-125.611977766490
-125.611908313342
-125.611651728381
-125.611261533450
-125.611058651181
-125.610837186857
-125.610357602999
-125.609787143682
-125.609747988175
-125.608570388192
-125.608510876543
-125.608347820281
-125.608154304965
-125.607733606890
-125.607587940946
-125.607376535580
-125.607188699415
-125.606830070658
-125.606755429904
-125.606677046194
-125.606585314650
-125.605642287472
-125.605213312690
-125.605016704226
-125.604968495013
-125.603364640356
-125.603239209890
-125.603118240111
-125.602912215453
-125.602861897456
-125.602410276431
-125.601839669876
-125.600781478619
-125.600480322542
-125.599949840074
-125.599809240859
-125.599754337416
-125.599568133915
-125.599114112624
-125.599027110883
-125.598841456799
-125.598122969484
-125.597188597281
-125.597132630246
-125.597054614158
-125.596240643631
-125.596226403696
-125.595811344442
-125.595757560912
-125.595420988731
-125.595070061866
-125.594227899029
-125.594201763480
-125.593829940729
-125.593684752840
-125.593259729271
-125.593010870321
-125.592942147780
-125.592685160227
-125.592261411761
-125.591746734293
-125.591499853290
-125.590922806748
-125.590550866055
-125.588985936059
-125.588744521186
-125.588168275120
-125.587724574112
-125.587663633694
-125.586333946339
-125.586296145632
-125.584480787267
-125.584400247915
-125.583123791145
-125.582986728701
-125.582724755982
-125.581079861056
-125.580596231372
-125.580585514557
-125.578436788565
-125.578164040147
-125.577807162930
-125.576237449552
-125.573055973651
-125.573021488738
-125.572569687173
-125.570468451612
-125.570428384354
-125.569293606110
-125.566452480760
-125.565879048783
-125.565420132172
-125.565315965813
-125.564860240868
-125.563875401493
-125.560813808739
-125.559131052099
-125.558900225615
-125.557929803895
-125.556619557839
-125.556558517476
-125.554903032443
-125.554800379683
-125.553206647060
-125.553109249086
-125.552418430213
-125.550903013783
-125.550847260180
-125.550646979179
-125.550262772718
-125.549702788882
-125.548960970718
-125.548062058280
-125.546704532888
-125.546328242980
-125.546260548855
-125.546106920182
-125.546096153903
-125.545900679913
-125.545704768388
-125.544441144200
-125.544092396268
-125.543404618246
-125.543369494937
-125.542681498967
-125.542252951265
-125.541046901126
-125.540000338478
-125.539753095498
-125.539684728929
-125.539259673617
-125.538262896937
-125.538165694632
-125.537208633602
-125.537034903213
-125.536906754661
-125.535457683590
-125.535423548632
-125.535336729530
-125.535141651058
-125.535035580018
-125.534510714187
-125.533693899839
-125.533491138090
-125.532320365112
-125.531806639503
-125.530887422958
-125.530318918711
-125.529646011066
-125.529279699304
-125.528539550024
-125.527943502005
-125.527687175316
-125.527589935948
-125.527361971759
-125.526959780464
-125.526188801870
-125.525624271474
-125.525025436138
-125.524281565476
-125.523883252742
-125.523781494759
-125.522552390180
-125.522484045454
-125.522360668653
-125.521948888854
-125.521823070672
-125.521695010840
-125.520749206903
-125.520066875001
-125.519328306894
-125.519190893574
-125.518749771211
-125.518476063105
-125.517470362794
-125.517420886634
-125.516945540151
-125.516804936529
-125.515561995840
-125.514909657499
-125.514755368296
-125.514079285725
-125.514035872983
-125.513295840940
-125.513011231506
-125.512318574962
-125.512008437424
-125.511462608714
-125.510798252836
-125.509531719382
-125.508932374168
-125.508260994673
-125.507422738762
-125.506457143157
-125.505770661208
-125.504652907158
-125.503384599827
-125.502212013239
-125.501102643028
-125.500930612353
-125.500369048905
-125.500063852126
-125.498245301020
-125.497407585553
-125.497277638787
-125.495001519244
-125.493592829071
-125.490727425174
-125.488901249430
-125.488631266907
-125.487936537395
-125.487498220163
-125.486112512190
-125.486105317961
-125.485951569109
-125.484859175352
-125.484619351045
-125.481286232550
-125.480327760625
-125.480012600178
-125.476475975662
-125.474134711420
-125.474091647593
-125.473768795541
-125.473368752114
-125.470909238340
-125.469345480637
-125.468491131453
-125.467713907104
-125.467364174926
-125.465164399015
-125.463236256642
-125.461323195934
-125.461257548953
-125.460042077346
-125.459487174139
-125.456974376383
-125.455602327267
-125.455528149052
-125.455123375103
-125.455031382064
-125.454838991757
-125.453735031264
-125.452512054877
-125.451692266514
-125.450720448451
-125.450633355592
-125.447363265786
-125.447134576293
-125.447012765975
-125.446949960734
-125.446904807328
-125.446184279719
-125.445842448221
-125.445667501028
-125.444178603906
-125.442984596827
-125.442923330734
-125.442649918418
-125.442079193051
-125.440607010931
-125.440558212829
-125.439383199557
-125.438975138331
-125.438874849747
-125.438556394614
-125.437400632866
-125.436935235437
-125.436529489405
-125.436186410217
-125.433497886350
-125.433340583695
-125.432996661429
-125.432480919681
-125.432259465173
-125.428814072428
-125.426947670637
-125.426159648653
-125.425243723985
-125.422947553897
-125.422783624584
-125.419268978250
-125.419215361396
-125.417146356321
-125.417008371553
-125.416569681030
-125.416367992609
-125.415497820107
-125.414291478954
-125.414235996675
-125.412189802908
-125.403361823079
-125.400985249942
-125.398397432566
-125.398048039471
-125.397214362811
-125.396808594999
-125.396366416651
-125.395280075698
-125.394749265532
-125.393570751064
-125.392844312712
-125.392087131720
-125.391971062648
-125.388625364535
-125.387648004428
-125.385840904046
-125.385743105586
-125.384082210877
-125.383554346721
-125.382695998859
-125.382401966997
-125.382144764872
-125.381281263588
-125.381067661652
-125.377495894246
-125.375726207208
-125.374969311497
-125.374825452331
-125.374323267793
-125.373672856915
-125.368497636431
-125.367759324679
-125.367352431916
-125.366786082784
-125.365814322575
-125.365778954503
-125.364848827114
-125.363900859369
-125.363884994539
-125.362393600632
-125.362038521210
-125.359956513982
-125.359479350174
-125.359144764033
-125.358623428924
-125.358132962703
-125.356649224015
-125.355346593679
-125.354936179379
-125.353198682441
-125.352823391146
-125.345857458332
-125.345035233601
-125.343327605937
-125.342174689578
-125.341640825080
-125.340013027908
-125.337385861494
-125.336984975292
-125.335852387438
-125.334583264208
-125.328654347228
-125.326602232034
-125.318353213766
-125.317337835169
-125.311031348690
-125.307531757682
-125.302555276502
-125.298458390794
-125.293737953099
-125.281753135603
-125.277368208978
-125.274741728592
-125.273420016698
-125.271617669591
-125.268175111505
-125.267671119343
-125.267277398326
-125.226105919861
-125.223387103471
-125.220893324768
-125.219789146268
-125.218514533762
-125.216154095860
-125.213864382822
-125.213471276829
-125.211928895763
-125.055496340417
-125.051972934504
