-125.566183365451
-125.552928014104
-125.543296642781
-125.535858444962
-125.530122882144
-125.525852044035
-125.524972376106
-125.519195923148
-125.511979992092
-125.506430943045
-125.502927207468
-125.500773926376
-125.459393250605
-125.455292069997
-125.447240779346
-125.445692377592
-125.441463171779
-125.439568083774
-125.439447820609
-125.439420894039
-125.432326162075
-125.431541273455
-125.425484795694
-125.424827570464
-125.423271839197
-125.420864414951
-125.419059035588
-125.416354540882
-125.415879542065
-125.412739422934
-125.408100382634
-125.407975402916
-125.407728126341
-125.406844980565
-125.405715763539
-125.404311686186
-125.401761513292
-125.399656898930
-125.399131677414
-125.397351504013
-125.397103989220
-125.395148755183
-125.393158968369
-125.392831130688
-125.391770773218
-125.390485114174
-125.387142532000
-125.386036227973
-125.385884242815
-125.380473145897
-125.377924028474
-125.377042962910
-125.376771359596
-125.373737190501
-125.370507809804
-125.367810260132
-125.366974860913
-125.364311876516
-125.363058656441
-125.359129165062
-125.359096298849
-125.358629361837
-125.356086800265
-125.354443172046
-125.354131570152
-125.347959263498
-125.347574359857
-125.347295623871
-125.344663049187
-125.341783785901
-125.340681972919
-125.340493364090
-125.339865509045
-125.338334277178
-125.334381530929
-125.331168964600
-125.328619565966
-125.323251234193
-125.322836721967
-125.320755404714
-125.319745745611
-125.318308075816
-125.315212153278
-125.309473987462
-125.303730122945
-125.301695898644
-125.299941950790
-125.299362360890
-125.298278748355
-125.296991502128
-125.295238067003
-125.293005658851
-125.292860111476
-125.291108354598
-125.291039635460
-125.290568828109
-125.289863942489
-125.285090005125
-125.285035246601
-125.284462326964
-125.283603710493
-125.283493858378
-125.282670498911
-125.276128430035
-125.273535344451
-125.271196253776
-125.267407625429
-125.267257001853
-125.266163366126
-125.265368312140
-125.263694804731
-125.258551994458
-125.255828729796
-125.255247767507
-125.254528213691
-125.250926037209
-125.244561166013
-125.243130845571
-125.235701650018
-125.233391133911
-125.233214043508
-125.232929939180
-125.232372576691
-125.230383994347
-125.222343104820
-125.218481106597
-125.211686469283
-125.206385655837
-125.206221061755
-125.205987527155
-125.205283044160
-125.204066968233
-125.203409499231
-125.199629623950
-125.189723798064
-125.189543627052
-125.188955589650
-125.188014588831
-125.186197007439
-125.185040930437
-125.182181846704
-125.178243405967
-125.170899551259
-125.169155906353
-125.165764932509
-125.164320680303
-125.162826239775
-125.160160731524
-125.159492923775
-125.158199418263
-125.157213343225
-125.147787549891
-125.139577114037
-125.132749307892
-125.131306981841
-125.130450727815
-125.119667953378
-125.119040629445
-125.113431821913
-125.113430341821
-125.112365512490
-125.110861543577
-125.107594084168
-125.104938671255
-125.101865520272
-125.100904283639
-125.100727681755
-125.100302449191
-125.096013145525
-125.092900005523
-125.087628354977
-125.079671524467
-125.078414421182
-125.078225299386
-125.074713981868
-125.063659822737
-125.059554498651
-125.055246997507
-125.049586572989
-125.042725669084
-125.040824214431
-125.030247480110
-125.008660618380
-125.001519904789
-124.994517460232
-124.988444577267
-124.957852001917
-124.943548180038
-124.923857923814
-124.911966058044
-124.910194322621
-124.900345288425
-124.896585073488
-124.881575914787
-124.771766847013
-124.753959747604
-124.753331102992
-124.741053851150
