-125.960582114760
-125.953060976192
-125.944707776825
-125.942182674962
-125.934288646362
-125.932706233979
-125.928211957159
-125.923582218895
-125.923522788247
-125.920230497645
-125.919455962585
-125.916430005862
-125.914584893999
-125.911056732686
-125.908922478098
-125.908365050686
-125.903213127837
-125.901104816768
-125.899083442596
-125.896528177430
-125.895222989580
-125.894050024516
-125.889124945749
-125.886021428228
-125.852224801949
-125.847811124406
-125.847530773308
-125.844288503366
-125.840222696445
-125.838664142753
-125.835074314996
-125.834943703782
-125.832424787365
-125.832338950558
-125.831997301521
-125.830591039970
-125.829857734366
-125.829647516809
-125.829179909853
-125.827569442220
-125.824178479564
-125.823351530997
-125.821356639851
-125.820350488811
-125.818406682746
-125.815925418880
-125.814717196799
-125.814707510523
-125.813196291122
-125.813041829891
-125.812523814336
-125.810755927616
-125.810746149482
-125.808710293944
-125.808486910499
-125.807075620184
-125.806601663018
-125.804415628906
-125.803979605423
-125.802370358222
-125.801411759577
-125.800751397183
-125.799763224634
-125.799471774191
-125.798520115782
-125.798066905715
-125.797012116785
-125.796236249480
-125.794720657014
-125.794220849455
-125.794012139552
-125.793979902626
-125.792844963213
-125.792111903859
-125.792015228924
-125.790001924333
-125.789972535792
-125.789968338085
-125.789605110978
-125.787392496719
-125.786940659420
-125.786540291015
-125.785537685403
-125.784706986403
-125.784591630739
-125.783657591293
-125.783614185577
-125.782593497317
-125.782503998010
-125.781095553377
-125.780664946241
-125.779248483058
-125.778934946296
-125.776465319044
-125.776308816607
-125.775608219278
-125.775560617285
-125.775308852761
-125.771861164258
-125.770549883213
-125.769844345787
-125.769488505112
-125.768737963298
-125.765469890309
-125.765465479829
-125.765294502031
-125.765120171741
-125.763334331474
-125.762534680230
-125.761964212691
-125.759063880640
-125.758349685481
-125.755699685605
-125.755657649210
-125.755541473506
-125.754666568506
-125.754403231200
-125.752737169830
-125.750744920095
-125.750574837450
-125.750116529568
-125.749791598066
-125.748683302989
-125.748463525046
-125.747413022068
-125.747075945612
-125.746129296102
-125.745367313882
-125.743619464799
-125.742678048179
-125.739967327597
-125.739565152441
-125.738520682330
-125.738142378296
-125.737511399728
-125.736379687684
-125.734993596825
-125.734641367094
-125.732439470100
-125.732070143107
-125.731553501665
-125.731330272193
-125.730949539968
-125.730677198306
-125.730664037995
-125.729789164900
-125.729638400482
-125.727991596085
-125.724835978206
-125.724231369325
-125.722765184348
-125.721066774371
-125.719323763074
-125.719137723140
-125.714522633948
-125.713603011026
-125.713594487633
-125.713532845506
-125.712006515393
-125.711259904953
-125.710783743936
-125.709945234766
-125.709899468347
-125.708159858120
-125.706401518701
-125.705279212564
-125.700738984351
-125.700139267763
-125.696219174918
-125.693776033020
-125.692777238483
-125.692051532183
-125.691414029675
-125.691233981108
-125.690833562833
-125.690371274106
-125.690113010559
-125.689196293401
-125.686989772033
-125.686958017216
-125.685994435096
-125.685814782248
-125.685270291001
-125.683617068841
-125.683523630999
-125.683358995068
-125.682651854043
-125.682456654143
-125.682002494476
-125.681792001792
-125.681357112021
-125.680663538172
-125.679688817078
-125.679519749938
-125.676620439719
-125.676357302215
-125.676171687386
-125.675985400492
-125.675724815744
-125.675499172575
-125.674767677084
-125.674524810357
-125.674317919596
-125.674199252567
-125.671975292771
-125.671689342657
-125.667270726601
-125.666857752300
-125.666303434701
-125.663079885954
-125.662678237730
-125.660670385164
-125.658746781853
-125.658565206962
-125.658490562190
-125.657965604107
-125.657516937583
-125.656961210142
-125.655968124766
-125.655264539420
-125.654776719698
-125.652387534261
-125.650715094350
-125.648850479189
-125.647237504234
-125.647233996782
-125.646431369207
-125.646084822229
-125.644318219780
-125.643296348065
-125.641637709932
-125.640936203446
-125.636342653257
-125.634646233190
-125.634588198753
-125.631227921401
-125.627204256013
-125.626556069013
-125.626313623646
-125.625087691239
-125.624734414135
-125.623851300112
-125.623781263367
-125.623472636081
-125.622860183536
-125.621952849263
-125.621745095352
-125.619908179668
-125.613984438045
-125.613162799670
-125.609209281223
-125.608275848874
-125.603537294539
-125.602181098618
-125.599897527228
-125.599307470150
-125.598196934741
-125.597922323294
-125.597910649732
-125.597714094252
-125.597118064792
-125.595939973729
-125.595062970480
-125.593279570123
-125.592634284218
-125.591990367609
-125.590926112630
-125.588138016857
-125.581823996783
-125.581395057091
-125.581048700753
-125.580476676067
-125.580448567730
-125.579659905520
-125.579132899498
-125.578313705931
-125.578153891218
-125.577239922322
-125.576978195820
-125.574614370864
-125.573271958140
-125.571925797816
-125.568287682761
-125.567549954775
-125.564584313654
-125.562251949830
-125.561606328513
-125.559690668594
-125.558030655225
-125.556714981086
-125.556446890483
-125.554558419510
-125.554213597499
-125.553823320116
-125.551788694989
-125.551574204545
-125.550626522807
-125.549622990727
-125.549272630182
-125.548476417763
-125.546893292737
-125.546635597877
-125.541298268828
-125.536949245813
-125.531486775396
-125.530014004292
-125.524591834537
-125.524039346109
-125.522742370911
-125.521970772031
-125.521332838765
-125.520946573639
-125.511327038927
-125.510788074770
-125.510680129560
-125.510309032931
-125.507192030759
-125.505881505856
-125.505358501263
-125.504317164336
-125.503663376181
-125.503650290296
-125.502974633208
-125.500599506490
-125.499324685219
-125.496986607007
-125.495836485840
-125.495652084419
-125.493692752152
-125.493029652644
-125.492791140915
-125.492465952543
-125.492032116641
-125.491542090369
-125.491024666359
-125.490319410323
-125.489249822216
-125.484392340266
-125.484176526935
-125.484174197009
-125.479665377522
-125.478061530579
-125.472639418438
-125.472007332297
-125.471702969055
-125.470413426085
-125.468734656368
-125.466808336382
-125.466669412077
-125.464432333169
-125.455354458348
-125.454809768498
-125.452568378617
-125.449231814233
-125.446758468627
-125.445085243775
-125.441762907123
-125.440703412819
-125.434278604028
-125.433280788939
-125.433150762692
-125.432203832379
-125.422491083186
-125.420188834852
-125.400998751892
-125.399840285081
-125.393883831046
-125.391673306187
-125.386824513145
-125.385412198676
-125.380683424044
-125.379116181845
-125.350324044993
-125.349110733817
-125.336001413030
-125.333934251678
-125.316406206992
-125.314849384633
-125.304499460567
-125.302848193387
-125.302812703325
-125.300820978782
-125.292965847189
-125.291544919669
-125.289255641758
-125.287542532433
-125.274140736144
-125.272571033871
-125.164661874133
-125.163012073611
-125.146928080588
-125.146354230739
-125.145454497326
-125.144590764425
-125.133886037848
-125.132508786172
