-126.134434567523
-126.121167112983
-126.111542758362
-126.104112853588
-126.098385065931
-126.094120994175
-126.093334943053
-126.087587592933
-126.080365020517
-126.074814263994
-126.071316815861
-126.069164275360
-126.028099787575
-126.024036559574
-126.015962162558
-126.014375236507
-126.010173961983
-126.008273480911
-126.008178138896
-126.008146271709
-126.001035174755
-126.000275695092
-125.994198633002
-125.993536747960
-125.991984084049
-125.989548640486
-125.987972611372
-125.985106225980
-125.984624601129
-125.981468825821
-125.976854586936
-125.976745585617
-125.976561201077
-125.975709764753
-125.974408371690
-125.973156372255
-125.970530561344
-125.968419386819
-125.967971150466
-125.966113602513
-125.965956304838
-125.963988369161
-125.961931349466
-125.961689121258
-125.960578217982
-125.959306635552
-125.955963615892
-125.954947239301
-125.954726491176
-125.949379168168
-125.946781690960
-125.945950756194
-125.945722717887
-125.942599547246
-125.939447600300
-125.936694784224
-125.935916892181
-125.933292911244
-125.932039593546
-125.928167039714
-125.928084683558
-125.927520515527
-125.925010673436
-125.923415960903
-125.923157888666
-125.916882140371
-125.916604598399
-125.916292246962
-125.913662597708
-125.910630842637
-125.909576083348
-125.909463169602
-125.908889957244
-125.907320995451
-125.903394997089
-125.900241464691
-125.897585342891
-125.892373513531
-125.891941614646
-125.889800243397
-125.888652495567
-125.887439405025
-125.884264300754
-125.878652343735
-125.872935401378
-125.870908743887
-125.868908677125
-125.868570766566
-125.867459535362
-125.866228143808
-125.864444119678
-125.862276564223
-125.861987388947
-125.860330086566
-125.860253074430
-125.859708916687
-125.859072400895
-125.854327877980
-125.854296830261
-125.853706513678
-125.852867910961
-125.852733104375
-125.851864875528
-125.845335828433
-125.842792154149
-125.840373980018
-125.836649928458
-125.836508374814
-125.835456864619
-125.834644410893
-125.832991362019
-125.827884043659
-125.825110075637
-125.824503930442
-125.823954853031
-125.820300760566
-125.813936567448
-125.812529576058
-125.805216388498
-125.802793634390
-125.802730000122
-125.802356173923
-125.801841518318
-125.799815784359
-125.791778525293
-125.787942164012
-125.781215523050
-125.775966109978
-125.775711797601
-125.775525635902
-125.774728785501
-125.773614844524
-125.772954705690
-125.769182086730
-125.759350396257
-125.759189374609
-125.758567417971
-125.757574499503
-125.755728478833
-125.754642291276
-125.751763383567
-125.747733389933
-125.740628060635
-125.738893410459
-125.735477926390
-125.733964725939
-125.732531638117
-125.729763060133
-125.729274347442
-125.727899717082
-125.726919922045
-125.717580959333
-125.709254636867
-125.702606810515
-125.701003951838
-125.700304539606
-125.689564751434
-125.688936127675
-125.683370006435
-125.683293989327
-125.682276375637
-125.680790440193
-125.677508165220
-125.674879682245
-125.671764063090
-125.670896184834
-125.670589590203
-125.670122323858
-125.665869768801
-125.662863291714
-125.657572931473
-125.649730207942
-125.648371246027
-125.648310189639
-125.644740826525
-125.633732744048
-125.629485694752
-125.625240072406
-125.619715433631
-125.612778705949
-125.611035742816
-125.600440907327
-125.578975064199
-125.571774355622
-125.564852675045
-125.558753414207
-125.528364348143
-125.514005910049
-125.494491530850
-125.482586610440
-125.480868595511
-125.471012596283
-125.467310685248
-125.452312243689
-125.342999830914
-125.325177338468
-125.324598295151
-125.312344998154
