-11708.626363198584
-11708.625576655562
-11708.624357275732
-11708.620387903868
-11708.616472750489
-11708.613406141210
-11708.613078536966
-11708.611161844723
-11708.610281013856
-11708.609798518070
-11708.609393648239
-11708.605816656818
-11708.602234697852
-11708.599464094252
-11708.599049344306
-11708.597688563043
-11708.597035263510
-11708.596119330357
-11708.592920731951
-11708.592604563511
-11708.590925306824
-11708.589816399297
-11708.589050924853
-11708.586500916581
-11708.584432524758
-11708.582797439685
-11708.581550337558
-11708.580668541203
-11708.576952842965
-11708.575703903593
-11708.571893860313
-11708.571125018409
-11708.571043751685
-11708.565440950924
-11708.564058802076
-11708.564046991471
-11708.561099781540
-11708.560619834894
-11708.558338384104
-11708.558059844394
-11708.556260880316
-11708.556212583579
-11708.554925807992
-11708.554031582355
-11708.550788597016
-11708.550357403452
-11708.548621185308
-11708.548611516759
-11708.546763644485
-11708.545612191570
-11708.544103249698
-11708.539965819586
-11708.536490766357
-11708.534612253623
-11708.534030687597
-11708.524815249441
-11708.519179097217
-11708.510645465774
-11708.509771144798
-11708.507698570256
-11708.504350465408
-11708.488674718554
-11708.487431434825
-11708.487034803926
-11708.486137841539
-11708.484677352051
-11708.483972163420
-11708.481063150375
-11708.480381186277
-11708.479281839045
-11708.478965222612
-11708.477734970544
-11708.476748367748
-11708.476320526312
-11708.475906185959
-11708.475348630360
-11708.474595846330
-11708.474536755932
-11708.473885546051
-11708.473393063055
-11708.472538607002
-11708.472431801067
-11708.472326522757
-11708.471786431361
-11708.470894930846
-11708.470555374000
-11708.469118826464
-11708.469102426465
-11708.469013427237
-11708.468917773571
-11708.468828945870
-11708.468709717779
-11708.467991631953
-11708.467287250414
-11708.466539196934
-11708.466305845650
-11708.466123562837
-11708.465129975544
-11708.464760682356
-11708.464188985577
-11708.464133826608
-11708.463974956960
-11708.463676860900
-11708.463504951525
-11708.463032910246
-11708.462597516556
-11708.462442600992
-11708.462382792335
-11708.461623626712
-11708.461531215989
-11708.461111316376
-11708.461106298995
-11708.461078874681
-11708.461075818957
-11708.461006432324
-11708.460761159753
-11708.460686229811
-11708.460500373747
-11708.460056789150
-11708.459692173363
-11708.458560244613
-11708.458127515971
-11708.457219042857
-11708.456234751602
-11708.455789186130
-11708.455557991103
-11708.454735997275
-11708.454573789002
-11708.454559635607
-11708.454245783252
-11708.451819566038
-11708.451000784147
-11708.450488743218
-11708.450329603511
-11708.449679343885
-11708.449636201163
-11708.449341160112
-11708.448506792214
-11708.448435745508
-11708.448177257145
-11708.448138135856
-11708.447700236960
-11708.447560857507
-11708.447400533942
-11708.447161534861
-11708.446794186788
-11708.446364242513
-11708.445573439538
-11708.445129526237
-11708.445096060332
-11708.445090534005
-11708.444528000888
-11708.444212409413
-11708.444095128169
-11708.443352744676
-11708.443146711876
-11708.442669568703
-11708.442529480959
-11708.442342393570
-11708.441659299886
-11708.440891326130
-11708.440716569012
-11708.440485592186
-11708.440101462322
-11708.439914216986
-11708.439567235109
-11708.439491057467
-11708.439174780811
-11708.438959121180
-11708.438781606763
-11708.438293205376
-11708.437863792600
-11708.437653359893
-11708.437164110999
-11708.436768922242
-11708.436494558373
-11708.436250937459
-11708.435685409646
-11708.434847393321
-11708.434751868270
-11708.434633459272
-11708.434631473572
-11708.434136154838
-11708.433819535665
-11708.433589282804
-11708.433513271346
-11708.432713709070
-11708.431707706346
-11708.431655807781
-11708.431513259446
-11708.431171389500
-11708.431054946386
-11708.430972232518
-11708.430659487089
-11708.430600550853
-11708.429556410698
-11708.429284378639
-11708.429110436420
-11708.428867097075
-11708.427703004152
-11708.427140452111
-11708.427110075963
-11708.427057250345
-11708.426533662419
-11708.426255657565
-11708.426100414508
-11708.425514702742
-11708.425464582951
-11708.424804233500
-11708.424495695261
-11708.424414692459
-11708.424394001831
-11708.423990895111
-11708.423924531944
-11708.423872784964
-11708.423041989645
-11708.422910069430
-11708.422684650655
-11708.422399216459
-11708.421422733763
-11708.421255150241
-11708.421145493672
-11708.421141000528
-11708.420818423108
-11708.420748234406
-11708.420067715215
-11708.419952002943
-11708.419826184800
-11708.419454291914
-11708.418789918132
-11708.418629126110
-11708.418519349418
-11708.418396111401
-11708.418017143815
-11708.417677966409
-11708.415743270138
-11708.415699087480
-11708.414939875487
-11708.414332732065
-11708.414095112699
-11708.413772897225
-11708.413692234793
-11708.413496187610
-11708.413230493290
-11708.413175955744
-11708.412850941611
-11708.412299815653
-11708.412248003193
-11708.412162019888
-11708.411608198132
-11708.411480473471
-11708.410803760080
-11708.410243404991
-11708.409965718536
-11708.409916446388
-11708.409771229795
-11708.409161145291
-11708.408997072514
-11708.408905229648
-11708.407841019844
-11708.407784015224
-11708.406540554244
-11708.406467887558
-11708.406359162731
-11708.405984695431
-11708.405389099986
-11708.404927978381
-11708.404828205494
-11708.404213170044
-11708.404084190925
-11708.404035412985
-11708.403740899643
-11708.403597744667
-11708.403249398934
-11708.402715922804
-11708.402242205735
-11708.401722624276
-11708.400992954952
-11708.400895365661
-11708.400474629503
-11708.399987903802
-11708.399765563989
-11708.399741599294
-11708.399424063417
-11708.399368901573
-11708.399164888509
-11708.398863905488
-11708.398580399065
-11708.398335095239
-11708.397882303410
-11708.397736653398
-11708.397468933366
-11708.397215897056
-11708.397193595025
-11708.397124323494
-11708.396381682929
-11708.396172071898
-11708.396064188222
-11708.395645383456
-11708.395622351300
-11708.394889388361
-11708.394717983823
-11708.394717890114
-11708.394483968410
-11708.394032743723
-11708.394007622912
-11708.393790381131
-11708.393689176541
-11708.393542949631
-11708.393278304975
-11708.393063448462
-11708.393008821335
-11708.392735351737
-11708.392449449306
-11708.392308754523
-11708.392091674303
-11708.391546288414
-11708.391544236241
-11708.391359678504
-11708.391280063574
-11708.390919894486
-11708.390502420860
-11708.390269747289
-11708.390236008805
-11708.390208657078
-11708.389556106218
-11708.389538028723
-11708.389398441208
-11708.389374277973
-11708.389225697791
-11708.389149575196
-11708.388716447666
-11708.388666135497
-11708.388587975889
-11708.388078649907
-11708.387447131341
-11708.387278839977
-11708.387107028038
-11708.386711865038
-11708.386676062035
-11708.386575906279
-11708.386558674389
-11708.386244557640
-11708.386214658140
-11708.385669005698
-11708.385472396105
-11708.385272278774
-11708.384960321608
-11708.384759346418
-11708.384472797552
-11708.384437483626
-11708.384171290252
-11708.383950040849
-11708.383933291709
-11708.383807096412
-11708.383352193232
-11708.383238303899
-11708.383040883184
-11708.382968156915
-11708.382691880746
-11708.382345149408
-11708.381951618347
-11708.381761691004
-11708.381664046688
-11708.381622219116
-11708.381455187402
-11708.381316181865
-11708.381136454600
-11708.380944990264
-11708.380715725383
-11708.380551626822
-11708.380344897536
-11708.380165706272
-11708.380124271831
-11708.380099864788
-11708.380089154753
-11708.379761587077
-11708.379512769741
-11708.379222059406
-11708.378939251343
-11708.378517755345
-11708.378483383811
-11708.378299977616
-11708.378168321808
-11708.378044074840
-11708.378024872862
-11708.377760378475
-11708.377606855414
-11708.377331176671
-11708.377316975126
-11708.376978406033
-11708.376802521636
-11708.376787756510
-11708.376481876310
-11708.376232493574
-11708.376203532473
-11708.376189907778
-11708.375658266441
-11708.375578564361
-11708.375511714978
-11708.375413561427
-11708.375308042210
-11708.375055033915
-11708.374523033352
-11708.374362582636
-11708.374361500810
-11708.374196746670
-11708.374107892918
-11708.374055216820
-11708.374042601916
-11708.373781508668
-11708.373585493202
-11708.373406885074
-11708.373290324196
-11708.373125425802
-11708.373074067582
-11708.372828545367
-11708.372583964201
-11708.372376637362
-11708.372376493382
-11708.372286170168
-11708.372181840945
-11708.371841363492
-11708.371816451545
-11708.371646858472
-11708.371394603861
-11708.371379076862
-11708.371331905011
-11708.371221574283
-11708.371149629405
-11708.371114247573
-11708.370799350407
-11708.370523668140
-11708.369997191581
-11708.369996899963
-11708.369796920988
-11708.369702326954
-11708.369614787352
-11708.369577388217
-11708.369190338599
-11708.369118803332
-11708.368883907406
-11708.368694130064
-11708.368573038450
-11708.368520757458
-11708.368466652391
-11708.368299841683
-11708.368100473175
-11708.368069671464
-11708.367825668434
-11708.367632405547
-11708.367274946428
-11708.366970408160
-11708.366287397233
-11708.366260249019
-11708.366006198248
-11708.365626177680
-11708.365551374942
-11708.365345962995
-11708.365309219795
-11708.364504269442
-11708.364300702624
-11708.364073959014
-11708.363990325486
-11708.363919546749
-11708.363779863646
-11708.363694568910
-11708.363685347902
-11708.363415001691
-11708.363401552848
-11708.363353486055
-11708.363021693396
-11708.362733118043
-11708.362213033128
-11708.362083000340
-11708.361950712331
-11708.361805361930
-11708.361770827136
-11708.361736223149
-11708.361545423219
-11708.361403313904
-11708.361396982762
-11708.361359856384
-11708.360517881049
-11708.360485044956
-11708.360054749317
-11708.360041787544
-11708.359926029059
-11708.359867347386
-11708.359402759163
-11708.359381415879
-11708.359342983395
-11708.359015571554
-11708.358942652849
-11708.358611299172
-11708.358319919924
-11708.358176530239
-11708.358063287735
-11708.357702120013
-11708.357493105083
-11708.357362258344
-11708.357220172767
-11708.356576753022
-11708.356475974060
-11708.356441890128
-11708.356297651566
-11708.356164617844
-11708.356147974426
-11708.356057308709
-11708.355825064318
-11708.355749672197
-11708.355555573569
-11708.355525032795
-11708.355286746635
-11708.355022952535
-11708.354942240490
-11708.354905683889
-11708.354820255518
-11708.354659388728
-11708.354197775405
-11708.354103199134
-11708.354095689749
-11708.353834242769
-11708.353665715758
-11708.353587146685
-11708.353432099822
-11708.353224124807
-11708.353174142336
-11708.352853989616
-11708.352817626212
-11708.352749686668
-11708.352252880337
-11708.352238951191
-11708.352222402471
-11708.351998111077
-11708.351973453020
-11708.351913513558
-11708.350804522934
-11708.350803131681
-11708.350506917033
-11708.350498485190
-11708.350474129813
-11708.350473547944
-11708.350296772411
-11708.350042824257
-11708.349968166831
-11708.349221773151
-11708.349104222170
-11708.349084475694
-11708.349048537530
-11708.349033602390
-11708.349029808400
-11708.348808428793
-11708.348684810424
-11708.348474169137
-11708.348278144171
-11708.348083998031
-11708.348048646183
-11708.347773075386
-11708.347648997293
-11708.347587176057
-11708.347122274321
-11708.346949057890
-11708.346910898093
-11708.346793452114
-11708.346655780679
-11708.346602146119
-11708.346514969257
-11708.346250138282
-11708.345901128341
-11708.345898916376
-11708.345845975056
-11708.345795610729
-11708.345693570000
-11708.345665565535
-11708.345291968235
-11708.345228133838
-11708.344915193038
-11708.344883529759
-11708.344855218817
-11708.344403234545
-11708.344229121818
-11708.344053696315
-11708.343868872100
-11708.343631008016
-11708.343153890652
-11708.343143158814
-11708.343009277572
-11708.342926465191
-11708.342827991335
-11708.342525190705
-11708.342517318730
-11708.342491022431
-11708.342266880753
-11708.341977639480
-11708.341765868658
-11708.341739504203
-11708.341733728375
-11708.341671189295
-11708.341632455204
-11708.341516847942
-11708.341466803811
-11708.341415571091
-11708.341229432141
-11708.341191455043
-11708.341124512877
-11708.340562955456
-11708.340507275649
-11708.340233785741
-11708.340175839205
-11708.339940004771
-11708.339895751029
-11708.339707773788
-11708.339684201403
-11708.339643135418
-11708.339633323458
-11708.339431660275
-11708.339367562361
-11708.339083395935
-11708.338996362574
-11708.338938204870
-11708.338886247182
-11708.338802834796
-11708.338736654430
-11708.338663438515
-11708.338524788309
-11708.338420510770
-11708.338359406580
-11708.338102623648
-11708.337891205691
-11708.337599455508
-11708.337414611316
-11708.337352403278
-11708.337153720524
-11708.337145730889
-11708.337107341011
-11708.337055266800
-11708.337045142802
-11708.336802514270
-11708.336800237763
-11708.336195983564
-11708.336145139079
-11708.335895982740
-11708.335602028710
-11708.335536082237
-11708.335497193371
-11708.335397242503
-11708.335361856924
-11708.335076496194
-11708.334846313692
-11708.334799197391
-11708.334689740079
-11708.334641277293
-11708.334500276829
-11708.333975090314
-11708.333878197405
-11708.333753084786
-11708.333744049127
-11708.333592757373
-11708.333412820926
-11708.333336155534
-11708.332953911378
-11708.332835891315
-11708.332787152187
-11708.332785382212
-11708.332598088509
-11708.332535567139
-11708.332506740970
-11708.332496397465
-11708.332241560342
-11708.332050073634
-11708.332033211995
-11708.331821582173
-11708.331444031688
-11708.331419722674
-11708.331254882309
-11708.330910472956
-11708.330851655923
-11708.330748143970
-11708.330655976744
-11708.330625913335
-11708.330224981917
-11708.330214147665
-11708.330097641177
-11708.330077638395
-11708.329967532474
-11708.329797448649
-11708.329663896327
-11708.329486124592
-11708.329008493592
-11708.328958910355
-11708.328902412793
-11708.328728825554
-11708.328725203877
-11708.328704091675
-11708.328159721914
-11708.328084269078
-11708.327999517385
-11708.327869892184
-11708.327653882174
-11708.327629278507
-11708.327579744997
-11708.327108646272
-11708.326923520965
-11708.326904640009
-11708.326757454233
-11708.326636214262
-11708.326430826955
-11708.326422186916
-11708.326393208918
-11708.326191138183
-11708.326125198777
-11708.325921480489
-11708.325762774570
-11708.325746129905
-11708.325686474662
-11708.325597071709
-11708.325506249530
-11708.325392077249
-11708.324794344771
-11708.324555813668
-11708.324531979599
-11708.324436588851
-11708.324361456980
-11708.323845132531
-11708.323816628650
-11708.323710894058
-11708.323665869613
-11708.323545768197
-11708.323387724506
-11708.323266237865
-11708.323024831545
-11708.322937180470
-11708.322685593528
-11708.322537893329
-11708.322410643803
-11708.322322912312
-11708.322223869955
-11708.322194383676
-11708.321406538353
-11708.321337325600
-11708.321210580329
-11708.321178193641
-11708.321139147456
-11708.320945358078
-11708.320888757115
-11708.320554620363
-11708.320268614254
-11708.320250938341
-11708.320201023085
-11708.320072807062
-11708.319981795465
-11708.319805561590
-11708.319669478300
-11708.319665629560
-11708.319469539945
-11708.319230764924
-11708.319073754477
-11708.319067205166
-11708.319059737525
-11708.318927013133
-11708.318755639213
-11708.318706123184
-11708.318417369526
-11708.318241320143
-11708.318185434937
-11708.318098847216
-11708.317934409713
-11708.317747889490
-11708.317579449355
-11708.317513586893
-11708.317283760822
-11708.317264083669
-11708.317198473218
-11708.317076110054
-11708.316890166854
-11708.316808838992
-11708.316789995255
-11708.316723307409
-11708.316520347747
-11708.316488603314
-11708.316366449111
-11708.315988748602
-11708.315346640735
-11708.315315443897
-11708.315172927591
-11708.315052465357
-11708.315041461286
-11708.314953149260
-11708.314903411327
-11708.314885685368
-11708.314664462812
-11708.314577977668
-11708.314568971096
-11708.314378068371
-11708.314348285272
-11708.314136861938
-11708.313998197260
-11708.313765448373
-11708.313756062063
-11708.313523277135
-11708.313460521334
-11708.313003007199
-11708.312950926997
-11708.312874038622
-11708.312713987669
-11708.312626775092
-11708.312450146816
-11708.312417036244
-11708.312374758041
-11708.312295088805
-11708.312280424932
-11708.312135355916
-11708.311636884830
-11708.311502342985
-11708.311491489203
-11708.311447458063
-11708.311425365191
-11708.311410180428
-11708.311220875859
-11708.311119565331
-11708.310660812813
-11708.310539454236
-11708.310307708514
-11708.310103649326
-11708.309983070099
-11708.309613628011
-11708.309453592186
-11708.309367649526
-11708.309262548435
-11708.309219272327
-11708.309041059842
-11708.308812291041
-11708.308645357174
-11708.308449022228
-11708.308316471821
-11708.308166971858
-11708.308095717757
-11708.308072890739
-11708.307897438406
-11708.307754092662
-11708.307741121913
-11708.307722791529
-11708.307632469301
-11708.307362357651
-11708.307360051293
-11708.307343354287
-11708.307140771823
-11708.306741394848
-11708.306685666697
-11708.306613229883
-11708.306444845526
-11708.306410927358
-11708.306405566154
-11708.305847471578
-11708.305723232708
-11708.305631693438
-11708.305553533692
-11708.305516172584
-11708.305277835459
-11708.304848540620
-11708.304662784041
-11708.304658033368
-11708.304583047755
-11708.304494678976
-11708.304463833825
-11708.304452721553
-11708.303974610664
-11708.303828758268
-11708.303579573078
-11708.303049797643
-11708.303033393622
-11708.302973268917
-11708.302602124040
-11708.302447972826
-11708.302123034502
-11708.302031466612
-11708.301968144564
-11708.301881384356
-11708.301735619809
-11708.301711224292
-11708.301582191434
-11708.301556682700
-11708.301551752993
-11708.301469668926
-11708.301002711178
-11708.300956945919
-11708.300749641769
-11708.300428350165
-11708.300391416447
-11708.300360610920
-11708.300299840212
-11708.300271061480
-11708.300178064350
-11708.300088007391
-11708.300047088182
-11708.299675430279
-11708.299566564518
-11708.298972974975
-11708.298789311491
-11708.298663966989
-11708.298432807893
-11708.298342514627
-11708.298306018549
-11708.298017527512
-11708.297962346109
-11708.297685349991
-11708.297657376901
-11708.297641076300
-11708.297523455361
-11708.297474019020
-11708.297367882953
-11708.297232720532
-11708.296872908119
-11708.296797385894
-11708.296734848060
-11708.296699442133
-11708.296258583554
-11708.296103616887
-11708.295936218501
-11708.295934444741
-11708.295895669442
-11708.295451750238
-11708.295434114088
-11708.295204153155
-11708.295078856727
-11708.295024219471
-11708.294946261529
-11708.294860274562
-11708.294812925986
-11708.294698549513
-11708.294346142018
-11708.293936067825
-11708.293868036819
-11708.293692200326
-11708.293665971198
-11708.293510655927
-11708.293368814557
-11708.293300419371
-11708.293118383879
-11708.293098475682
-11708.292702479428
-11708.292623125946
-11708.292344000365
-11708.292311627369
-11708.292297720878
-11708.292197934352
-11708.292142858001
-11708.292113568084
-11708.291890720860
-11708.291829872756
-11708.291828109926
-11708.291807565036
-11708.291728160289
-11708.291349946756
-11708.291183924348
-11708.290941724903
-11708.290899361107
-11708.290866060235
-11708.290446450150
-11708.290257292916
-11708.290067110564
-11708.290028293357
-11708.290008264377
-11708.289695431293
-11708.289677266499
-11708.289499553881
-11708.289465095702
-11708.289304044407
-11708.288998133383
-11708.288820317466
-11708.288663477935
-11708.288556297575
-11708.288541476350
-11708.288487052754
-11708.288192018352
-11708.288116264019
-11708.288101502914
-11708.288013331368
-11708.287791740197
-11708.287699025159
-11708.287691412928
-11708.287595395701
-11708.287467871836
-11708.287381604694
-11708.287193035043
-11708.287181046106
-11708.287059699347
-11708.286751097445
-11708.286675735319
-11708.286234171261
-11708.286230776866
-11708.286201131948
-11708.286059953069
-11708.286029188530
-11708.285794851747
-11708.285786780460
-11708.285640924098
-11708.285497813080
-11708.285415825494
-11708.285197590336
-11708.285179629058
-11708.285069098953
-11708.285010383108
-11708.284642304345
-11708.284531753407
-11708.284482313469
-11708.284367384573
-11708.284334431011
-11708.284284484840
-11708.284245987074
-11708.284231230789
-11708.283820916060
-11708.283729351480
-11708.283719227034
-11708.283645270203
-11708.283441869688
-11708.283135070727
-11708.283083915094
-11708.283031051591
-11708.283023909144
-11708.282824350114
-11708.282450538858
-11708.282416779752
-11708.282124518862
-11708.282071461625
-11708.281498336559
-11708.281447503563
-11708.281369746297
-11708.281324122074
-11708.281234204453
-11708.281099607011
-11708.280980689085
-11708.280811891147
-11708.280738679350
-11708.280437399533
-11708.280304165934
-11708.280262713626
-11708.280134100505
-11708.279986503379
-11708.279925391333
-11708.279822573973
-11708.279816180691
-11708.279622912347
-11708.279557472724
-11708.279508423788
-11708.279394480765
-11708.279288714910
-11708.278760008614
-11708.278730845423
-11708.278688476534
-11708.278652744832
-11708.278520794036
-11708.278422376779
-11708.278251327414
-11708.278037873508
-11708.277501105156
-11708.277481203169
-11708.277437345723
-11708.277423756252
-11708.277128730295
-11708.276872596422
-11708.276572264505
-11708.276338731874
-11708.276296458898
-11708.276198954807
-11708.276177234644
-11708.275822806381
-11708.275661072319
-11708.275620219703
-11708.275377285210
-11708.275322135516
-11708.275169503087
-11708.275025413699
-11708.274944013878
-11708.274891968120
-11708.274858713394
-11708.274635257500
-11708.274398850739
-11708.274396910771
-11708.274382697129
-11708.274359282248
-11708.274289258250
-11708.273790377616
-11708.273498201666
-11708.273430260493
-11708.273276908536
-11708.273144263023
-11708.273127951392
-11708.273084248925
-11708.272917612916
-11708.272909566484
-11708.272755405746
-11708.272347525854
-11708.272318866297
-11708.272226258006
-11708.272117660366
-11708.272065462372
-11708.272031185790
-11708.271801067163
-11708.271355671393
-11708.271099449301
-11708.271033542989
-11708.270992806700
-11708.270903319273
-11708.270587319759
-11708.270047292490
-11708.270040938110
-11708.269986082720
-11708.269889263647
-11708.269872049572
-11708.269682621019
-11708.269662619306
-11708.269604500601
-11708.269496564284
-11708.269149649361
-11708.269035394997
-11708.268790169570
-11708.268615915376
-11708.268555155992
-11708.268484877024
-11708.268210917249
-11708.268185883293
-11708.268036201105
-11708.267698427011
-11708.267370458419
-11708.267310529453
-11708.267294648260
-11708.267162984117
-11708.266907050200
-11708.266800375048
-11708.266608830016
-11708.266296798427
-11708.266111668721
-11708.265852489647
-11708.265848400040
-11708.265841425145
-11708.265785017204
-11708.265276037007
-11708.265275897120
-11708.265255292288
-11708.264870309808
-11708.264845134685
-11708.264739761220
-11708.264611663453
-11708.264546155797
-11708.264480450234
-11708.264233298711
-11708.264054846335
-11708.263969705355
-11708.263876819625
-11708.263788076756
-11708.263488680634
-11708.263439624894
-11708.263292150968
-11708.263103096931
-11708.262971552229
-11708.262621671367
-11708.262529448675
-11708.262375784210
-11708.262333241390
-11708.262081192983
-11708.262048708290
-11708.262042413517
-11708.261949614167
-11708.261930411963
-11708.261714011580
-11708.261401143482
-11708.261285459961
-11708.261167622020
-11708.260659883821
-11708.260435689081
-11708.260419251610
-11708.260359523045
-11708.260333794178
-11708.260156181719
-11708.260135850111
-11708.260015452977
-11708.259846714680
-11708.259616848422
-11708.259486384946
-11708.259284903437
-11708.259229191543
-11708.259131645156
-11708.259097680084
-11708.259092486345
-11708.258514775691
-11708.258370191832
-11708.258338177166
-11708.258279961738
-11708.258275533641
-11708.258134969758
-11708.258024226578
-11708.258005971857
-11708.257749889581
-11708.257730078034
-11708.257507660979
-11708.257247950989
-11708.257097473512
-11708.256862976619
-11708.256836644139
-11708.256776927632
-11708.256626829410
-11708.256499996169
-11708.256398781932
-11708.256327539948
-11708.256233994007
-11708.255996067841
-11708.255940798272
-11708.255529384516
-11708.255450020322
-11708.255315201654
-11708.255257790386
-11708.255066573285
-11708.255000660562
-11708.254966998700
-11708.254797545953
-11708.254571890182
-11708.254550651722
-11708.254382121824
-11708.254271046215
-11708.254232348354
-11708.254191845837
-11708.253580788469
-11708.253570715015
-11708.253470312075
-11708.253447244353
-11708.253395980042
-11708.253192124794
-11708.253099915464
-11708.253031223781
-11708.252905980586
-11708.252843698974
-11708.252738783105
-11708.252296621284
-11708.252224168848
-11708.252084621081
-11708.251915217965
-11708.251906317484
-11708.251798296351
-11708.251626587979
-11708.251391088932
-11708.251172703551
-11708.251015416548
-11708.250738642701
-11708.250714071390
-11708.250580025267
-11708.250390601297
-11708.250295205222
-11708.249890863946
-11708.249582737877
-11708.249556251525
-11708.249499850221
-11708.249106783067
-11708.249058140993
-11708.249029402716
-11708.248769347549
-11708.248709775047
-11708.248692048868
-11708.248616278477
-11708.248423519492
-11708.248410814318
-11708.248356569065
-11708.248081819382
-11708.247916618551
-11708.247590554231
-11708.247465855578
-11708.246970608474
-11708.246784968354
-11708.246664758537
-11708.246567909471
-11708.246439598050
-11708.246402179831
-11708.246348224988
-11708.246283414566
-11708.246059280696
-11708.245863743867
-11708.245849135876
-11708.245831091597
-11708.245690472602
-11708.245593566588
-11708.245385859460
-11708.245357497850
-11708.245277122647
-11708.245075049197
-11708.244956386423
-11708.244911308777
-11708.244865047040
-11708.244561540007
-11708.244238670475
-11708.244188254032
-11708.243985868050
-11708.243978210194
-11708.243908017270
-11708.243891774133
-11708.243777446653
-11708.243348124975
-11708.243303530238
-11708.242917438391
-11708.242561568990
-11708.242425190927
-11708.242187952565
-11708.242058409156
-11708.242041930887
-11708.241779401749
-11708.241553592095
-11708.241448364679
-11708.241424751939
-11708.241134575666
-11708.241074560046
-11708.241036702544
-11708.240983629883
-11708.240937290180
-11708.240817958413
-11708.240746044803
-11708.240558379024
-11708.240413596857
-11708.239926356149
-11708.239793924973
-11708.239627465180
-11708.239624518306
-11708.239384962304
-11708.239263752803
-11708.238783759405
-11708.238523572967
-11708.238474378544
-11708.238391110472
-11708.238323293812
-11708.238294342193
-11708.238112429790
-11708.237948090493
-11708.237940206987
-11708.237881120622
-11708.237587521098
-11708.237365954301
-11708.237344266405
-11708.237120757649
-11708.236894651491
-11708.236888326366
-11708.236862321612
-11708.236780925976
-11708.236777814751
-11708.236662468829
-11708.236158090491
-11708.236156071302
-11708.236155779803
-11708.236019145508
-11708.235906996033
-11708.235858723849
-11708.235808549531
-11708.235581670275
-11708.234932528549
-11708.234842286187
-11708.234808348745
-11708.234566076273
-11708.234550829675
-11708.234547060927
-11708.234345519326
-11708.234230039216
-11708.234063812275
-11708.234021836757
-11708.233843956617
-11708.233658366613
-11708.233616628204
-11708.233448861052
-11708.233368666528
-11708.233337100266
-11708.233245882020
-11708.232646328899
-11708.232300683443
-11708.232155696334
-11708.231992777080
-11708.231666476910
-11708.231312138892
-11708.231283869081
-11708.230975134802
-11708.230914996091
-11708.230825898050
-11708.230709136838
-11708.230504335279
-11708.230440755066
-11708.230274120417
-11708.229928197736
-11708.229903746145
-11708.229852230230
-11708.229814072150
-11708.229292333574
-11708.229223091999
-11708.228681215352
-11708.228660871935
-11708.228581762283
-11708.228274071191
-11708.228155457489
-11708.228098025984
-11708.227905514790
-11708.227725843206
-11708.227680210779
-11708.227325971544
-11708.227256248736
-11708.226882992121
-11708.226813571704
-11708.226443981141
-11708.226413729852
-11708.225863413007
-11708.225801897672
-11708.225757324477
-11708.225597192853
-11708.225555087341
-11708.225435487986
-11708.225299776264
-11708.225257692598
-11708.225077510129
-11708.224448988190
-11708.224180038611
-11708.224118768489
-11708.223881914080
-11708.223877640210
-11708.223814096291
-11708.223699616256
-11708.223658867842
-11708.223381650694
-11708.223287286488
-11708.223278457388
-11708.223223127503
-11708.222784176305
-11708.222591399284
-11708.221779438338
-11708.221687533342
-11708.221253185373
-11708.221186723858
-11708.221085878569
-11708.220858149198
-11708.220355285717
-11708.219877489075
-11708.219720317245
-11708.219517324527
-11708.219451348687
-11708.218944997148
-11708.218720922083
-11708.218470848253
-11708.218430491987
-11708.218154335482
-11708.218051668613
-11708.217904976033
-11708.217866723511
-11708.217817243763
-11708.217806954937
-11708.217252571398
-11708.216905667165
-11708.216885138669
-11708.216693809876
-11708.216568967753
-11708.216478891129
-11708.216182088905
-11708.216137613745
-11708.216114798242
-11708.215584776151
-11708.215296718005
-11708.215095127005
-11708.215012355331
-11708.214697173029
-11708.214535135663
-11708.214506966842
-11708.214463349565
-11708.214275248791
-11708.214012919309
-11708.213865106021
-11708.213771100871
-11708.213351993887
-11708.213262236663
-11708.213200016457
-11708.212877979189
-11708.212459249537
-11708.212098105585
-11708.211863177474
-11708.211855189871
-11708.211734465398
-11708.211621309161
-11708.211444296667
-11708.211422090357
-11708.211301370337
-11708.211154452578
-11708.210964081432
-11708.210861416814
-11708.210340089823
-11708.209818963463
-11708.209587362620
-11708.209412922079
-11708.209292886084
-11708.209161178633
-11708.209044955202
-11708.208996997751
-11708.208789989583
-11708.208704298508
-11708.208506395826
-11708.208460788266
-11708.208330175701
-11708.208264705831
-11708.207757510319
-11708.207505455550
-11708.207452987686
-11708.207241101991
-11708.206810304238
-11708.206592259317
-11708.206376184024
-11708.206326397385
-11708.206325616900
-11708.206322216656
-11708.205807773516
-11708.205797161905
-11708.205787280815
-11708.205782181392
-11708.205543245344
-11708.205506749204
-11708.205436116956
-11708.205235751091
-11708.204618010717
-11708.203610095139
-11708.203414214096
-11708.203265639300
-11708.203193189067
-11708.203181416291
-11708.203051526614
-11708.202715992071
-11708.202439442017
-11708.202307404219
-11708.202162622658
-11708.201831811619
-11708.201714727869
-11708.201396235085
-11708.201315768085
-11708.201263990268
-11708.201007012927
-11708.200945483477
-11708.200781507165
-11708.200744540187
-11708.200675639240
-11708.200330122809
-11708.199819025975
-11708.199496509855
-11708.199212058968
-11708.199107760451
-11708.198932880201
-11708.198874291085
-11708.198701591800
-11708.198416759798
-11708.198234657846
-11708.198175219279
-11708.198024161262
-11708.197972474312
-11708.197634339107
-11708.197449685204
-11708.197417814159
-11708.197334810871
-11708.197239311254
-11708.197149157295
-11708.197010447870
-11708.196618125330
-11708.195875495559
-11708.195798692113
-11708.195751750964
-11708.195751251973
-11708.195592264910
-11708.195352468822
-11708.195337374211
-11708.195153027302
-11708.194901105770
-11708.194821697483
-11708.194627394627
-11708.194549864958
-11708.194536587291
-11708.194206535230
-11708.193881224373
-11708.193581028549
-11708.193018299742
-11708.192888530886
-11708.192884378468
-11708.192805021394
-11708.192539144373
-11708.192535681686
-11708.192514836866
-11708.192368797345
-11708.191805815346
-11708.191476567592
-11708.191268086359
-11708.190929920785
-11708.190635898849
-11708.190211077039
-11708.190155727096
-11708.189992646610
-11708.189815467498
-11708.189801444663
-11708.189755240697
-11708.189657493538
-11708.189484828175
-11708.188764646588
-11708.188747322389
-11708.188369082522
-11708.188321755188
-11708.188275811246
-11708.188173282724
-11708.187902050709
-11708.187838964044
-11708.187753287290
-11708.187748415703
-11708.187614356428
-11708.187127385019
-11708.187111091405
-11708.187043474636
-11708.187020844331
-11708.186877407965
-11708.186730153850
-11708.186252691081
-11708.185878142209
-11708.185620185104
-11708.185619344675
-11708.185399983460
-11708.185240957444
-11708.185172581174
-11708.184923100534
-11708.184883332779
-11708.184853251672
-11708.184727920800
-11708.183816659404
-11708.183722516616
-11708.183424396480
-11708.183377631352
-11708.183311769475
-11708.183290260802
-11708.183226902831
-11708.182954274846
-11708.182855456798
-11708.182621741797
-11708.182409119625
-11708.182303111667
-11708.182149842782
-11708.181825010726
-11708.181806937222
-11708.181623051960
-11708.180989085062
-11708.180935666287
-11708.180929072618
-11708.180897993121
-11708.180603685501
-11708.180515213582
-11708.180392073707
-11708.180345260926
-11708.180255095589
-11708.179943899762
-11708.179923562935
-11708.179812296752
-11708.179448606417
-11708.179251959964
-11708.179224343574
-11708.179189348217
-11708.179095640204
-11708.178406072644
-11708.178384583143
-11708.178364603689
-11708.178016538270
-11708.177285829104
-11708.176877461305
-11708.176776420554
-11708.176684567115
-11708.176563033985
-11708.176460440331
-11708.176373765184
-11708.176303458182
-11708.176081209835
-11708.175981936989
-11708.175722919819
-11708.175395902463
-11708.175106104451
-11708.175082225584
-11708.174870359500
-11708.174752143790
-11708.174596575653
-11708.173990296846
-11708.173940409863
-11708.173693248451
-11708.173617817125
-11708.173418979575
-11708.173357862397
-11708.173331058715
-11708.173234698959
-11708.173095324621
-11708.172900822976
-11708.172608298655
-11708.172471475777
-11708.172253881865
-11708.172091651542
-11708.172064650480
-11708.172053353608
-11708.171798126736
-11708.171426907524
-11708.171401941909
-11708.171351239091
-11708.171272397176
-11708.170717888976
-11708.170240774090
-11708.169968755692
-11708.169852584555
-11708.169824158644
-11708.169663853438
-11708.169610715808
-11708.169292485925
-11708.168985013026
-11708.168796974507
-11708.168510237903
-11708.168209666430
-11708.168087431524
-11708.167261368233
-11708.167213735278
-11708.167040789189
-11708.166803715389
-11708.166697403196
-11708.166485815564
-11708.166408389270
-11708.166192222878
-11708.166066634820
-11708.165643179633
-11708.165632317496
-11708.165631903350
-11708.165326564609
-11708.165252253297
-11708.165112189130
-11708.164796320476
-11708.164695756865
-11708.164318027148
-11708.164267908818
-11708.164116148395
-11708.163816818642
-11708.163309638207
-11708.163298092357
-11708.163139882174
-11708.163093134259
-11708.163015715538
-11708.162973344341
-11708.162830521413
-11708.162753226867
-11708.162745250469
-11708.162520108472
-11708.162254534360
-11708.162234519143
-11708.162003600220
-11708.161604039686
-11708.161492010742
-11708.161477231168
-11708.160932685825
-11708.160463423952
-11708.159925310099
-11708.159790750076
-11708.159632849214
-11708.159333235459
-11708.159289644167
-11708.159251913235
-11708.159196654880
-11708.159126443172
-11708.158314398526
-11708.158265057191
-11708.157890926082
-11708.157837918247
-11708.157610963082
-11708.157535498969
-11708.157486710181
-11708.157348463705
-11708.157319817832
-11708.157132280789
-11708.156358218872
-11708.156183489024
-11708.155907893310
-11708.155525718044
-11708.155227929483
-11708.155158802125
-11708.154924261182
-11708.154153264384
-11708.154138614878
-11708.154096234810
-11708.153649181309
-11708.153236910595
-11708.152900957146
-11708.152872625333
-11708.152783776657
-11708.152667862603
-11708.152521889921
-11708.152414526758
-11708.152382857850
-11708.151912164496
-11708.151636625720
-11708.151228298542
-11708.151207579485
-11708.150833407977
-11708.150588730106
-11708.150267615194
-11708.150125466484
-11708.150098255292
-11708.149608146299
-11708.149410827866
-11708.149308406310
-11708.149023035199
-11708.148860125797
-11708.148692585322
-11708.148456647205
-11708.148270128378
-11708.148269691110
-11708.148222578897
-11708.147840266542
-11708.147736147399
-11708.147687023671
-11708.147501507228
-11708.147433606850
-11708.147118602181
-11708.147061469212
-11708.146960575588
-11708.146861610063
-11708.146445442962
-11708.146007153962
-11708.145889808126
-11708.145846286252
-11708.145830673608
-11708.145798772523
-11708.145460872824
-11708.145203256305
-11708.145100483945
-11708.144992027412
-11708.144822323329
-11708.144506157465
-11708.144374923375
-11708.143848184196
-11708.143514812033
-11708.143493276953
-11708.143266042871
-11708.143208423213
-11708.143104192171
-11708.142908199026
-11708.142479171074
-11708.142476572624
-11708.142207904624
-11708.142183225204
-11708.141822548349
-11708.141801820218
-11708.141671513147
-11708.141432150160
-11708.141243049817
-11708.141223848124
-11708.141188695001
-11708.140847667933
-11708.140797053537
-11708.140495264515
-11708.140393308704
-11708.140163724684
-11708.139656185065
-11708.139373436945
-11708.138807378695
-11708.138701340646
-11708.138580841955
-11708.138516481591
-11708.137924435307
-11708.137542598522
-11708.137322120905
-11708.137259813788
-11708.136124921179
-11708.135910107600
-11708.135858176836
-11708.135786898849
-11708.135686474410
-11708.135507338864
-11708.135436467181
-11708.135401543672
-11708.135185094421
-11708.135138400245
-11708.134772494242
-11708.134673484410
-11708.134342357556
-11708.134334197541
-11708.134001802182
-11708.133942116539
-11708.133001094011
-11708.132842488765
-11708.132573695009
-11708.132508286082
-11708.132398799200
-11708.132189768075
-11708.131748469941
-11708.131551477883
-11708.131206210332
-11708.130893321244
-11708.130850673928
-11708.130777670904
-11708.130611566137
-11708.130309087504
-11708.129953639627
-11708.129711966107
-11708.129487806877
-11708.129482801935
-11708.129336515576
-11708.128769077797
-11708.128543028035
-11708.128375283603
-11708.128362377223
-11708.128312565508
-11708.127425713281
-11708.127302620671
-11708.127082088522
-11708.126724820138
-11708.126261069785
-11708.125913339540
-11708.125537188147
-11708.125452421118
-11708.125187559897
-11708.124909182550
-11708.124715247042
-11708.124121872966
-11708.123977606485
-11708.123350311183
-11708.123053506610
-11708.122813223514
-11708.122667811112
-11708.122482014745
-11708.122454344826
-11708.122263430838
-11708.122232722179
-11708.122039265781
-11708.121655116134
-11708.121628463359
-11708.121191607081
-11708.121068788814
-11708.120913176588
-11708.120713948501
-11708.119836207217
-11708.119806834224
-11708.119282833055
-11708.119223908976
-11708.119095652668
-11708.118902355771
-11708.118591762834
-11708.118207601674
-11708.117900982907
-11708.117493377398
-11708.117401638272
-11708.117352535714
-11708.117082300096
-11708.116842536154
-11708.116712465009
-11708.116688992714
-11708.116301559759
-11708.116261680703
-11708.115744261257
-11708.115439229152
-11708.115380546926
-11708.115289668267
-11708.115252398873
-11708.114857088865
-11708.114722154003
-11708.114394396593
-11708.113952049765
-11708.113728450280
-11708.113338374860
-11708.113299716726
-11708.113047042865
-11708.112985303043
-11708.112792418264
-11708.112438358648
-11708.112121777278
-11708.112072914653
-11708.112044913745
-11708.111743691610
-11708.111419013492
-11708.111347888567
-11708.111326035101
-11708.111285787998
-11708.111133402997
-11708.110650640694
-11708.110491257643
-11708.110272088541
-11708.109704356526
-11708.109684848856
-11708.108980185229
-11708.108676225254
-11708.108600678846
-11708.108517559060
-11708.108098135162
-11708.107991457957
-11708.107984625856
-11708.107912795878
-11708.107808301464
-11708.107659759395
-11708.107205366598
-11708.107197036406
-11708.106687512334
-11708.106675855452
-11708.106380764140
-11708.106304450181
-11708.106217401351
-11708.105829497124
-11708.105793938512
-11708.104852301398
-11708.104754077498
-11708.104442206788
-11708.104408961432
-11708.104255344517
-11708.104232570637
-11708.103924280809
-11708.103765242220
-11708.103701216873
-11708.103509234521
-11708.103152750815
-11708.103083227534
-11708.103022921125
-11708.102293697897
-11708.102164193739
-11708.101939603810
-11708.101795077948
-11708.101251609194
-11708.101250092943
-11708.100904617204
-11708.100872323090
-11708.100515751743
-11708.100219832972
-11708.100191072186
-11708.100104232752
-11708.100007567258
-11708.099349752303
-11708.098889272587
-11708.098870536371
-11708.098316007079
-11708.098196993958
-11708.098140631639
-11708.097777057932
-11708.097777023759
-11708.096980038108
-11708.096584554356
-11708.096226590937
-11708.095909928958
-11708.095766254268
-11708.095630788728
-11708.095453192867
-11708.095427018648
-11708.095059866489
-11708.094820541477
-11708.094523984380
-11708.094449229537
-11708.094388057065
-11708.093942751417
-11708.093923674320
-11708.093600693110
-11708.093340100879
-11708.092654615271
-11708.092626104923
-11708.092309697729
-11708.092189451885
-11708.092159023630
-11708.091467020204
-11708.091424289985
-11708.091382506171
-11708.091253630560
-11708.090870433938
-11708.090802519291
-11708.090643084408
-11708.090127210326
-11708.090094769705
-11708.089545144023
-11708.089445077625
-11708.089351483959
-11708.089147657094
-11708.089131571460
-11708.089027847531
-11708.088937509334
-11708.088570458640
-11708.088007394364
-11708.087873175546
-11708.087380784371
-11708.087228523756
-11708.086961676934
-11708.086887146679
-11708.086601718540
-11708.086270994632
-11708.086056809574
-11708.085683338100
-11708.085090933726
-11708.084326626340
-11708.084048922123
-11708.083617550652
-11708.083327472566
-11708.083181864342
-11708.083147340880
-11708.082502376437
-11708.082136598910
-11708.081689905688
-11708.081334081180
-11708.081321065141
-11708.081319360988
-11708.080678016293
-11708.080480763316
-11708.080417565337
-11708.080385321256
-11708.079859438265
-11708.079362188202
-11708.079321126192
-11708.079111414385
-11708.079059543285
-11708.078822397298
-11708.078712005254
-11708.078249800841
-11708.078147692615
-11708.077798958544
-11708.077368513716
-11708.077216559826
-11708.076822007150
-11708.076534681217
-11708.075959419300
-11708.075822701880
-11708.075418451821
-11708.075393991758
-11708.075221040021
-11708.074946152770
-11708.074346499954
-11708.073784216187
-11708.073691145255
-11708.073642237896
-11708.073178788285
-11708.073169379988
-11708.072469161163
-11708.072309086470
-11708.071787591331
-11708.071687458403
-11708.071103020775
-11708.070982546255
-11708.070559144002
-11708.070510243268
-11708.069543935200
-11708.069453915272
-11708.069143437884
-11708.069052204321
-11708.068879451452
-11708.068496523969
-11708.068197180713
-11708.068135754069
-11708.066723276143
-11708.066509272519
-11708.066488570586
-11708.065251008613
-11708.065168598339
-11708.063921889991
-11708.063435928196
-11708.063322282918
-11708.062990478622
-11708.062797945769
-11708.062425236885
-11708.062255738416
-11708.062239233277
-11708.062058827218
-11708.061138046854
-11708.060816014509
-11708.060374601446
-11708.059800984292
-11708.059270123385
-11708.059267445673
-11708.058735036660
-11708.057854745728
-11708.057735389697
-11708.057637516518
-11708.057290462293
-11708.056424890434
-11708.056260223771
-11708.055445775180
-11708.055247543898
-11708.054588909461
-11708.054147622801
-11708.052880220528
-11708.052577778190
-11708.051532825131
-11708.049644565330
-11708.049026183779
-11708.048872824116
-11708.048682548204
-11708.047474562201
-11708.047191472737
-11708.047088736443
-11708.046403188444
-11708.045934213673
-11708.045708145644
-11708.045460884970
-11708.045275206152
-11708.045051507661
-11708.043808025541
-11708.043198164276
-11708.042956651749
-11708.042832106627
-11708.042737990041
-11708.042469063717
-11708.042071823153
-11708.041571376863
-11708.041520472989
-11708.041492635566
-11708.040771385824
-11708.040381333420
-11708.038514741167
-11708.038033684879
-11708.037328825763
-11708.037140493003
-11708.036907976822
-11708.036487457794
-11708.035627688412
-11708.035384312258
-11708.035378670163
-11708.034837506271
-11708.034713593550
-11708.034372442246
-11708.034250839748
-11708.032966090241
-11708.032824456117
-11708.032749105869
-11708.032162948008
-11708.031864260131
-11708.031595932494
-11708.031475005264
-11708.030724504089
-11708.030646941172
-11708.029802664551
-11708.029423777136
-11708.029366790774
-11708.028960490939
-11708.028492601723
-11708.028460081066
-11708.028122922500
-11708.028025506579
-11708.027394508803
-11708.027127099629
-11708.027042767431
-11708.026363134499
-11708.025932636901
-11708.025626132250
-11708.024822520849
-11708.024765193994
-11708.024480143928
-11708.024477565203
-11708.023891053039
-11708.023645934101
-11708.023129251535
-11708.022937347127
-11708.022095072280
-11708.021626918500
-11708.021449288284
-11708.021056426116
-11708.020966422646
-11708.020725847087
-11708.020114938983
-11708.019956772578
-11708.019543654909
-11708.018867077641
-11708.018678598235
-11708.018460554971
-11708.018143737443
-11708.017955503994
-11708.017890540148
-11708.017337909978
-11708.017234932966
-11708.016689849943
-11708.016661603200
-11708.016625880762
-11708.016602270132
-11708.015958602015
-11708.015682505767
-11708.015612497315
-11708.015425757085
-11708.015267908797
-11708.015006792646
-11708.014989073867
-11708.013950394097
-11708.013861853120
-11708.013715232853
-11708.013666817742
-11708.013445652003
-11708.013057583188
-11708.012638797876
-11708.012524230560
-11708.012444835298
-11708.012059410345
-11708.012023786887
-11708.011900553647
-11708.011407136351
-11708.011277445938
-11708.010692917571
-11708.010665055255
-11708.010440599157
-11708.010258680582
-11708.009913178559
-11708.009892198992
-11708.009769824805
-11708.009589890753
-11708.008906937323
-11708.008815076108
-11708.008465023562
-11708.008167570406
-11708.007943942388
-11708.007794515084
-11708.007383275773
-11708.007239597337
-11708.006816484614
-11708.006566238484
-11708.006415051585
-11708.006309748171
-11708.006069869623
-11708.005512541436
-11708.005419680509
-11708.005338673784
-11708.005065558762
-11708.004817360716
-11708.004381056908
-11708.004363444481
-11708.004036763419
-11708.004028819707
-11708.003799125559
-11708.003301753022
-11708.003105242216
-11708.003017987972
-11708.002671907003
-11708.001627083087
-11708.001546032290
-11708.000703319070
-11708.000619405173
-11707.999820414187
-11707.999632073959
-11707.999576948967
-11707.999563460255
-11707.999305726371
-11707.998914795591
-11707.998762488107
-11707.998668507802
-11707.998575229418
-11707.998430226280
-11707.998249929600
-11707.998000322095
-11707.997975202503
-11707.997522826039
-11707.997128284553
-11707.996812817968
-11707.996732508213
-11707.996287663818
-11707.996241354049
-11707.996057153608
-11707.996048932720
-11707.994722931817
-11707.993717754329
-11707.993471914282
-11707.993145540437
-11707.992988514021
-11707.992912244998
-11707.992743442292
-11707.992336239833
-11707.991864382115
-11707.991792075629
-11707.991632140267
-11707.991257988095
-11707.991214867590
-11707.991012911232
-11707.990843962501
-11707.990222392258
-11707.990213275971
-11707.990037429514
-11707.989744049597
-11707.988992370983
-11707.988722624146
-11707.987941415522
-11707.987577405647
-11707.987469807864
-11707.987444107222
-11707.986438863309
-11707.986052675766
-11707.985519168400
-11707.985324148689
-11707.985304686883
-11707.984896677081
-11707.984495592284
-11707.984323377983
-11707.984086280278
-11707.983646232149
-11707.983079487640
-11707.982753794426
-11707.982562688685
-11707.982234955631
-11707.982078358451
-11707.981577322986
-11707.981153880117
-11707.980688082172
-11707.980598389562
-11707.980475542636
-11707.979607562280
-11707.979376257152
-11707.978835681142
-11707.978710043184
-11707.977812075598
-11707.977666176177
-11707.977365374387
-11707.976232746820
-11707.975956544176
-11707.975783594966
-11707.975073657431
-11707.974862090980
-11707.974118874039
-11707.974084781936
-11707.973733510662
-11707.973654098196
-11707.972282658604
-11707.972232720284
-11707.972095153220
-11707.971417233382
-11707.971029453800
-11707.970682934172
-11707.970545382495
-11707.970135085950
-11707.969707656721
-11707.968933076490
-11707.968922189943
-11707.968736862320
-11707.965758989913
-11707.965456859045
-11707.965084915209
-11707.964886697651
-11707.964359381804
-11707.964181330775
-11707.963067706231
-11707.962688511414
-11707.962243269516
-11707.961309763718
-11707.961191059330
-11707.959617524526
-11707.958936437322
-11707.958537412531
-11707.958020130260
-11707.955684274124
-11707.954141422506
-11707.953692431711
-11707.952860709387
-11707.952721052714
-11707.952359227027
-11707.951851810742
-11707.951200836593
-11707.948850854391
-11707.948146731807
-11707.945564431146
-11707.945492027542
-11707.944526009296
-11707.942939552964
-11707.942636873926
-11707.942059112567
-11707.941002048317
-11707.940694986157
-11707.940554235058
-11707.940339384315
-11707.939862779816
-11707.939385468484
-11707.938723690537
-11707.938388750605
-11707.938229866071
-11707.937780009068
-11707.936065498669
-11707.936056200380
-11707.935687787127
-11707.935332385841
-11707.933891261237
-11707.933571128209
-11707.933388079731
-11707.933130155232
-11707.933037815212
-11707.932307327479
-11707.931962032440
-11707.931437020005
-11707.931278456452
-11707.929711407904
-11707.929221813956
-11707.927974876453
-11707.927679824716
-11707.927510834805
-11707.926965781146
-11707.925802777327
-11707.925517451422
-11707.925380278330
-11707.924187181346
-11707.923931264168
-11707.922432056816
-11707.921464610541
-11707.921457695169
-11707.921244761263
-11707.920895584482
-11707.920325340190
-11707.920220714075
-11707.919047304031
-11707.918727776252
-11707.918051395607
-11707.917559775171
-11707.917068173549
-11707.916923914385
-11707.916642182561
-11707.916204906807
-11707.916021713687
-11707.915866345355
-11707.914198758937
-11707.912337537628
-11707.912287124991
-11707.912262666045
-11707.912238902767
-11707.912155067384
-11707.911896845133
-11707.910264128988
-11707.909644333333
-11707.909313174952
-11707.909115427126
-11707.908514528648
-11707.907437386872
-11707.907300113793
-11707.907220799703
-11707.906785098256
-11707.906316044109
-11707.905547911378
-11707.905085398963
-11707.904922612341
-11707.904901889829
-11707.904134541788
-11707.904007891279
-11707.903155387879
-11707.902996838857
-11707.902963874812
-11707.902832909931
-11707.901921103628
-11707.901174118817
-11707.899449987921
-11707.899206635297
-11707.897933556784
-11707.897358339789
-11707.897202719865
-11707.897052932212
-11707.896820455715
-11707.896507477866
-11707.895429416049
-11707.895359089913
-11707.894202352865
-11707.893484987240
-11707.893021625730
-11707.892875875992
-11707.890861380693
-11707.890759959357
-11707.889649231685
-11707.889026225277
-11707.888600456890
-11707.888346529575
-11707.887499434135
-11707.887120946734
-11707.882695506565
-11707.882674217795
-11707.882581932636
-11707.880458786934
-11707.879636628350
-11707.878579610393
-11707.877845041636
-11707.877494779665
-11707.876659456819
-11707.876363189927
-11707.874310348092
-11707.872562122975
-11707.872143552382
-11707.871307665589
-11707.869486123711
-11707.869037415134
-11707.866950696167
-11707.865107694164
-11707.865102204438
-11707.862064815814
-11707.861325701409
-11707.860036112075
-11707.857762063615
-11707.857628283411
-11707.855597430947
-11707.855025413439
-11707.853553155219
-11707.853081796959
-11707.851581918399
-11707.849796615228
-11707.849323915931
-11707.848538826516
-11707.848362508879
-11707.845039856771
-11707.844783549299
-11707.844448267782
-11707.843878432350
-11707.842993223489
-11707.842964474850
-11707.842920926214
-11707.842721469651
-11707.842561152156
-11707.842420560159
-11707.841357065416
-11707.841340101273
-11707.841084996453
-11707.840604287487
-11707.840295487378
-11707.839301684902
-11707.838752692442
-11707.838084697285
-11707.837747652977
-11707.836900260878
-11707.836459603879
-11707.835143409693
-11707.834419644872
-11707.833929792385
-11707.833592413033
-11707.833497379925
-11707.832741061664
-11707.832120944804
-11707.830817901675
-11707.830040910349
-11707.829122430800
-11707.828959237546
-11707.827379248152
-11707.827239047921
-11707.825707864964
-11707.825632350568
-11707.824645999321
-11707.824576872985
-11707.823427672032
-11707.822657190956
-11707.819660964369
-11707.819438309756
-11707.819069932288
-11707.817395078366
-11707.814629081087
-11707.813831496298
-11707.813550381325
-11707.813402595000
-11707.812119031201
-11707.812057213041
-11707.810757046105
-11707.809589924082
-11707.806692683522
-11707.805045348681
-11707.796815957996
-11707.796388148619
-11707.796330517682
-11707.793376914098
-11707.791782491173
-11707.791656884090
-11707.791086297644
-11707.790660133114
-11707.789154415888
-11707.789117134529
-11707.788767466433
-11707.788590343936
-11707.786288094576
-11707.784899797753
-11707.783811438789
-11707.783680314782
-11707.783613047815
-11707.782911821583
-11707.782710470179
-11707.781940048722
-11707.780689141375
-11707.780590381180
-11707.777986098174
-11707.774136791340
-11707.773406514132
-11707.771897578341
-11707.770788409382
-11707.767032828637
-11707.763274432489
-11707.763130230476
-11707.762664270342
-11707.762080987322
-11707.760890413148
-11707.760471712230
-11707.759645678769
-11707.758528336059
-11707.758375201134
-11707.757661658625
-11707.756759683931
-11707.756062450168
-11707.754569874638
-11707.754322846271
-11707.753904129349
-11707.753596472972
-11707.753574059025
-11707.753454878759
-11707.753079719509
-11707.749795521293
-11707.748215119034
-11707.746538502590
-11707.743611924343
-11707.741312312775
-11707.736402945380
-11707.731916862322
-11707.730932422184
-11707.730229417190
-11707.727838044073
-11707.726309089498
-11707.724700217528
-11707.723858653821
-11707.719573941888
-11707.716531202919
-11707.713977271169
-11707.709983520093
-11707.709272798274
-11707.707300513806
-11707.704531050902
-11707.701432348913
-11707.699921695999
-11707.699204490000
-11707.694215442392
-11707.691121755797
-11707.680321738206
-11707.678099354678
-11707.667434680416
-11707.666528932687
-11707.661556583067
-11707.658985213387
-11707.631159736820
-11707.630679957252
-11707.625868598148
-11707.625376866663
-11707.622880998115
-11707.620864920334
-11707.619652649819
-11707.617094332234
-11707.616687276550
-11707.472964693268
-11707.466047500327
