-11708.436861502905
-11708.436697758949
-11708.428555717630
-11708.425130022506
-11708.422925667832
-11708.418789559908
-11708.418439619227
-11708.418025889743
-11708.416879086932
-11708.415081966315
-11708.414413924935
-11708.414404858640
-11708.412783671245
-11708.411694134476
-11708.410162762988
-11708.409599024068
-11708.408887478659
-11708.408179427672
-11708.406872339547
-11708.404067969426
-11708.402440348860
-11708.400708397074
-11708.399871853775
-11708.397466344144
-11708.396781509404
-11708.396237471379
-11708.394440720367
-11708.393170754243
-11708.393120773853
-11708.392217068576
-11708.391394152228
-11708.390264271678
-11708.389992518973
-11708.389167536781
-11708.388041282724
-11708.387164423828
-11708.385017080491
-11708.331563989244
-11708.330373688415
-11708.312480870934
-11708.312449682635
-11708.308927154187
-11708.308610178947
-11708.302160976262
-11708.301098118864
-11708.299458250314
-11708.299436616828
-11708.297261448928
-11708.296578880654
-11708.293172082916
-11708.292828265789
-11708.292823995444
-11708.292026066752
-11708.290495667165
-11708.290361917332
-11708.290113147408
-11708.289474000207
-11708.288987718775
-11708.288974935087
-11708.288287487172
-11708.287737909375
-11708.287295634911
-11708.286829328743
-11708.286252799742
-11708.285659496629
-11708.284192977429
-11708.283909602227
-11708.283449943641
-11708.283093956918
-11708.281880021759
-11708.281215549501
-11708.281092284196
-11708.281012792640
-11708.280887220229
-11708.278433485862
-11708.277923791766
-11708.277913156473
-11708.277868508050
-11708.277793506928
-11708.276583168978
-11708.276581627357
-11708.274403481513
-11708.273661110203
-11708.273574637256
-11708.273472007961
-11708.273346357033
-11708.272828674641
-11708.272748632204
-11708.272335942425
-11708.272137274264
-11708.271977723225
-11708.271853191149
-11708.270787711308
-11708.270658319258
-11708.270125785475
-11708.269965183017
-11708.269925320450
-11708.269697321515
-11708.269560550458
-11708.269476616924
-11708.268856627232
-11708.268844609200
-11708.268531977017
-11708.268091107841
-11708.267947376575
-11708.267910456047
-11708.267784021298
-11708.267475130417
-11708.267166427942
-11708.266745295474
-11708.266442577980
-11708.266262395371
-11708.265843420601
-11708.265699356794
-11708.265022827070
-11708.264924234312
-11708.264686745590
-11708.264457345074
-11708.263754476002
-11708.263628416507
-11708.262940769529
-11708.261591739303
-11708.260374558367
-11708.260128147218
-11708.259623797341
-11708.258982373874
-11708.258928491747
-11708.257003645018
-11708.256639484793
-11708.255649062972
-11708.255113458372
-11708.253915186206
-11708.253622636665
-11708.253183194262
-11708.251156478529
-11708.250050083388
-11708.248012325987
-11708.247207319986
-11708.246049199581
-11708.245769223529
-11708.245583927919
-11708.245175765001
-11708.244995207582
-11708.244643414982
-11708.243597863586
-11708.241540231158
-11708.240897351468
-11708.240680391511
-11708.240676625754
-11708.240609431043
-11708.240091974692
-11708.239973518395
-11708.239380805913
-11708.239232645719
-11708.238011947256
-11708.237960053078
-11708.237829392838
-11708.237091536608
-11708.237046862227
-11708.236966369899
-11708.236439801825
-11708.236166952323
-11708.236162065352
-11708.236110311886
-11708.235760102798
-11708.235274803459
-11708.234551881986
-11708.234367793128
-11708.234345789766
-11708.233109531066
-11708.232706929228
-11708.232200601546
-11708.230029993589
-11708.229036955561
-11708.228302000934
-11708.227583297150
-11708.227544400565
-11708.227018127549
-11708.226581972462
-11708.225635176219
-11708.225630480618
-11708.225385567303
-11708.225327111337
-11708.224674339532
-11708.224488443248
-11708.223830463356
-11708.223596654358
-11708.223159653275
-11708.222039711645
-11708.221824904795
-11708.221332732710
-11708.221015629759
-11708.220698117297
-11708.220284582309
-11708.220221930498
-11708.219615312421
-11708.219080452045
-11708.218685934380
-11708.218459358313
-11708.218232599917
-11708.218120947760
-11708.217919491039
-11708.217601290744
-11708.216912753358
-11708.216878998377
-11708.216656520493
-11708.216430061608
-11708.216353004511
-11708.216259215475
-11708.216189351127
-11708.215988389484
-11708.215655399130
-11708.215639058932
-11708.215305394862
-11708.215224838152
-11708.214594685331
-11708.214570725049
-11708.214552745052
-11708.214511741249
-11708.214317860335
-11708.212646679493
-11708.212511371483
-11708.212320305907
-11708.212132191056
-11708.211406561730
-11708.209345915602
-11708.209083607504
-11708.207892150525
-11708.207808145362
-11708.207581983343
-11708.207340226016
-11708.207194552242
-11708.206499067919
-11708.206478522750
-11708.206384873494
-11708.206324862620
-11708.205988859809
-11708.205510005884
-11708.205482903695
-11708.205350327382
-11708.205261697514
-11708.204911966894
-11708.204629772616
-11708.204540257444
-11708.204376096048
-11708.204284431358
-11708.203802508555
-11708.203462783684
-11708.202902419946
-11708.201431009118
-11708.200592108931
-11708.200567865215
-11708.199864163569
-11708.199690642437
-11708.198904990200
-11708.198871326163
-11708.198650985711
-11708.198647658632
-11708.198214786327
-11708.197634989021
-11708.197495792518
-11708.196739448966
-11708.196704014863
-11708.196511997785
-11708.196411684705
-11708.196323660959
-11708.195945374751
-11708.195896977699
-11708.195838406431
-11708.195828648681
-11708.195717989474
-11708.195274162470
-11708.195036850277
-11708.195003094797
-11708.194787865839
-11708.194672011043
-11708.194317441817
-11708.194021035322
-11708.193959113145
-11708.193656817246
-11708.193573225406
-11708.193209065681
-11708.192796144669
-11708.192691678047
-11708.192482100494
-11708.192167480407
-11708.191752000506
-11708.191750431910
-11708.190397203565
-11708.190235860937
-11708.189987022004
-11708.189896462278
-11708.189469486195
-11708.189423259402
-11708.188574505228
-11708.188520305670
-11708.188481551082
-11708.188470631505
-11708.187986231724
-11708.187691401034
-11708.187154276507
-11708.186936374810
-11708.186897090680
-11708.186865508689
-11708.186861425826
-11708.186361062002
-11708.186316093001
-11708.185657586379
-11708.185630400691
-11708.185554624813
-11708.185484160260
-11708.185402552313
-11708.185129537496
-11708.185018165179
-11708.184587876809
-11708.184582837383
-11708.184429279567
-11708.184408741592
-11708.184306192081
-11708.183975578162
-11708.183845387819
-11708.183307408684
-11708.183213799477
-11708.182597934534
-11708.182220965482
-11708.181148889780
-11708.180967350450
-11708.180794709506
-11708.180636616391
-11708.180313706180
-11708.180275893452
-11708.180202662192
-11708.180137987138
-11708.179957709463
-11708.179588149595
-11708.178378031522
-11708.178362231045
-11708.177870210833
-11708.177754720091
-11708.177593514098
-11708.177325285327
-11708.177266378329
-11708.177157175083
-11708.176974738684
-11708.176567421115
-11708.176404943424
-11708.176133192932
-11708.176051654465
-11708.175905255643
-11708.175879232023
-11708.175673519683
-11708.175521956995
-11708.175335793845
-11708.175266877135
-11708.175103654958
-11708.175022818499
-11708.174875407529
-11708.174584600991
-11708.174410756161
-11708.174220865501
-11708.173924738645
-11708.173742916779
-11708.173680891045
-11708.173633083055
-11708.173591280354
-11708.173562521773
-11708.172829414292
-11708.172793440956
-11708.172788457518
-11708.172767768783
-11708.172635162964
-11708.172601905384
-11708.172594123682
-11708.172458549561
-11708.171966048942
-11708.171700148656
-11708.171517024050
-11708.171355515318
-11708.171167010323
-11708.171013039366
-11708.170911025256
-11708.170574227583
-11708.170039900437
-11708.169991481662
-11708.169920720355
-11708.169893882157
-11708.169473463704
-11708.168932849527
-11708.168831276183
-11708.168763246129
-11708.168133555171
-11708.167756644134
-11708.167550443706
-11708.167107794809
-11708.166983189618
-11708.166887630483
-11708.166863957606
-11708.166155869529
-11708.166037425595
-11708.165777146271
-11708.165475752026
-11708.165348861265
-11708.164752045990
-11708.164434477647
-11708.164094401207
-11708.164007142086
-11708.163554896824
-11708.163446684850
-11708.163392221719
-11708.163332221529
-11708.163302499230
-11708.163225457141
-11708.162963066572
-11708.162289075733
-11708.162120090945
-11708.161456727772
-11708.160896439074
-11708.160738454671
-11708.160339431732
-11708.159623161993
-11708.158947090267
-11708.158203696175
-11708.157334638983
-11708.157139394094
-11708.156730547475
-11708.156513448555
-11708.156266732367
-11708.156162023661
-11708.155908865390
-11708.155858563377
-11708.155851967276
-11708.155757074359
-11708.155520988343
-11708.155284537519
-11708.155004179611
-11708.154999110538
-11708.154888516252
-11708.154873624149
-11708.154810327092
-11708.154480435765
-11708.154247938159
-11708.153994156410
-11708.153961857663
-11708.153905627920
-11708.153584363747
-11708.153513243051
-11708.153504410957
-11708.153312207101
-11708.153195383242
-11708.153178052418
-11708.153140777922
-11708.153097599403
-11708.153004652115
-11708.152504315367
-11708.151868543158
-11708.151718916195
-11708.151693800670
-11708.151591839973
-11708.151536538904
-11708.151370544287
-11708.151294237330
-11708.151286417509
-11708.151112061392
-11708.150812302614
-11708.150647208058
-11708.150384347902
-11708.149976693130
-11708.149842638904
-11708.149725542295
-11708.149580562018
-11708.149327210149
-11708.149165098421
-11708.148535984523
-11708.148428279295
-11708.148377250989
-11708.148357598262
-11708.148250246455
-11708.148103466983
-11708.147695877042
-11708.147522345171
-11708.147440515311
-11708.147062422860
-11708.146937309919
-11708.146908314162
-11708.146505466228
-11708.146456304627
-11708.146012720876
-11708.145837434577
-11708.145713393837
-11708.145667294968
-11708.145381887629
-11708.145363970207
-11708.145302193321
-11708.145222073006
-11708.145032287179
-11708.144465437506
-11708.144229693815
-11708.144132937934
-11708.144007911507
-11708.143838099390
-11708.143560655395
-11708.143455591844
-11708.143381344136
-11708.142899510427
-11708.142782317385
-11708.142717306184
-11708.142700443717
-11708.142646412573
-11708.142620660856
-11708.141455530167
-11708.141165958372
-11708.140493903848
-11708.139818509069
-11708.139286876514
-11708.139039591306
-11708.138187697195
-11708.138029776916
-11708.138006574090
-11708.137950710301
-11708.137933560991
-11708.137720153625
-11708.137401381435
-11708.137213018246
-11708.136685070491
-11708.136274172119
-11708.136160360786
-11708.136064384229
-11708.136026385082
-11708.135739363723
-11708.135693778411
-11708.135555941162
-11708.135487686486
-11708.135278508065
-11708.134634780816
-11708.134607152355
-11708.134584196065
-11708.134386175007
-11708.134227884761
-11708.134197899080
-11708.133882509432
-11708.133869664229
-11708.133611213269
-11708.133385146437
-11708.133310487836
-11708.133050557282
-11708.132856494794
-11708.132798043987
-11708.132461542164
-11708.132116788984
-11708.131775161886
-11708.131535734665
-11708.131339072466
-11708.131168053897
-11708.131009460845
-11708.130966127435
-11708.130927803362
-11708.130601650219
-11708.130312502475
-11708.130271575703
-11708.129635157269
-11708.129240918099
-11708.129208810187
-11708.129138096923
-11708.128924138457
-11708.128449846930
-11708.128263538734
-11708.128115993091
-11708.127726065411
-11708.127706285226
-11708.127583169982
-11708.127563998156
-11708.127445100377
-11708.126974088449
-11708.126936620682
-11708.126693213993
-11708.126378212539
-11708.125638279409
-11708.125623649541
-11708.125309566991
-11708.125111308827
-11708.124967672176
-11708.124822510046
-11708.124795041731
-11708.124584255193
-11708.124399457321
-11708.124319788587
-11708.124106144505
-11708.123949583787
-11708.123614334667
-11708.123138293880
-11708.123043290472
-11708.122987887442
-11708.122982313667
-11708.122578144623
-11708.122364362755
-11708.122314365513
-11708.122186388397
-11708.122165927560
-11708.121168373873
-11708.121096988731
-11708.120770662248
-11708.120717141614
-11708.120384452433
-11708.119945590075
-11708.119351843812
-11708.118565973542
-11708.118145034878
-11708.117791381526
-11708.117465968884
-11708.117422875062
-11708.117264939705
-11708.117167427808
-11708.117114062261
-11708.116954239131
-11708.116702793039
-11708.116684316628
-11708.116510612077
-11708.116432505689
-11708.116072369909
-11708.115414417136
-11708.115187016087
-11708.115061323322
-11708.114870511641
-11708.114689066124
-11708.114392356592
-11708.114261585908
-11708.114248247670
-11708.113606911496
-11708.113594740222
-11708.113553511701
-11708.113372716698
-11708.113319816037
-11708.112782279422
-11708.112505154386
-11708.112443730621
-11708.112340813495
-11708.112147086074
-11708.112142736498
-11708.112005176265
-11708.111381418590
-11708.110994757544
-11708.110985538644
-11708.110830968502
-11708.110704643012
-11708.110546277518
-11708.110513980835
-11708.110302298499
-11708.110221373250
-11708.110194833816
-11708.110168088308
-11708.109504445269
-11708.109385537477
-11708.108967881393
-11708.108957205630
-11708.108757011150
-11708.108344063543
-11708.108129238502
-11708.108014711795
-11708.107832528747
-11708.107699950097
-11708.107459886818
-11708.107180001234
-11708.106810391335
-11708.106800725902
-11708.106416480732
-11708.106362329017
-11708.105850944357
-11708.105850246260
-11708.105800132338
-11708.105643903216
-11708.105464376597
-11708.105460640621
-11708.105395006169
-11708.105353099070
-11708.105182361925
-11708.105141198548
-11708.105007742673
-11708.104608385100
-11708.104385422681
-11708.104190644268
-11708.104087819522
-11708.103857224667
-11708.103553177614
-11708.103432932632
-11708.103195743397
-11708.102980843487
-11708.102362429305
-11708.102184278185
-11708.101939552605
-11708.101497223866
-11708.101343192713
-11708.101192451875
-11708.100729776146
-11708.100357003090
-11708.099770557288
-11708.099394227866
-11708.099149864525
-11708.099124691271
-11708.098801123921
-11708.098787312225
-11708.098496879522
-11708.098140198867
-11708.097632897172
-11708.097567766448
-11708.097528446331
-11708.097243450766
-11708.097035687873
-11708.097035575736
-11708.096492127555
-11708.096459880284
-11708.096035902712
-11708.095651239388
-11708.095266946430
-11708.094995947102
-11708.094995236888
-11708.094876664984
-11708.094790863968
-11708.094370658320
-11708.094255748147
-11708.093743113877
-11708.093609593379
-11708.093523814203
-11708.093126397660
-11708.092746287699
-11708.092560514162
-11708.092214219012
-11708.092045311440
-11708.091920903051
-11708.091835688687
-11708.091692245629
-11708.091478432645
-11708.091334107521
-11708.091274062877
-11708.090978968025
-11708.090962532475
-11708.090628144158
-11708.090382277054
-11708.090065853419
-11708.089930718112
-11708.089653016445
-11708.089356252778
-11708.089127944899
-11708.088740689938
-11708.088739745624
-11708.088734884037
-11708.088619449631
-11708.088557780025
-11708.088282646664
-11708.088241591347
-11708.088015695977
-11708.087853333076
-11708.087720113432
-11708.087597776208
-11708.087590492076
-11708.087195098280
-11708.087164928636
-11708.087164366290
-11708.086880708801
-11708.086829473032
-11708.086232498415
-11708.086040049438
-11708.085986441816
-11708.085975285270
-11708.085923405297
-11708.085857125210
-11708.085803495342
-11708.085320678223
-11708.085315353139
-11708.085085662904
-11708.084476277283
-11708.084049782032
-11708.083960911372
-11708.082013071973
-11708.081761896885
-11708.081245092073
-11708.080894291870
-11708.080835005563
-11708.080714947935
-11708.080606718757
-11708.080369386946
-11708.080253315358
-11708.079827867614
-11708.079640277741
-11708.079375694388
-11708.079266050592
-11708.078930869766
-11708.078370587426
-11708.077785720883
-11708.077491549928
-11708.077322523899
-11708.077206072914
-11708.077082812093
-11708.077076741540
-11708.076994554449
-11708.076739808630
-11708.076633060879
-11708.076382271021
-11708.076199197400
-11708.076073240120
-11708.075951125220
-11708.075506708901
-11708.075466580614
-11708.075398589146
-11708.075185232328
-11708.074875423281
-11708.074857310268
-11708.074720300732
-11708.074567812460
-11708.074167073888
-11708.074067351636
-11708.073929530716
-11708.073778862232
-11708.073518763982
-11708.073415306024
-11708.073340809906
-11708.073217277095
-11708.072008927626
-11708.071863480647
-11708.071676782418
-11708.071629768197
-11708.070818490780
-11708.070492835224
-11708.070333355448
-11708.070154921825
-11708.069707941198
-11708.069395684472
-11708.069063061879
-11708.068356960512
-11708.068236349614
-11708.068228364740
-11708.067611336965
-11708.067512551032
-11708.067094991826
-11708.066935991839
-11708.066679922948
-11708.066550641362
-11708.066308054271
-11708.066285270379
-11708.066065191077
-11708.065731435901
-11708.065555777492
-11708.065502647480
-11708.065441662846
-11708.065301044524
-11708.065067308113
-11708.064930575511
-11708.064896804712
-11708.064689317134
-11708.064389389008
-11708.063453902918
-11708.063161266298
-11708.063131843161
-11708.061976174993
-11708.061927773073
-11708.061679314045
-11708.061572126659
-11708.061068044895
-11708.060867521015
-11708.060763076948
-11708.060573266503
-11708.060183737689
-11708.060033591657
-11708.059823724199
-11708.059693362629
-11708.059491282494
-11708.059444580376
-11708.059264376616
-11708.059013111406
-11708.059005663374
-11708.058771094340
-11708.058584181215
-11708.058371972318
-11708.058142440499
-11708.057904455414
-11708.057567349624
-11708.057228558720
-11708.056831682527
-11708.056329414942
-11708.056246396935
-11708.055616451991
-11708.055328105740
-11708.055293730955
-11708.054831951085
-11708.054268784101
-11708.053493788841
-11708.052102200842
-11708.051933864834
-11708.051929196596
-11708.051339852851
-11708.051238133925
-11708.050676893952
-11708.050110013584
-11708.050000397805
-11708.049223785394
-11708.048943378237
-11708.048886711769
-11708.048708808952
-11708.048553152539
-11708.048551960681
-11708.048344605400
-11708.048259630072
-11708.048203706450
-11708.048137291340
-11708.047881881270
-11708.047875815366
-11708.047706008099
-11708.047664245361
-11708.047081346649
-11708.046869130443
-11708.046349534643
-11708.046151918550
-11708.045600787351
-11708.045472623398
-11708.045426218283
-11708.045347798972
-11708.045072849771
-11708.044939330206
-11708.044849502887
-11708.044751959556
-11708.044497891342
-11708.044300026941
-11708.044225436553
-11708.043432228496
-11708.043254110436
-11708.043126791834
-11708.042718142802
-11708.042584436500
-11708.042483457033
-11708.042382079908
-11708.042023612616
-11708.041656030091
-11708.041592084479
-11708.041538052752
-11708.041143852879
-11708.041071383677
-11708.040639027264
-11708.040593409161
-11708.040419036855
-11708.040143392986
-11708.039580548892
-11708.039554675595
-11708.039554427927
-11708.038808495538
-11708.038612950802
-11708.037806662014
-11708.037613860281
-11708.037603213879
-11708.037230417342
-11708.037130368792
-11708.036725654505
-11708.035693163558
-11708.035164856197
-11708.034220313608
-11708.034032436981
-11708.033139418130
-11708.033082298749
-11708.032984740739
-11708.032534648690
-11708.031714042316
-11708.031398498053
-11708.030138387707
-11708.029359308026
-11708.029174157435
-11708.028638552365
-11708.028411705796
-11708.027912911208
-11708.027644740034
-11708.027401618270
-11708.027295677413
-11708.026086307973
-11708.025769045962
-11708.025330908255
-11708.025313425382
-11708.024464483067
-11708.024083905868
-11708.024061229944
-11708.023685559272
-11708.023516247849
-11708.023485494145
-11708.023278026087
-11708.022961367349
-11708.022822192694
-11708.022765029727
-11708.022592086509
-11708.021825306030
-11708.021599712751
-11708.021489644774
-11708.021374502685
-11708.020940137478
-11708.020735434233
-11708.020015640164
-11708.019882154647
-11708.019864364194
-11708.019845768529
-11708.019475955774
-11708.019272401863
-11708.019249305937
-11708.019022324708
-11708.018262269414
-11708.017070296208
-11708.016595857562
-11708.016448995375
-11708.015893935522
-11708.015891576013
-11708.015776500592
-11708.015228643617
-11708.014936164029
-11708.014915037822
-11708.014662166021
-11708.014346966165
-11708.014223968552
-11708.014191107814
-11708.013678150959
-11708.013538060910
-11708.013299084258
-11708.013102140729
-11708.013095092159
-11708.012599478539
-11708.012596926406
-11708.012400733332
-11708.012362006823
-11708.012264144920
-11708.012240011913
-11708.012158308364
-11708.012136226474
-11708.011175259986
-11708.010520761125
-11708.010173226390
-11708.010006248740
-11708.009970487396
-11708.009903108512
-11708.009831515285
-11708.009152163522
-11708.008850293952
-11708.008360432390
-11708.008142548973
-11708.007750207507
-11708.007684868051
-11708.006354888208
-11708.006343701121
-11708.006192257184
-11708.006049283089
-11708.005859561528
-11708.005059066416
-11708.004176990868
-11708.004167741505
-11708.003679672991
-11708.003663994939
-11708.003210286090
-11708.001848444526
-11708.001806949542
-11708.000659925119
-11708.000635261433
-11708.000605474515
-11708.000197737041
-11707.998982435205
-11707.998527628588
-11707.998176302690
-11707.998163989692
-11707.997676985759
-11707.997606096535
-11707.997427423119
-11707.997304339809
-11707.996988411545
-11707.996637235732
-11707.996547277166
-11707.996312099480
-11707.995794490687
-11707.995765917552
-11707.995563050665
-11707.995335733436
-11707.995256706019
-11707.995175262502
-11707.995050592057
-11707.995047454408
-11707.994939520351
-11707.994916521589
-11707.994311295563
-11707.993859361211
-11707.993775013554
-11707.993704067254
-11707.993689477957
-11707.993295541937
-11707.993107036258
-11707.992772126912
-11707.992070469274
-11707.991898559714
-11707.991726222141
-11707.991725175802
-11707.991676721878
-11707.991485713716
-11707.991271635736
-11707.990892282918
-11707.990622546371
-11707.990450938611
-11707.990156833079
-11707.989949992410
-11707.989633431067
-11707.989369283050
-11707.988475212207
-11707.987868279342
-11707.987673784666
-11707.987479254440
-11707.987327017956
-11707.986311635428
-11707.986148679300
-11707.986096509292
-11707.985757252305
-11707.985450029990
-11707.985375510405
-11707.985126453623
-11707.983867461477
-11707.983781957804
-11707.983274656672
-11707.982807074379
-11707.982483175907
-11707.982396527934
-11707.980457404461
-11707.980309626588
-11707.979895058184
-11707.979462478623
-11707.979315685052
-11707.979190245404
-11707.978908161956
-11707.978765964333
-11707.978371196838
-11707.978047889304
-11707.977413815428
-11707.977086813544
-11707.976779995319
-11707.976474158670
-11707.976451491901
-11707.976336687760
-11707.976221810344
-11707.976062848842
-11707.975731770865
-11707.975602508097
-11707.975486862320
-11707.974968504186
-11707.974588984735
-11707.974309875437
-11707.974162444754
-11707.973779464666
-11707.973570305876
-11707.973262000885
-11707.973021513670
-11707.972703016711
-11707.972433398074
-11707.972248009344
-11707.972004973240
-11707.971638974692
-11707.970823956206
-11707.970563882274
-11707.970502496824
-11707.970021459709
-11707.969842833894
-11707.968865484150
-11707.968812569294
-11707.968810450717
-11707.968796213094
-11707.968656355617
-11707.968574833716
-11707.967514088163
-11707.967086762368
-11707.966653339106
-11707.965747528495
-11707.965590113068
-11707.965420306495
-11707.965079336176
-11707.964787890091
-11707.964650594045
-11707.964321903472
-11707.964229002440
-11707.963990811071
-11707.963765512610
-11707.963269284692
-11707.962980409224
-11707.962730752510
-11707.962688200443
-11707.962296841471
-11707.962229888020
-11707.962026331659
-11707.961514553805
-11707.960824678759
-11707.960765626161
-11707.960508363529
-11707.960089769531
-11707.959893447181
-11707.959554219478
-11707.959228282767
-11707.958889353264
-11707.958773225975
-11707.958352315589
-11707.957999316723
-11707.957626923067
-11707.957061925963
-11707.956576239209
-11707.955950867450
-11707.955186469087
-11707.954895917272
-11707.954756634757
-11707.954089097413
-11707.953864937883
-11707.953544971817
-11707.953299460205
-11707.953001449327
-11707.952691421815
-11707.952676813886
-11707.951169550726
-11707.950296773670
-11707.950287030060
-11707.950168888839
-11707.948750213334
-11707.948355490436
-11707.948215076434
-11707.948087946952
-11707.947494354305
-11707.944286281956
-11707.944181675161
-11707.943821886542
-11707.943607092669
-11707.943353379675
-11707.942671061453
-11707.941756719198
-11707.941724465474
-11707.941540912110
-11707.941382932639
-11707.941309960452
-11707.941020302402
-11707.940964600759
-11707.940405536330
-11707.940006075996
-11707.939752419785
-11707.939354696082
-11707.939134681055
-11707.938112439537
-11707.938059014123
-11707.937528921839
-11707.937458479066
-11707.936482595824
-11707.936426975950
-11707.935908956479
-11707.935130638249
-11707.934725632156
-11707.934444214845
-11707.933940290117
-11707.933895965891
-11707.933754956704
-11707.933751654236
-11707.933357614609
-11707.933262408218
-11707.932160164355
-11707.931590958320
-11707.931112217695
-11707.931016702752
-11707.930994990174
-11707.930754942428
-11707.930650805729
-11707.930601276721
-11707.930462842927
-11707.930256096315
-11707.929814935524
-11707.929727391509
-11707.929272777605
-11707.928859711856
-11707.928713973746
-11707.928572868208
-11707.927882751914
-11707.927225613539
-11707.925393158130
-11707.925083986354
-11707.924932399295
-11707.924217166325
-11707.923869716666
-11707.923767366774
-11707.923748902549
-11707.923692384131
-11707.922928153626
-11707.922732684721
-11707.922508891308
-11707.921822412070
-11707.921760702337
-11707.921582862731
-11707.921256843649
-11707.920959766707
-11707.920949810983
-11707.920811735727
-11707.920111029489
-11707.919756075504
-11707.919392871514
-11707.919363741892
-11707.919218427687
-11707.919067918621
-11707.917224819921
-11707.916861551312
-11707.916707732324
-11707.916588730692
-11707.915029587219
-11707.914410767056
-11707.914406848291
-11707.914022589472
-11707.913506869749
-11707.913491243822
-11707.913168953773
-11707.913027025836
-11707.912133661890
-11707.912004928132
-11707.911831894806
-11707.910048490163
-11707.909823242175
-11707.909757316178
-11707.909209474030
-11707.908402799023
-11707.907541978371
-11707.907024776978
-11707.906818724667
-11707.906032729872
-11707.905701266180
-11707.905579329286
-11707.905209511086
-11707.904814284269
-11707.903611791908
-11707.903242755503
-11707.902960100817
-11707.902704749597
-11707.902236722661
-11707.900391209876
-11707.899701701001
-11707.898511264822
-11707.898284358209
-11707.898073054532
-11707.897714628776
-11707.897212254535
-11707.897013578333
-11707.896991639052
-11707.896808694331
-11707.895994566143
-11707.894936350825
-11707.894774646846
-11707.893605318444
-11707.892726439051
-11707.890863657298
-11707.890398485073
-11707.889600242028
-11707.889409128231
-11707.888679853277
-11707.888415205594
-11707.887195182224
-11707.880567296588
-11707.879525720495
-11707.877805358270
-11707.877633255614
-11707.875536848485
-11707.875363241352
-11707.874706677474
-11707.874380377545
-11707.873468683099
-11707.873232234990
-11707.872510461191
-11707.872403308831
-11707.871991979529
-11707.871000403004
-11707.870743636424
-11707.870709228411
-11707.868108746046
-11707.867202055913
-11707.867094792431
-11707.862604377502
-11707.862279508343
-11707.860912736522
-11707.860868685460
-11707.860700617757
-11707.860661909772
-11707.859779384606
-11707.859270774035
-11707.859069050861
-11707.858407011343
-11707.857556191371
-11707.857493538308
-11707.857336466082
-11707.856499745272
-11707.856471960577
-11707.856145758411
-11707.856080264837
-11707.855422828479
-11707.854305493280
-11707.853619536305
-11707.853503250662
-11707.853425057354
-11707.853249254520
-11707.853101631419
-11707.853066268979
-11707.852946754525
-11707.852884495578
-11707.852201986145
-11707.851236605433
-11707.850795144008
-11707.850501185760
-11707.850172024357
-11707.850123203983
-11707.850022192622
-11707.849937566185
-11707.849632958183
-11707.848827031466
-11707.848463472163
-11707.846972391888
-11707.846746025862
-11707.846695105834
-11707.846592439708
-11707.845987190276
-11707.845146970503
-11707.842637368673
-11707.842548556100
-11707.841082783454
-11707.840842433370
-11707.840510947512
-11707.839915418843
-11707.839733948627
-11707.838948091312
-11707.838892622714
-11707.838427728098
-11707.838021419602
-11707.837559110611
-11707.837276679265
-11707.836387489218
-11707.836174594026
-11707.836040077455
-11707.835934851213
-11707.835845571572
-11707.835117342005
-11707.834505975870
-11707.834086168194
-11707.833782171881
-11707.833282059948
-11707.833073185720
-11707.832863191819
-11707.832758355031
-11707.832377860226
-11707.832204033371
-11707.832199948640
-11707.832182637545
-11707.831439424346
-11707.831412039246
-11707.831261617644
-11707.830996795385
-11707.830614936767
-11707.830517488128
-11707.830124992717
-11707.829650123695
-11707.829483142757
-11707.829443377088
-11707.828886567586
-11707.828531731582
-11707.828058581408
-11707.827768708848
-11707.827622352226
-11707.827464413876
-11707.826299276536
-11707.826264428744
-11707.825383064106
-11707.824504845878
-11707.824315439315
-11707.823509791155
-11707.823457206336
-11707.822693632577
-11707.822284577811
-11707.822077994042
-11707.821351546479
-11707.820832551737
-11707.820237384785
-11707.820004835354
-11707.819456718978
-11707.819040617476
-11707.817818021404
-11707.817470576527
-11707.816935894594
-11707.816530810976
-11707.816175303933
-11707.816151557532
-11707.815997563990
-11707.814338652202
-11707.813660295918
-11707.813532240847
-11707.813346187273
-11707.812801470996
-11707.812145543674
-11707.811672780725
-11707.811474690083
-11707.811165174056
-11707.810366396359
-11707.810193397949
-11707.809724712577
-11707.807988448685
-11707.807868989325
-11707.807810557206
-11707.805083563640
-11707.803755731073
-11707.802653108663
-11707.800593217573
-11707.800446584222
-11707.799949238548
-11707.798684433857
-11707.798101289432
-11707.797902123493
-11707.797874558775
-11707.797844013690
-11707.797795779190
-11707.797027380770
-11707.796581962180
-11707.795183662467
-11707.794987811931
-11707.791268397677
-11707.790844824704
-11707.779119136670
-11707.776293190847
-11707.774668299400
-11707.774493442015
-11707.774211278882
-11707.770870166489
-11707.770031137979
-11707.768248450644
-11707.768128484569
-11707.767598040629
-11707.767050319795
-11707.766960487847
-11707.765993279667
-11707.762350316119
-11707.761046882970
-11707.757652310249
-11707.755963631838
-11707.755890335815
-11707.755714132989
-11707.755610449789
-11707.755406788872
-11707.755331900464
-11707.754886706314
-11707.754539443778
-11707.753740938788
-11707.753255720096
-11707.751418517380
-11707.751416414521
-11707.750718817753
-11707.750343963966
-11707.749581734723
-11707.748652302889
-11707.748401784000
-11707.746566614214
-11707.745753226644
-11707.745564679735
-11707.745441433357
-11707.745415340240
-11707.744993402284
-11707.743749132471
-11707.743108586074
-11707.742742612356
-11707.742441331893
-11707.742379739844
-11707.742316591402
-11707.738572317157
-11707.738525857363
-11707.737709264788
-11707.737091990353
-11707.737034226840
-11707.736080510776
-11707.735975630212
-11707.735787645366
-11707.735487071182
-11707.735040374033
-11707.735018962088
-11707.734808013045
-11707.733995853025
-11707.733396055417
-11707.732911434341
-11707.732878800625
-11707.732165708561
-11707.731378973695
-11707.731140742226
-11707.730904479358
-11707.730542360441
-11707.728421594682
-11707.726335226462
-11707.725127310325
-11707.720411124583
-11707.719968328001
-11707.717492821545
-11707.717180375268
-11707.717136864170
-11707.716032211034
-11707.713489929683
-11707.712956815345
-11707.712003996880
-11707.711287569629
-11707.696370237471
-11707.696022029286
-11707.696006195105
-11707.694830469934
-11707.693598380474
-11707.693111178920
-11707.689602831335
-11707.687574885656
-11707.680323979926
-11707.679741525830
-11707.678024479415
-11707.677931862483
-11707.676693826081
-11707.676420088201
-11707.676115706803
-11707.675350577611
-11707.674135284655
-11707.673656807712
-11707.673066218900
-11707.672808344496
-11707.671620900481
-11707.670840048166
-11707.670825066829
-11707.670565895227
-11707.661458310156
-11707.658834417174
-11707.658694122951
-11707.657971049135
-11707.656729732313
-11707.656650449177
-11707.656644065000
-11707.655015817149
-11707.654848287164
-11707.654477858383
-11707.654443439549
-11707.653889632798
-11707.653261319889
-11707.652110792575
-11707.650363735807
-11707.650020851923
-11707.648862292288
-11707.647928487475
-11707.639735049202
-11707.638126909751
-11707.629920625344
-11707.629695324713
-11707.628996103835
-11707.625565325867
-11707.621311351139
-11707.619479178195
-11707.617804937152
-11707.617468946602
-11707.615661522434
-11707.615137948582
-11707.615003006053
-11707.612467077724
-11707.611693923403
-11707.611127869550
-11707.607680187155
-11707.603172698799
-11707.598434461763
-11707.596881764606
-11707.596396263443
-11707.596093530861
-11707.595742672229
-11707.595500037514
-11707.594111779144
-11707.593147128180
-11707.593119534966
-11707.590925830778
-11707.590533633493
-11707.589437340273
-11707.589404589566
-11707.588541101084
-11707.587540635506
-11707.587340829683
-11707.587138635254
-11707.582134003587
-11707.581089950010
-11707.574509810631
-11707.570188207357
-11707.569191414712
-11707.567417391765
-11707.565983944893
-11707.562605270263
-11707.555002019628
-11707.553847504809
-11707.551633128454
-11707.548923591004
-11707.528031127724
-11707.524456356292
-11707.514178152127
-11707.508295937309
-11707.498383168702
-11707.496252474049
-11707.471134953297
-11707.469216464535
-11707.452430166310
-11707.452310531624
-11707.451582248250
-11707.450258709658
-11707.314105333899
-11707.295507657538
