-11709.226398821113
-11709.226123216698
-11709.224267234134
-11709.220091122814
-11709.215876196664
-11709.214266089572
-11709.212612849449
-11709.211519316281
-11709.211383394626
-11709.210231598146
-11709.208787387994
-11709.206921132471
-11709.203369310126
-11709.202544707447
-11709.201881410838
-11709.200640469628
-11709.198925009354
-11709.198890846183
-11709.197450123855
-11709.195561616225
-11709.193446889038
-11709.193364800291
-11709.192247512066
-11709.190410928833
-11709.188040321209
-11709.186180400726
-11709.185000042795
-11709.184775483920
-11709.183788788190
-11709.182552702245
-11709.180101412478
-11709.179797839741
-11709.179526870885
-11709.173984098097
-11709.171926720999
-11709.171721479222
-11709.169605044992
-11709.169536213536
-11709.166569786297
-11709.166391559047
-11709.164563507989
-11709.164454435379
-11709.164096176970
-11709.162381170794
-11709.160243961529
-11709.159123992489
-11709.159090929061
-11709.157623627148
-11709.156897553705
-11709.156416054662
-11709.154179495077
-11709.151258265729
-11709.147596416497
-11709.146560961430
-11709.145568187989
-11709.137838641976
-11709.132287584294
-11709.112815789067
-11709.111867008272
-11709.109960923031
-11709.107806696489
-11709.094153040323
-11709.093036057156
-11709.090038735865
-11709.089945595477
-11709.089667789456
-11709.088041689894
-11709.082714048467
-11709.081449812924
-11709.080462926979
-11709.080116308880
-11709.079493601363
-11709.078631486762
-11709.077917519568
-11709.077364317631
-11709.076589031738
-11709.076574715638
-11709.076207126747
-11709.075108953306
-11709.074504007969
-11709.074443697158
-11709.073823941455
-11709.073577025896
-11709.073571254514
-11709.073026513644
-11709.072996690629
-11709.072995553161
-11709.072743328104
-11709.072627299025
-11709.071680272997
-11709.071532440845
-11709.070877807273
-11709.070771979334
-11709.070575273894
-11709.069896470002
-11709.069775340247
-11709.069729070583
-11709.069049002561
-11709.068010848348
-11709.067875150691
-11709.067728499222
-11709.067321554896
-11709.066979172781
-11709.066921889356
-11709.066809932701
-11709.066315102595
-11709.066194634683
-11709.065991844494
-11709.065989200886
-11709.065812977544
-11709.065585257862
-11709.065304116768
-11709.065180693464
-11709.064498499001
-11709.064479604049
-11709.064324347979
-11709.064319501153
-11709.064208653697
-11709.063931646133
-11709.063867218156
-11709.063299467682
-11709.062684600798
-11709.062058212428
-11709.060986934042
-11709.060859412264
-11709.060784102390
-11709.059977252615
-11709.059540449376
-11709.059271485923
-11709.058746092200
-11709.056199794204
-11709.056140012879
-11709.056090680398
-11709.055266664607
-11709.055234274832
-11709.054403799344
-11709.053875291384
-11709.053376272295
-11709.053321187530
-11709.053218502146
-11709.052496290604
-11709.051872372922
-11709.051829625689
-11709.051773550824
-11709.051760973958
-11709.050998211949
-11709.050853402314
-11709.050443995637
-11709.050014299990
-11709.049933725591
-11709.049727329855
-11709.049712576938
-11709.049601969587
-11709.049209734492
-11709.049067486085
-11709.048110763893
-11709.047845817520
-11709.047798390739
-11709.047609240326
-11709.047271925516
-11709.046503186057
-11709.046477092208
-11709.046434335403
-11709.046029338815
-11709.045765329809
-11709.045669136291
-11709.045442542636
-11709.044813608423
-11709.044667267213
-11709.043644239178
-11709.043373184995
-11709.043176371473
-11709.043127101892
-11709.042400804488
-11709.042342579760
-11709.042177551923
-11709.042052698478
-11709.041060540098
-11709.040973280598
-11709.040712317576
-11709.040329646334
-11709.040222896510
-11709.039654409298
-11709.039182060103
-11709.039181074653
-11709.039083790914
-11709.038894237407
-11709.038841525675
-11709.037737125038
-11709.037589594936
-11709.037232983999
-11709.037066659801
-11709.036665289112
-11709.035957645277
-11709.035278656693
-11709.035144073418
-11709.034946278392
-11709.034912427382
-11709.034660321784
-11709.034097088932
-11709.034088625760
-11709.032692582163
-11709.032438512078
-11709.032198442927
-11709.031645375077
-11709.031637479891
-11709.031134578392
-11709.030982298098
-11709.030847961669
-11709.030681681497
-11709.030325290430
-11709.030068326967
-11709.029405357391
-11709.029084314318
-11709.028980726995
-11709.028912104759
-11709.028050969904
-11709.028018691124
-11709.027426670509
-11709.027223232048
-11709.027069356640
-11709.026516263009
-11709.025854259413
-11709.025749510387
-11709.025462194997
-11709.025020122153
-11709.024629879093
-11709.024400824223
-11709.024073471561
-11709.023618073066
-11709.023600117962
-11709.023157114099
-11709.022979772262
-11709.022900890461
-11709.021244377045
-11709.020897992854
-11709.020668805892
-11709.020645788511
-11709.020556669488
-11709.019859273809
-11709.019110196856
-11709.018804922223
-11709.018768859869
-11709.018666133501
-11709.018155819145
-11709.018123573471
-11709.017662437000
-11709.017271507128
-11709.016860074235
-11709.016818878685
-11709.016291980230
-11709.015608678723
-11709.015561226388
-11709.015064938125
-11709.015002194717
-11709.014964475355
-11709.014943669912
-11709.014919362096
-11709.014210019273
-11709.013599963138
-11709.013157718329
-11709.012959394862
-11709.012874512133
-11709.012792624362
-11709.011767074648
-11709.011696891039
-11709.011182287684
-11709.011150087486
-11709.010392933926
-11709.010295065371
-11709.010117289032
-11709.009814608391
-11709.009155876227
-11709.008856409011
-11709.008190643297
-11709.007946374830
-11709.007837584102
-11709.007645753778
-11709.006902001594
-11709.006648398890
-11709.006583181399
-11709.006154538913
-11709.005555931319
-11709.005144246246
-11709.005074482387
-11709.004589821785
-11709.004514546057
-11709.004157259254
-11709.003614358564
-11709.003310583406
-11709.002954695552
-11709.002927379781
-11709.002518526484
-11709.002505285478
-11709.002421662217
-11709.002359269554
-11709.002260991403
-11709.001894784975
-11709.001884053527
-11709.001289656540
-11709.001041118363
-11709.001011058986
-11709.000509488313
-11709.000430889528
-11708.999942645569
-11708.999775838492
-11708.999699588354
-11708.999337214993
-11708.999288650535
-11708.999190591800
-11708.999136354163
-11708.998819750701
-11708.998619129203
-11708.998457448290
-11708.997964512188
-11708.997720519455
-11708.997454488277
-11708.997445679472
-11708.997357829181
-11708.996963773858
-11708.996830217804
-11708.996745126298
-11708.996637893248
-11708.996030703222
-11708.995961765124
-11708.995791706207
-11708.995776488708
-11708.995665635395
-11708.994846611982
-11708.994356803272
-11708.994108018444
-11708.993434842239
-11708.993385338592
-11708.993143789230
-11708.992919027656
-11708.992589891559
-11708.992306783235
-11708.991973034830
-11708.991912595684
-11708.991769203214
-11708.991333661235
-11708.991163092778
-11708.990925970547
-11708.990867303628
-11708.990781367413
-11708.990564886582
-11708.990204629896
-11708.989693695050
-11708.989557572326
-11708.989537332407
-11708.989332850551
-11708.989269929900
-11708.989161920514
-11708.988934966672
-11708.988803720926
-11708.988664366550
-11708.988426876116
-11708.988173967095
-11708.988072944474
-11708.987474505531
-11708.987454902248
-11708.987234125127
-11708.987137116106
-11708.986959119868
-11708.986867419393
-11708.986549601688
-11708.986538561992
-11708.986502549056
-11708.986474051864
-11708.986392368477
-11708.986236890314
-11708.986052236942
-11708.985827215292
-11708.985601542705
-11708.985421065136
-11708.985374538293
-11708.985056443578
-11708.984981026681
-11708.984756825650
-11708.984453994392
-11708.983822910874
-11708.983760653105
-11708.983758067949
-11708.983319077166
-11708.983311794198
-11708.983014403686
-11708.982945242535
-11708.982743706187
-11708.982692871617
-11708.982604777964
-11708.982403393864
-11708.982375943729
-11708.982354929536
-11708.982155131154
-11708.981768745249
-11708.981757634119
-11708.981697157649
-11708.981318637150
-11708.981301258671
-11708.981234741108
-11708.981210366119
-11708.980817482048
-11708.980746129491
-11708.980719108677
-11708.980696524444
-11708.980643131425
-11708.980264168622
-11708.979896557325
-11708.979671515735
-11708.979267597328
-11708.979214856583
-11708.979202902361
-11708.979155046702
-11708.979093745331
-11708.978611393628
-11708.978508845603
-11708.978333722363
-11708.978181742063
-11708.978056862548
-11708.977674797221
-11708.977563284170
-11708.977006096031
-11708.976831667240
-11708.976797796768
-11708.976705734831
-11708.976575981791
-11708.976402633660
-11708.976065195166
-11708.975859684831
-11708.975686181973
-11708.975644672119
-11708.975580800705
-11708.975427494606
-11708.975383241919
-11708.975265889743
-11708.975163131143
-11708.975126013653
-11708.974976628024
-11708.974870886770
-11708.974655885524
-11708.974431020119
-11708.974133487138
-11708.974060026912
-11708.973550525057
-11708.973532567334
-11708.973297930908
-11708.973227105613
-11708.973081705024
-11708.972964616180
-11708.972818451504
-11708.972618973074
-11708.972598546528
-11708.972377283992
-11708.971774631775
-11708.971631832170
-11708.971394603319
-11708.971120724276
-11708.970862373237
-11708.970755661676
-11708.970684891492
-11708.970325301316
-11708.970222044494
-11708.970063687078
-11708.970053966304
-11708.969696585524
-11708.969683701671
-11708.969533657790
-11708.969306634006
-11708.969202922153
-11708.969163361377
-11708.969095905628
-11708.968447286878
-11708.968135063202
-11708.968017169758
-11708.968002665702
-11708.967505455828
-11708.967505418195
-11708.967377662404
-11708.967298018368
-11708.967115661642
-11708.967009444892
-11708.966957140157
-11708.966926336556
-11708.966911482707
-11708.966208260261
-11708.965836944837
-11708.965673872799
-11708.965669132045
-11708.965623623308
-11708.965487914818
-11708.965262182061
-11708.965182225784
-11708.964805645219
-11708.964692642419
-11708.964551737829
-11708.964379693185
-11708.963875853005
-11708.963191875506
-11708.963148461018
-11708.962926108497
-11708.962791441987
-11708.962741582096
-11708.962682712145
-11708.962473672209
-11708.962437375150
-11708.962165766799
-11708.962118421065
-11708.962109589864
-11708.962057184124
-11708.962006977816
-11708.961768825775
-11708.961690944492
-11708.961566413012
-11708.961546823564
-11708.961510208170
-11708.961114146594
-11708.960963341255
-11708.960615552411
-11708.960336160606
-11708.960193726040
-11708.960121211800
-11708.960106670655
-11708.960104518914
-11708.959870103277
-11708.959728893760
-11708.959692384671
-11708.959513694221
-11708.959509044336
-11708.959395198794
-11708.959030737633
-11708.958774290748
-11708.958698705968
-11708.958429416958
-11708.958072192487
-11708.957982702870
-11708.957919198976
-11708.957806935225
-11708.957535139329
-11708.957312148465
-11708.957048930597
-11708.957001537261
-11708.956551812831
-11708.956431115061
-11708.956415786985
-11708.956143890853
-11708.955910291881
-11708.955481299907
-11708.955263053649
-11708.955227247898
-11708.955001887454
-11708.954923735537
-11708.954786750064
-11708.954699264465
-11708.954599222168
-11708.954596696338
-11708.954362378503
-11708.954257456100
-11708.954225968348
-11708.954215699037
-11708.954058190035
-11708.953717193961
-11708.953639537312
-11708.953366518172
-11708.953056393770
-11708.953028258456
-11708.953003841571
-11708.952969477847
-11708.952535690052
-11708.952461045361
-11708.952212784319
-11708.952155885805
-11708.952150850802
-11708.952127854320
-11708.952097234065
-11708.951625731828
-11708.951622216739
-11708.951479044119
-11708.951327461249
-11708.951059006669
-11708.950994268904
-11708.950945887687
-11708.950905638783
-11708.950103052552
-11708.950079283421
-11708.949940151275
-11708.949900441723
-11708.949387013576
-11708.949230111097
-11708.949113149107
-11708.949068551565
-11708.949064369464
-11708.949060246958
-11708.948802257632
-11708.948613141103
-11708.948388924491
-11708.948346904403
-11708.948273687602
-11708.947851223513
-11708.947332768505
-11708.947287438155
-11708.947275079043
-11708.947272480398
-11708.947269423936
-11708.947128472046
-11708.946879923553
-11708.946830404691
-11708.946658204353
-11708.946385781663
-11708.946349989092
-11708.946303909745
-11708.946286983424
-11708.946093774575
-11708.946061395107
-11708.945823944523
-11708.945739696373
-11708.945562773724
-11708.945546054274
-11708.945539858880
-11708.944988909110
-11708.944794337980
-11708.944746836691
-11708.944716947113
-11708.944564023810
-11708.944443916027
-11708.944383115570
-11708.944277396118
-11708.944239733177
-11708.944203823743
-11708.944021021522
-11708.943778009349
-11708.943615570004
-11708.943562203851
-11708.943360315016
-11708.943345032299
-11708.942956976449
-11708.942941466994
-11708.942693696317
-11708.942590632747
-11708.942578403574
-11708.942498224724
-11708.942442099844
-11708.942218609694
-11708.942113396139
-11708.941695884501
-11708.941479297351
-11708.941442135974
-11708.941340138810
-11708.941184494128
-11708.941032516072
-11708.940946666457
-11708.940919945782
-11708.940815913389
-11708.940585481010
-11708.940459954441
-11708.940455077387
-11708.940371035107
-11708.940179103956
-11708.940102001459
-11708.940095582639
-11708.939986815962
-11708.939881606368
-11708.939638986254
-11708.939346772646
-11708.938811299993
-11708.938804960926
-11708.938713240870
-11708.938532297047
-11708.938357978588
-11708.937965461886
-11708.937935858285
-11708.937750715533
-11708.937728682575
-11708.937675972500
-11708.937476571064
-11708.937410638118
-11708.937342382340
-11708.937215025293
-11708.936876712265
-11708.936815164680
-11708.936753036231
-11708.936587372758
-11708.936533534092
-11708.936471029343
-11708.936411796241
-11708.936169920667
-11708.936090064364
-11708.936036889583
-11708.935807034073
-11708.935422881605
-11708.935405728249
-11708.935041964083
-11708.934921635066
-11708.934899491845
-11708.934737239239
-11708.934730140976
-11708.934595067081
-11708.934510425135
-11708.934471335459
-11708.934332783379
-11708.934213616969
-11708.934156895128
-11708.933705096000
-11708.933616198481
-11708.933468346957
-11708.933159047447
-11708.933048628556
-11708.932981796692
-11708.932887273211
-11708.932757925597
-11708.932732002615
-11708.932712561367
-11708.932686156393
-11708.932650062134
-11708.932479367955
-11708.932388767907
-11708.931990852365
-11708.931973585428
-11708.931641265157
-11708.931463216091
-11708.931372195528
-11708.931149174758
-11708.931108342764
-11708.931087545277
-11708.930951865586
-11708.930950083462
-11708.930572773386
-11708.930438568201
-11708.930187323051
-11708.930168893914
-11708.930133917645
-11708.929842859130
-11708.929757489783
-11708.929495547156
-11708.929320951027
-11708.929212727946
-11708.929062895761
-11708.928900122743
-11708.928725921691
-11708.928676020345
-11708.928044211036
-11708.928040952529
-11708.927785727910
-11708.927729147053
-11708.927680183280
-11708.927632055344
-11708.927603683587
-11708.927575565236
-11708.927004136907
-11708.926994019535
-11708.926879300423
-11708.926706793225
-11708.926576826338
-11708.926441247038
-11708.926415980586
-11708.926236667668
-11708.926126929062
-11708.925794658273
-11708.925632152603
-11708.925553801291
-11708.925538523848
-11708.925381945377
-11708.925214658540
-11708.925172648744
-11708.925126323396
-11708.924937148122
-11708.924860958225
-11708.924591681183
-11708.924559999654
-11708.924239650465
-11708.924219796003
-11708.923875353808
-11708.923873712278
-11708.923811438683
-11708.923705562123
-11708.923641984056
-11708.923446405261
-11708.923365346136
-11708.922933474294
-11708.922653704685
-11708.922637307496
-11708.922427357289
-11708.922408276909
-11708.922366884057
-11708.922030062868
-11708.921893721059
-11708.921880441272
-11708.921866564606
-11708.921843776430
-11708.921706110652
-11708.921420251716
-11708.921411137546
-11708.921307861116
-11708.921112500428
-11708.920950554881
-11708.920866963379
-11708.920522770770
-11708.920460800318
-11708.920422132336
-11708.920421824152
-11708.920259511591
-11708.920199341790
-11708.919916185385
-11708.919723261381
-11708.919590863512
-11708.919455637917
-11708.919425370514
-11708.919300056612
-11708.919248189723
-11708.919245186709
-11708.919094124374
-11708.919053944348
-11708.918961351867
-11708.918947118003
-11708.918627795130
-11708.918348485044
-11708.918219172552
-11708.917988775029
-11708.917979941050
-11708.917918046105
-11708.917885241117
-11708.917877643978
-11708.917458930440
-11708.917253731008
-11708.917097524050
-11708.916846816062
-11708.916631906002
-11708.916147243513
-11708.916096386652
-11708.916094073940
-11708.916083171969
-11708.915967508592
-11708.915806885198
-11708.915501208105
-11708.915465470469
-11708.915464472631
-11708.915361416715
-11708.915344956758
-11708.915270992453
-11708.915240799332
-11708.914935409166
-11708.914765337102
-11708.914410566013
-11708.914343841443
-11708.914221325831
-11708.914039968697
-11708.913902792994
-11708.913884645282
-11708.913663319850
-11708.913599472651
-11708.913543070110
-11708.913539458374
-11708.913478365173
-11708.913414024235
-11708.913341615302
-11708.913211987425
-11708.913087796891
-11708.912857402462
-11708.912255169687
-11708.911883869869
-11708.911853863630
-11708.911781556246
-11708.911693891852
-11708.911669429464
-11708.911583273273
-11708.910964847539
-11708.910910261202
-11708.910893795797
-11708.910682178139
-11708.910681903635
-11708.909754742974
-11708.909746552798
-11708.909727470076
-11708.909682919633
-11708.909209649519
-11708.909053625935
-11708.909012916576
-11708.908566844822
-11708.908559099193
-11708.908499123992
-11708.908238888314
-11708.908129812746
-11708.908115857703
-11708.908078228644
-11708.907989777552
-11708.907981351113
-11708.907903251806
-11708.907835398937
-11708.907800585966
-11708.907515350671
-11708.907401729793
-11708.907266618866
-11708.907009019411
-11708.906788560924
-11708.906741961930
-11708.906608585961
-11708.906430329269
-11708.906231406319
-11708.905941384442
-11708.905778558848
-11708.905610813259
-11708.905525348002
-11708.905172326135
-11708.905043251465
-11708.904679856583
-11708.904671349545
-11708.904500085189
-11708.904468574356
-11708.904220912063
-11708.904202609792
-11708.903995593966
-11708.903966317483
-11708.903854172668
-11708.903620740653
-11708.903552897786
-11708.903443474386
-11708.903308650915
-11708.903249342606
-11708.903140151628
-11708.903034875924
-11708.902972890668
-11708.902773558946
-11708.902759048773
-11708.902454023091
-11708.902340998975
-11708.901994978383
-11708.901955420588
-11708.901852481224
-11708.901753977172
-11708.901745835929
-11708.901700329168
-11708.901161420265
-11708.900939109008
-11708.900845318489
-11708.900661906287
-11708.900626126635
-11708.900265889539
-11708.900258213256
-11708.900226968663
-11708.900218920198
-11708.899970210445
-11708.899921806849
-11708.899909956763
-11708.899847409833
-11708.899642298438
-11708.899611665163
-11708.899535408091
-11708.899482145405
-11708.899054046340
-11708.898990664162
-11708.898851662749
-11708.898848817318
-11708.898561238399
-11708.898464485024
-11708.898406536169
-11708.898110304513
-11708.897977415854
-11708.897840939257
-11708.897666338984
-11708.897664773660
-11708.897604979333
-11708.897308046100
-11708.897190197100
-11708.897044140993
-11708.897043490591
-11708.896871714986
-11708.896866835765
-11708.896630909927
-11708.896382497851
-11708.896283847722
-11708.896252362478
-11708.896168980635
-11708.896004959386
-11708.895879503705
-11708.895811373033
-11708.895624601639
-11708.895388089941
-11708.895284039543
-11708.895140108927
-11708.894929094236
-11708.894922318084
-11708.894539313536
-11708.894294473666
-11708.894244670561
-11708.894192359869
-11708.893913094977
-11708.893879217716
-11708.893845895569
-11708.893768324919
-11708.893700897772
-11708.893686088188
-11708.893559764381
-11708.893163865625
-11708.893132815925
-11708.893101465486
-11708.893050398423
-11708.892918693022
-11708.892829899598
-11708.892541296173
-11708.892440701071
-11708.892427776706
-11708.892326638026
-11708.892224813408
-11708.892141272436
-11708.891940108801
-11708.891441295431
-11708.891418995958
-11708.891413660851
-11708.891380307210
-11708.891362610471
-11708.891001628759
-11708.890996262535
-11708.890856193650
-11708.890779333602
-11708.890778479932
-11708.890529046055
-11708.890438196906
-11708.890407475499
-11708.890319942477
-11708.890033698399
-11708.889937105909
-11708.889844341422
-11708.889785286634
-11708.889717917697
-11708.889603631629
-11708.889600506654
-11708.889465017586
-11708.889414301211
-11708.889380687600
-11708.889146299127
-11708.888995460949
-11708.888861860158
-11708.888822976960
-11708.888499004663
-11708.888262692511
-11708.888092490486
-11708.887864635963
-11708.887787627276
-11708.887774975330
-11708.887631242800
-11708.887262952383
-11708.886998080041
-11708.886969152898
-11708.886909609420
-11708.886837649046
-11708.886749154493
-11708.886691951495
-11708.886584145848
-11708.886127149017
-11708.886048968292
-11708.886015522683
-11708.885736919116
-11708.885713652857
-11708.885521163034
-11708.885475492078
-11708.885429568731
-11708.885351301955
-11708.885338844875
-11708.885235337970
-11708.884955378166
-11708.884708641182
-11708.884584430753
-11708.884539089215
-11708.884501696850
-11708.884418005229
-11708.883777462668
-11708.883586962640
-11708.883148948082
-11708.882935322121
-11708.882720362628
-11708.882586899512
-11708.882569713498
-11708.882554747557
-11708.882435862495
-11708.882230274279
-11708.881970915863
-11708.881931432510
-11708.881472502449
-11708.881436948359
-11708.881374264751
-11708.881248307374
-11708.881063330033
-11708.881049274167
-11708.880894829555
-11708.880845385571
-11708.880837615832
-11708.880553458979
-11708.880509727544
-11708.880481405644
-11708.880276800555
-11708.880195473052
-11708.880123402694
-11708.880099621123
-11708.880009212391
-11708.879884791892
-11708.879845594036
-11708.879789708348
-11708.879622701299
-11708.879554195839
-11708.879214031200
-11708.879154229724
-11708.879019942884
-11708.878627964137
-11708.878396906213
-11708.878003198637
-11708.877946342018
-11708.877813173691
-11708.877727727944
-11708.877693608301
-11708.877615070749
-11708.877366867509
-11708.877155364862
-11708.877027167109
-11708.876878214336
-11708.876874313008
-11708.876657022382
-11708.876373739038
-11708.876227840452
-11708.876142652845
-11708.876086577615
-11708.875958988545
-11708.875848436364
-11708.875842887062
-11708.875818040136
-11708.875534418516
-11708.875415142447
-11708.874832366475
-11708.874736539801
-11708.874686659174
-11708.874598677015
-11708.874524140690
-11708.874074098007
-11708.873976208601
-11708.873963519474
-11708.873594570527
-11708.873241316620
-11708.873211960972
-11708.873209602705
-11708.873033919675
-11708.872910834425
-11708.872870975263
-11708.872790083855
-11708.872136538952
-11708.872072489790
-11708.871838828258
-11708.871823594029
-11708.871818905105
-11708.871735828357
-11708.871562563338
-11708.871551287968
-11708.871516598754
-11708.871346369780
-11708.871323391126
-11708.871180644777
-11708.871158913187
-11708.871080804955
-11708.870858553313
-11708.870730366911
-11708.870631168915
-11708.870170297942
-11708.870130449966
-11708.870020359942
-11708.869862822274
-11708.869557989901
-11708.869377761539
-11708.869301394872
-11708.869001424378
-11708.868830913074
-11708.868573900967
-11708.868456040382
-11708.868319375893
-11708.868312604016
-11708.868294205327
-11708.868184543688
-11708.868028907698
-11708.867964071958
-11708.867754012550
-11708.867752267997
-11708.867492710198
-11708.867490483526
-11708.867109752044
-11708.866678240600
-11708.866618100175
-11708.866598369976
-11708.866520511772
-11708.866477351112
-11708.866209093118
-11708.865841757846
-11708.865684359549
-11708.865642852914
-11708.865545547989
-11708.865472594582
-11708.865400895134
-11708.865234326197
-11708.865167913336
-11708.865024285638
-11708.864858568770
-11708.864817885107
-11708.864655463867
-11708.864602878552
-11708.864391016039
-11708.864268420519
-11708.864099443555
-11708.864097952030
-11708.864047747766
-11708.863688413770
-11708.863667694319
-11708.863656078922
-11708.863605740151
-11708.863545087193
-11708.863475639886
-11708.863353801720
-11708.863243906297
-11708.863185168197
-11708.862596947412
-11708.862579802415
-11708.862340519248
-11708.862304800688
-11708.862284065772
-11708.862239759719
-11708.862085617140
-11708.861892416282
-11708.861621713324
-11708.861555564035
-11708.861419063967
-11708.861297644144
-11708.861175266948
-11708.861024076663
-11708.860938832853
-11708.860707006375
-11708.860619067884
-11708.860543057517
-11708.860487784930
-11708.860423948345
-11708.860097073726
-11708.859955389076
-11708.859819203228
-11708.859782402002
-11708.859739620033
-11708.859370042819
-11708.859203433183
-11708.859139851957
-11708.858980842331
-11708.858792577439
-11708.858776886691
-11708.858702183585
-11708.858326296226
-11708.858086521815
-11708.858026275577
-11708.858014889531
-11708.857983719223
-11708.857894902825
-11708.857679583805
-11708.857413371334
-11708.857177968002
-11708.856969570312
-11708.856784797217
-11708.856781487426
-11708.856758456976
-11708.856674753448
-11708.856410608621
-11708.856355989725
-11708.856350394044
-11708.855856672983
-11708.855856538394
-11708.855131265827
-11708.854865901769
-11708.854846241518
-11708.854842264698
-11708.854633060373
-11708.854436909836
-11708.854277522760
-11708.854225783150
-11708.853990511048
-11708.853701240281
-11708.853687103207
-11708.853345700058
-11708.853104733755
-11708.852983998033
-11708.852960980803
-11708.852861449202
-11708.852742641187
-11708.852670638360
-11708.852604285768
-11708.852475931515
-11708.852443446778
-11708.852294395190
-11708.852201419835
-11708.852065156094
-11708.851899685058
-11708.851756025648
-11708.851715845407
-11708.851696199241
-11708.851279741330
-11708.851126754262
-11708.850970613288
-11708.850967547240
-11708.850789300086
-11708.850397248591
-11708.850328839637
-11708.850235067182
-11708.850067394065
-11708.849587705994
-11708.849327776399
-11708.849277501153
-11708.849273212225
-11708.849086072201
-11708.848962470020
-11708.848951981086
-11708.848917865513
-11708.848507750497
-11708.848337126428
-11708.848125035940
-11708.848119559525
-11708.847921371353
-11708.847894788170
-11708.847780466605
-11708.847765247445
-11708.847448057335
-11708.847382489263
-11708.847218335159
-11708.847063036663
-11708.847038547059
-11708.846985127582
-11708.846705491662
-11708.846449781717
-11708.846154400730
-11708.846077063106
-11708.846056202523
-11708.845634358897
-11708.845552310204
-11708.845265710606
-11708.845159786764
-11708.845075005122
-11708.845058305500
-11708.844871125091
-11708.844713229479
-11708.844707180699
-11708.844636655369
-11708.844365211917
-11708.844242111445
-11708.843980633967
-11708.843864380648
-11708.843784679921
-11708.843770197756
-11708.843690150510
-11708.843354564311
-11708.843308908821
-11708.843234971442
-11708.842927764535
-11708.842663713775
-11708.842510062701
-11708.842442960349
-11708.842056818956
-11708.842004556915
-11708.841820076223
-11708.841472035070
-11708.841463167086
-11708.841330109068
-11708.841239459744
-11708.841182307813
-11708.841109867788
-11708.841080738339
-11708.840914896986
-11708.840782281139
-11708.840754692897
-11708.840537907099
-11708.840410993811
-11708.840200385112
-11708.839931481158
-11708.839763301539
-11708.839480388555
-11708.839388991437
-11708.839078756910
-11708.838929782436
-11708.838720906564
-11708.838578449866
-11708.838490810329
-11708.838252401431
-11708.838115764695
-11708.837834812917
-11708.837809033796
-11708.837807256599
-11708.837680251045
-11708.837458387936
-11708.837247017636
-11708.837244848586
-11708.836908938263
-11708.836632171799
-11708.836541945224
-11708.836419660051
-11708.836416404869
-11708.836382710027
-11708.836328306179
-11708.836209466263
-11708.835871387850
-11708.835143360855
-11708.835099905982
-11708.834910754556
-11708.834877623536
-11708.834808210720
-11708.834799426502
-11708.834553875002
-11708.834263882209
-11708.834066940835
-11708.834020450229
-11708.833910636151
-11708.833841022199
-11708.833707942249
-11708.833476683500
-11708.833339847301
-11708.832985836452
-11708.832603877314
-11708.832597791719
-11708.832553366203
-11708.832284481681
-11708.832080696893
-11708.831779532817
-11708.831707476549
-11708.831700125336
-11708.831514707927
-11708.831411322608
-11708.831230456333
-11708.831157534818
-11708.831126718833
-11708.830802008501
-11708.830170378475
-11708.829834216525
-11708.829739245244
-11708.829716819811
-11708.829668445407
-11708.829485574744
-11708.829244254379
-11708.829096720563
-11708.828995721462
-11708.828520595800
-11708.827591892832
-11708.827353523277
-11708.827120689601
-11708.826942344222
-11708.826903228113
-11708.826518034210
-11708.826473450405
-11708.826105348719
-11708.826009043993
-11708.825953911408
-11708.825930947452
-11708.825597235365
-11708.825495528043
-11708.824944232339
-11708.824930533985
-11708.824864530496
-11708.824513972120
-11708.824411579717
-11708.824324505373
-11708.824201073605
-11708.824139884418
-11708.823943858608
-11708.823786843963
-11708.823698193937
-11708.823695132642
-11708.823238261739
-11708.822817703831
-11708.822676195668
-11708.822607487073
-11708.822103357399
-11708.822097563929
-11708.821917257274
-11708.821834871726
-11708.821593501334
-11708.821400664056
-11708.821165090712
-11708.821016547505
-11708.820963477267
-11708.820892282276
-11708.820687464249
-11708.820412507863
-11708.820305646623
-11708.819639715070
-11708.819546404549
-11708.819454453582
-11708.819317224994
-11708.819292377315
-11708.818635529475
-11708.818556043072
-11708.818176151091
-11708.818141527541
-11708.818115918444
-11708.817740320181
-11708.817730106908
-11708.817599656020
-11708.817472578268
-11708.817291469633
-11708.816936702593
-11708.816811790884
-11708.816764463398
-11708.816594803731
-11708.816576307187
-11708.816535210814
-11708.815875705610
-11708.815672171600
-11708.815395927442
-11708.815326043277
-11708.815113592074
-11708.814794157332
-11708.814569716071
-11708.814447376386
-11708.814281400682
-11708.814086259055
-11708.813899988289
-11708.813788987089
-11708.813720931086
-11708.813445502325
-11708.813235302021
-11708.812555305438
-11708.812548837899
-11708.812416005023
-11708.812362614248
-11708.812176270105
-11708.812122281777
-11708.811968148473
-11708.811513341298
-11708.811252859117
-11708.811145491245
-11708.811123571475
-11708.811074474344
-11708.810198495919
-11708.810038935955
-11708.809985154923
-11708.809694379759
-11708.809368581951
-11708.809335837099
-11708.809235579532
-11708.809151478015
-11708.808839667145
-11708.808781218751
-11708.808289575054
-11708.808143678643
-11708.808128347213
-11708.807604576994
-11708.807570521105
-11708.807490991825
-11708.807441330393
-11708.807167195497
-11708.806361326418
-11708.806322669678
-11708.806270350029
-11708.805931619741
-11708.805842537147
-11708.805776140000
-11708.805303291199
-11708.805215144766
-11708.805145058695
-11708.805142742713
-11708.805080672846
-11708.805065729975
-11708.804811759481
-11708.804677164033
-11708.804669383097
-11708.804440889277
-11708.804387809163
-11708.804312857548
-11708.803387415561
-11708.803359877724
-11708.803196975132
-11708.803119873406
-11708.802868905639
-11708.802765926595
-11708.802643589523
-11708.802389139622
-11708.801965462120
-11708.801959582899
-11708.801763803354
-11708.801407688416
-11708.801236445972
-11708.801113900323
-11708.800766555023
-11708.800584521476
-11708.800560440113
-11708.800460002756
-11708.800355997724
-11708.800224401022
-11708.799850241967
-11708.799437895317
-11708.799427818802
-11708.799005849265
-11708.798712830067
-11708.798684875997
-11708.798534749432
-11708.798266399301
-11708.798012664474
-11708.797986674745
-11708.797658835709
-11708.797616457872
-11708.797286559990
-11708.797065357538
-11708.797052581689
-11708.796952588094
-11708.796920847479
-11708.796658805819
-11708.796425240404
-11708.796201945248
-11708.795654109386
-11708.795629187227
-11708.795495732214
-11708.795377224686
-11708.795248802468
-11708.795179124179
-11708.794955676145
-11708.794816880252
-11708.794209855161
-11708.794004063897
-11708.793862040262
-11708.793840609451
-11708.793325934599
-11708.793262214123
-11708.793192774336
-11708.793091271211
-11708.792915685921
-11708.792585408475
-11708.792455426192
-11708.792303154307
-11708.792083600585
-11708.792035522240
-11708.792000818663
-11708.791858266917
-11708.791613865806
-11708.791243756317
-11708.791172346120
-11708.791006673617
-11708.790950044571
-11708.790749782107
-11708.790725117340
-11708.790598636522
-11708.790082399762
-11708.790015014762
-11708.789717435584
-11708.789588991958
-11708.789469591469
-11708.789441232704
-11708.789217830721
-11708.789110794647
-11708.788986181013
-11708.788905170617
-11708.788713377777
-11708.788698438751
-11708.788518963085
-11708.787918821814
-11708.787742253988
-11708.787703629221
-11708.787662754759
-11708.787442880297
-11708.786806830780
-11708.786571385324
-11708.786546688052
-11708.786513943565
-11708.786391791766
-11708.786063965157
-11708.785852914705
-11708.785500119793
-11708.785406194173
-11708.785079126948
-11708.784925948243
-11708.784472262549
-11708.784390043646
-11708.784333646967
-11708.783853019659
-11708.783790510244
-11708.783775969529
-11708.783727398391
-11708.783494430249
-11708.783472290726
-11708.783393106391
-11708.782705046982
-11708.782622808758
-11708.782509387516
-11708.782428580753
-11708.782238613310
-11708.782031162875
-11708.781939058548
-11708.781871546682
-11708.781522829970
-11708.781346620142
-11708.781330724625
-11708.781287385338
-11708.781215191784
-11708.781027006185
-11708.780607423580
-11708.780588998143
-11708.780433898119
-11708.780301716495
-11708.780031447832
-11708.780011240404
-11708.779725501119
-11708.779591406819
-11708.779256189047
-11708.779147838179
-11708.778428125939
-11708.778157530371
-11708.778034837031
-11708.777996409321
-11708.777599340370
-11708.777527061471
-11708.777184855539
-11708.776903993135
-11708.776786889668
-11708.776670016454
-11708.776650811580
-11708.776610498297
-11708.776117196689
-11708.776015092184
-11708.775932660166
-11708.775598527945
-11708.775025623367
-11708.774957663747
-11708.774831589582
-11708.774663337002
-11708.774523238602
-11708.774501677437
-11708.774354363384
-11708.774224759954
-11708.774189832773
-11708.773668206502
-11708.773564720916
-11708.773420642254
-11708.773001539324
-11708.772871675392
-11708.772808226344
-11708.772713078892
-11708.772395717178
-11708.772143941977
-11708.772023976901
-11708.771994241855
-11708.771607558156
-11708.771443820224
-11708.771282161162
-11708.770927122630
-11708.770924505830
-11708.770443188987
-11708.770420887620
-11708.770357702777
-11708.770323205030
-11708.770126994234
-11708.769984118237
-11708.769652812647
-11708.769459574631
-11708.769108714379
-11708.769042832469
-11708.769035997035
-11708.768640305972
-11708.768625774685
-11708.768619767256
-11708.768085273314
-11708.768081621602
-11708.767837241321
-11708.767573614699
-11708.766804187475
-11708.766781898639
-11708.766573318742
-11708.766229024357
-11708.766199052654
-11708.766107947788
-11708.765846655913
-11708.765713884768
-11708.765577642900
-11708.765350070733
-11708.764867810713
-11708.764321392173
-11708.764134191115
-11708.764094494391
-11708.763879894967
-11708.763722774962
-11708.763539093981
-11708.763322089566
-11708.763071214444
-11708.763059817675
-11708.762343899449
-11708.762054620494
-11708.761592156538
-11708.761402057413
-11708.761392482422
-11708.761338228418
-11708.761264106150
-11708.760656537946
-11708.760492724912
-11708.760323795468
-11708.760034417804
-11708.759975872827
-11708.759316243688
-11708.759220088399
-11708.759157456192
-11708.759007823384
-11708.758926175067
-11708.758899605959
-11708.758896054349
-11708.758805165571
-11708.758485624870
-11708.758340085558
-11708.758193004369
-11708.757378773798
-11708.757227391035
-11708.756998655941
-11708.756772915258
-11708.756730326846
-11708.756708049890
-11708.756657919439
-11708.756489572868
-11708.756058979927
-11708.755872492296
-11708.755591584011
-11708.755062894634
-11708.754836895057
-11708.754796591771
-11708.754670026687
-11708.754650570014
-11708.754631401451
-11708.754300427769
-11708.754274746758
-11708.754087313482
-11708.753866075045
-11708.753775581794
-11708.753061630334
-11708.752997402284
-11708.752905990026
-11708.752753063607
-11708.752631442774
-11708.752144510960
-11708.752054440332
-11708.752053536362
-11708.752002978297
-11708.751672139311
-11708.751584623642
-11708.751209065425
-11708.751119073546
-11708.750929778793
-11708.750865173961
-11708.750703064052
-11708.750589971851
-11708.750321135969
-11708.750154917414
-11708.750137997213
-11708.749976908060
-11708.749909296790
-11708.749403798300
-11708.749310689016
-11708.749307091972
-11708.749243022499
-11708.749149956182
-11708.749053102023
-11708.748302022390
-11708.748292928876
-11708.748077655830
-11708.747832996582
-11708.747626566186
-11708.747344845782
-11708.746710297342
-11708.746545544504
-11708.745995134086
-11708.745577518308
-11708.745533314284
-11708.745449703963
-11708.745332148654
-11708.745331210199
-11708.745193454990
-11708.744766085041
-11708.744649072378
-11708.744604365787
-11708.744510596893
-11708.744494785635
-11708.744155859238
-11708.744015181403
-11708.743829009127
-11708.743732235956
-11708.742613381701
-11708.742315347672
-11708.741841054771
-11708.741837920441
-11708.741700347384
-11708.741468984446
-11708.741437291897
-11708.741344182337
-11708.741271211686
-11708.740866901586
-11708.740683467158
-11708.740380699539
-11708.740365263611
-11708.740242489261
-11708.739584106041
-11708.739557403353
-11708.739468200260
-11708.739408338835
-11708.739376171108
-11708.739211774473
-11708.739177077990
-11708.738154320334
-11708.737948276828
-11708.737803596696
-11708.737694891421
-11708.737226350433
-11708.737189883244
-11708.736975325939
-11708.735584790584
-11708.734966970485
-11708.734959020423
-11708.734637612470
-11708.734180783009
-11708.733813013585
-11708.733804050906
-11708.733407422893
-11708.733329095641
-11708.733127034844
-11708.733095634181
-11708.733057657666
-11708.732905914316
-11708.732687456850
-11708.732453648685
-11708.732043437933
-11708.731968386428
-11708.731667884151
-11708.731224154324
-11708.730554526554
-11708.730474438968
-11708.730410830243
-11708.730189004787
-11708.729865727035
-11708.729825376946
-11708.729516519672
-11708.729350214982
-11708.729257825433
-11708.729026480840
-11708.728430690930
-11708.728324829950
-11708.728181664961
-11708.727909523963
-11708.727842271799
-11708.727678645071
-11708.727265303654
-11708.727165531285
-11708.727163051160
-11708.727062855372
-11708.726963100980
-11708.726215331224
-11708.726128305470
-11708.726078375836
-11708.725564027260
-11708.725514107418
-11708.725286242570
-11708.724851513991
-11708.724733199233
-11708.724241749729
-11708.723817235294
-11708.723630773380
-11708.723488056583
-11708.723453398323
-11708.723271086863
-11708.722650393242
-11708.722573888288
-11708.722365115422
-11708.722327449010
-11708.722084863362
-11708.721569547888
-11708.721063949659
-11708.720989926494
-11708.720893073531
-11708.720772592751
-11708.720592656171
-11708.720512702432
-11708.720501648208
-11708.720137292565
-11708.720106429095
-11708.719869446670
-11708.719698930723
-11708.719303972897
-11708.718933569511
-11708.718294173870
-11708.718138921065
-11708.717600533433
-11708.717494295008
-11708.716751412547
-11708.716730267557
-11708.716601742111
-11708.716385115751
-11708.716168692647
-11708.716046940388
-11708.715798134350
-11708.715736555760
-11708.715175267775
-11708.715052722226
-11708.714939231917
-11708.714719736210
-11708.714608574322
-11708.714587308012
-11708.714524416662
-11708.714311216880
-11708.713915999306
-11708.713758427246
-11708.713689307953
-11708.713345805516
-11708.713089019420
-11708.712957151587
-11708.712553339856
-11708.711975442615
-11708.711816970632
-11708.711796685646
-11708.711536684967
-11708.711513837741
-11708.711471142087
-11708.711254308228
-11708.711135387484
-11708.710923396622
-11708.710870259809
-11708.710669786000
-11708.710632504433
-11708.710565216237
-11708.709827798388
-11708.709371831614
-11708.709297123931
-11708.709228714340
-11708.709021120296
-11708.708861613119
-11708.708714460812
-11708.707833427523
-11708.707732963887
-11708.707509474663
-11708.707323737799
-11708.706567791882
-11708.706458010241
-11708.706157549730
-11708.706117997122
-11708.706025890548
-11708.705525436639
-11708.705318148850
-11708.705278873829
-11708.704782727817
-11708.704574433674
-11708.704436042382
-11708.704326852840
-11708.704111830530
-11708.703844563928
-11708.703809779900
-11708.703796811218
-11708.703333091278
-11708.703088499558
-11708.702766765549
-11708.701760592949
-11708.701723501687
-11708.701649342469
-11708.701352541364
-11708.701218162809
-11708.701204310113
-11708.700978833100
-11708.700791085459
-11708.700664986220
-11708.700559899793
-11708.700343139131
-11708.699528748106
-11708.699266541527
-11708.699256672522
-11708.699192292197
-11708.699098468349
-11708.699056609852
-11708.698934171625
-11708.698669123347
-11708.697983502138
-11708.697723709020
-11708.697692159891
-11708.697405795649
-11708.697385169173
-11708.697379896897
-11708.697206680201
-11708.697170274912
-11708.696894936562
-11708.696558751193
-11708.696546693551
-11708.696044908871
-11708.695860203299
-11708.695132649967
-11708.695079576275
-11708.694485877926
-11708.694448144137
-11708.694324336200
-11708.692507880663
-11708.692373713538
-11708.692108047411
-11708.691938044942
-11708.691445835806
-11708.691441520743
-11708.691164694810
-11708.690720726527
-11708.690671964418
-11708.690575927012
-11708.690215607581
-11708.689994820068
-11708.689962663804
-11708.689459426010
-11708.689175339578
-11708.689053535642
-11708.688937684828
-11708.688500876004
-11708.688039631028
-11708.687919865279
-11708.687494213540
-11708.687458665685
-11708.687383223374
-11708.687292793011
-11708.686980555336
-11708.686733381155
-11708.686733066601
-11708.686184382563
-11708.685723845612
-11708.685513936209
-11708.685433945875
-11708.685183862764
-11708.684679569096
-11708.684677971734
-11708.684674487788
-11708.684577653832
-11708.683422911523
-11708.683102175692
-11708.682871565787
-11708.682779464472
-11708.681988059840
-11708.681883905228
-11708.681738640276
-11708.681559347280
-11708.681282471682
-11708.681139630879
-11708.681018544223
-11708.679958341529
-11708.679876975633
-11708.679575308615
-11708.679505583304
-11708.679216812936
-11708.678367210974
-11708.678126702467
-11708.678090939313
-11708.677618879296
-11708.677330999522
-11708.676720917858
-11708.676639516618
-11708.676586002657
-11708.675306643574
-11708.675028227342
-11708.674982308970
-11708.674735865558
-11708.674367184085
-11708.673709753119
-11708.673501406092
-11708.673078982632
-11708.672727056233
-11708.672334758332
-11708.672124319135
-11708.671590762207
-11708.670883933417
-11708.670807049748
-11708.670259204227
-11708.670046808582
-11708.668906254210
-11708.668520223777
-11708.668269276310
-11708.668139195519
-11708.668085982539
-11708.667361963568
-11708.667282807737
-11708.664870096827
-11708.663439283333
-11708.661632687685
-11708.660841457882
-11708.660633863523
-11708.660135374885
-11708.660054291444
-11708.659893354004
-11708.659345363243
-11708.658995557698
-11708.658865366337
-11708.657770956206
-11708.657574574232
-11708.655964462348
-11708.655196306134
-11708.654950669295
-11708.654820143871
-11708.654627994587
-11708.654056762152
-11708.654029961714
-11708.653472015938
-11708.652734705955
-11708.651422108152
-11708.651327687665
-11708.650285833926
-11708.649714519459
-11708.649623660529
-11708.649395787259
-11708.649101032457
-11708.649027771591
-11708.647983249177
-11708.647840788692
-11708.647679565496
-11708.647388147559
-11708.646681865303
-11708.645817680324
-11708.645796522236
-11708.644308976782
-11708.644134283331
-11708.643726663393
-11708.643167199243
-11708.642845856320
-11708.642555480719
-11708.642434830357
-11708.642250647701
-11708.641856855060
-11708.641691035647
-11708.640842786357
-11708.640002441354
-11708.639984540001
-11708.639973338466
-11708.639660614828
-11708.638902799707
-11708.638078021730
-11708.637147714464
-11708.637085580545
-11708.636553675175
-11708.636164550604
-11708.635888264018
-11708.635700577293
-11708.635673044844
-11708.635375510567
-11708.635027591317
-11708.634432960245
-11708.634250855119
-11708.634201961517
-11708.633521971453
-11708.633160173931
-11708.633052355794
-11708.632757181300
-11708.632557340010
-11708.631969186152
-11708.631826898683
-11708.631695354630
-11708.630860731395
-11708.630549206702
-11708.630101783838
-11708.629993781053
-11708.629890449192
-11708.629750619037
-11708.629100543385
-11708.629054743866
-11708.629031259323
-11708.628980825873
-11708.628854503035
-11708.627998114207
-11708.627801447237
-11708.627625372443
-11708.626003494714
-11708.625816090391
-11708.625699810114
-11708.625675958021
-11708.625666247894
-11708.625420273969
-11708.624459928958
-11708.624020457582
-11708.623982469755
-11708.623818979044
-11708.623629276188
-11708.623439531662
-11708.623418266219
-11708.623418001263
-11708.623353106206
-11708.622713991901
-11708.622401813353
-11708.621593880485
-11708.621522588301
-11708.621340260879
-11708.621294417429
-11708.620979773215
-11708.620629724235
-11708.620461540157
-11708.620431124866
-11708.620228766229
-11708.619774698855
-11708.619619845593
-11708.619427492898
-11708.619374932277
-11708.619362704670
-11708.618966032735
-11708.618219768914
-11708.618183279084
-11708.618058663948
-11708.617870255368
-11708.617846131216
-11708.617448462343
-11708.617239704980
-11708.616859663574
-11708.616823780940
-11708.616583204575
-11708.616200388627
-11708.616014131849
-11708.615851647697
-11708.615498116334
-11708.615424002435
-11708.615225929190
-11708.614859480025
-11708.614273088282
-11708.614078377610
-11708.614011605305
-11708.613783933717
-11708.613729416331
-11708.613396755467
-11708.613339243884
-11708.613301597034
-11708.613185799348
-11708.612982806288
-11708.612675208869
-11708.612610801505
-11708.612282095235
-11708.612123625024
-11708.611703290077
-11708.611104422762
-11708.610696147847
-11708.610487690501
-11708.609937945113
-11708.609912658512
-11708.609643854385
-11708.609368786398
-11708.609020976479
-11708.608654982698
-11708.608529507172
-11708.608127010964
-11708.607858515574
-11708.607378654600
-11708.607129520478
-11708.606823469245
-11708.606606885101
-11708.606424857488
-11708.606343199075
-11708.606330515557
-11708.606223313707
-11708.605922654260
-11708.605570304608
-11708.605498833602
-11708.605245110919
-11708.604535867860
-11708.603970604539
-11708.603929425364
-11708.603511376670
-11708.603501855005
-11708.602757356255
-11708.602713839280
-11708.602410531283
-11708.602287958463
-11708.601975936072
-11708.601939068545
-11708.601891877999
-11708.601226422530
-11708.600744635818
-11708.600352677171
-11708.600143505178
-11708.600133460743
-11708.599843915732
-11708.599329753222
-11708.599181034797
-11708.599097729508
-11708.599082387138
-11708.597795071064
-11708.597747195226
-11708.597663854811
-11708.597411725086
-11708.597111736344
-11708.596892670383
-11708.595626820388
-11708.595506114223
-11708.595357914966
-11708.595208139885
-11708.595061586388
-11708.594495274148
-11708.594491009531
-11708.594387220086
-11708.593696157375
-11708.593509784569
-11708.593443166432
-11708.593072064230
-11708.592197688065
-11708.591972996988
-11708.591710279372
-11708.591431583085
-11708.590443646957
-11708.590133494430
-11708.589810823682
-11708.589773231044
-11708.589539604995
-11708.589460614796
-11708.588666654234
-11708.588631933668
-11708.588563288748
-11708.587848423251
-11708.587829475377
-11708.587829297319
-11708.587393345822
-11708.585539745645
-11708.585269837420
-11708.584824786649
-11708.584599712081
-11708.584370602437
-11708.584146196012
-11708.584058523951
-11708.583566614618
-11708.583351713212
-11708.583144546135
-11708.581494756772
-11708.581359646279
-11708.581145039447
-11708.581127582216
-11708.580619068516
-11708.580423795944
-11708.580104083843
-11708.579520235369
-11708.579164794068
-11708.579071345242
-11708.576057250737
-11708.575869735138
-11708.575624406314
-11708.575173058043
-11708.574813858770
-11708.574660278358
-11708.573721289660
-11708.572479207645
-11708.572051153162
-11708.571860176022
-11708.571461862448
-11708.571115271148
-11708.570820374231
-11708.569744608398
-11708.567616455537
-11708.567265538550
-11708.566655306557
-11708.565835179528
-11708.565415265490
-11708.561879319637
-11708.561748730042
-11708.560730584604
-11708.560446590827
-11708.560260819399
-11708.558175138416
-11708.557834011914
-11708.552868424869
-11708.552631771978
-11708.552571938644
-11708.552256857651
-11708.550743259299
-11708.549077616624
-11708.547906122614
-11708.547564134898
-11708.547438384967
-11708.546709177395
-11708.546442035382
-11708.546063029100
-11708.545543963201
-11708.545426918890
-11708.544185601519
-11708.543713489913
-11708.543240713243
-11708.542601777148
-11708.542211166092
-11708.541676399549
-11708.541087452992
-11708.539750934751
-11708.539727470643
-11708.539622807953
-11708.539444440870
-11708.539346916268
-11708.538914441939
-11708.538539127518
-11708.535728521154
-11708.535558472719
-11708.534236224512
-11708.534193799711
-11708.534079514433
-11708.533261386945
-11708.532719171268
-11708.532615736372
-11708.532126027267
-11708.530997770349
-11708.530719559501
-11708.530508643382
-11708.529300156124
-11708.528947856295
-11708.528914834207
-11708.528462233777
-11708.527724149548
-11708.527569454413
-11708.526833138978
-11708.526331528610
-11708.526010364090
-11708.526009972713
-11708.524997604718
-11708.524961188432
-11708.524581782051
-11708.524237612686
-11708.523356027992
-11708.522622194980
-11708.522114252553
-11708.521516504079
-11708.521423687667
-11708.520411723832
-11708.520406806187
-11708.520159992098
-11708.519737038196
-11708.519245337036
-11708.518735301250
-11708.518668716226
-11708.517794095258
-11708.517470937062
-11708.517318644001
-11708.517117018097
-11708.516533570504
-11708.516168329714
-11708.515932606417
-11708.515818788319
-11708.514536357869
-11708.514523918555
-11708.514413926772
-11708.513886692079
-11708.513656403908
-11708.513122838787
-11708.512740710530
-11708.512694268255
-11708.511853017511
-11708.511532248587
-11708.510245042389
-11708.509234657346
-11708.508211721628
-11708.507700163198
-11708.507523902610
-11708.507178688673
-11708.506990663072
-11708.506795789732
-11708.506657576614
-11708.506273369008
-11708.505220813795
-11708.504495357605
-11708.503609890762
-11708.502820111898
-11708.502592260644
-11708.502451060735
-11708.501844733391
-11708.500549278377
-11708.498520972887
-11708.498415018687
-11708.498304670506
-11708.498304501654
-11708.498211921707
-11708.493344014156
-11708.493078202631
-11708.492455986727
-11708.491930985147
-11708.491494828419
-11708.489522902491
-11708.488763519594
-11708.487360956711
-11708.486098572310
-11708.483640601282
-11708.482838113814
-11708.482713769105
-11708.482705995817
-11708.482641313958
-11708.482251466659
-11708.476682468236
-11708.474441035785
-11708.473399399005
-11708.472747266433
-11708.470128522744
-11708.469250622453
-11708.468726367832
-11708.468649640266
-11708.465110262865
-11708.464506449800
-11708.464303018183
-11708.464142565279
-11708.460930592963
-11708.460916671871
-11708.458854227278
-11708.458522254559
-11708.458174247191
-11708.454366188305
-11708.453901079882
-11708.453347398749
-11708.452627099219
-11708.452413960396
-11708.451933695951
-11708.450547673738
-11708.450409146923
-11708.450158298792
-11708.449702690032
-11708.449131390644
-11708.448987932667
-11708.448495675539
-11708.447806213328
-11708.447703501699
-11708.447363591133
-11708.446643085323
-11708.445947670874
-11708.445879016941
-11708.445727717281
-11708.445484728740
-11708.445167656611
-11708.443201223199
-11708.443139367790
-11708.441827042452
-11708.441436162286
-11708.441146453080
-11708.441007574846
-11708.440977062442
-11708.440381838340
-11708.439504676648
-11708.437438034720
-11708.436912715659
-11708.436781979603
-11708.436200384556
-11708.434984940186
-11708.434872010335
-11708.434530018727
-11708.433355932761
-11708.433163223930
-11708.430931424844
-11708.429220963624
-11708.428880439626
-11708.428232897664
-11708.425629728665
-11708.424935008665
-11708.421659717729
-11708.420860581102
-11708.420650966291
-11708.420022576709
-11708.419550313538
-11708.419227459975
-11708.418254779766
-11708.417796191728
-11708.413785187246
-11708.405964192954
-11708.405598898788
-11708.404155868548
-11708.401104608361
-11708.400729514386
-11708.400061332319
-11708.398980104746
-11708.397652795396
-11708.396758374844
-11708.396334325558
-11708.396073634962
-11708.396018131883
-11708.394159033580
-11708.394124716498
-11708.393569991960
-11708.393373650410
-11708.391337709532
-11708.389729642298
-11708.389251987412
-11708.389051628132
-11708.389005612869
-11708.388514613816
-11708.386570868943
-11708.384815244906
-11708.382658788876
-11708.381790649593
-11708.381364077768
-11708.380625111387
-11708.373628090429
-11708.373264422409
-11708.372644295885
-11708.372511501602
-11708.370320578844
-11708.369519108091
-11708.368750944608
-11708.367956195836
-11708.366780593940
-11708.366491006409
-11708.366190393339
-11708.365541172956
-11708.365125390274
-11708.365111344692
-11708.364264945621
-11708.364039221668
-11708.362631861020
-11708.362473635603
-11708.362129119525
-11708.362041074000
-11708.360595192951
-11708.359004719905
-11708.356886751773
-11708.355689533035
-11708.351980736164
-11708.344243461568
-11708.344162587668
-11708.342639083712
-11708.342309047770
-11708.338004201589
-11708.337132762645
-11708.334332433276
-11708.332701976477
-11708.329832975938
-11708.328573961202
-11708.323813452649
-11708.323781716173
-11708.322676582433
-11708.318992290406
-11708.313818091259
-11708.308387342044
-11708.307413386472
-11708.302064262385
-11708.301698819236
-11708.289314206653
-11708.288030594831
-11708.277468219116
-11708.276863010935
-11708.273399450467
-11708.271659224572
-11708.239506633425
-11708.239330946208
-11708.235876757291
-11708.235292978747
-11708.232540942659
-11708.232078282268
-11708.230659832896
-11708.228914904474
-11708.228578832563
-11708.082090385778
-11708.077348153776
