-11708.549862937456
-11708.536660391381
-11708.527224629757
-11708.519960918704
-11708.514363695895
-11708.510201689529
-11708.510119033568
-11708.504815813782
-11708.497569676956
-11708.492039965764
-11708.488646992664
-11708.486519220876
-11708.451155660341
-11708.447712075464
-11708.439666480814
-11708.437479825585
-11708.433667599329
-11708.431887822477
-11708.431555424992
-11708.431536905051
-11708.424651707806
-11708.424043938612
-11708.417998679341
-11708.417055285781
-11708.415852770107
-11708.413305330165
-11708.413294006365
-11708.409145219723
-11708.408565384660
-11708.405895103553
-11708.401477236286
-11708.400949928800
-11708.400397165164
-11708.398983491956
-11708.398682923387
-11708.398111862423
-11708.394953331421
-11708.392866192627
-11708.392863330735
-11708.390476722694
-11708.389269071173
-11708.388923102742
-11708.387007130876
-11708.386593513787
-11708.385540208777
-11708.383319354667
-11708.381024579430
-11708.380717511041
-11708.380342181639
-11708.375092510687
-11708.372130792744
-11708.371920401734
-11708.371776547139
-11708.369693500097
-11708.365243238151
-11708.362191700206
-11708.361640599664
-11708.361204049495
-11708.359914942559
-11708.356106377782
-11708.355017185733
-11708.354563723304
-11708.352370722911
-11708.350394224102
-11708.350304977543
-11708.344459867682
-11708.344049753217
-11708.343862465839
-11708.340634661101
-11708.338302675882
-11708.337663650094
-11708.336790874873
-11708.336642333335
-11708.335789740173
-11708.331166714797
-11708.329378700926
-11708.326259957257
-11708.321914339484
-11708.321423436417
-11708.319041857942
-11708.317100846949
-11708.316882767600
-11708.313419883081
-11708.308748272359
-11708.302517371638
-11708.301417392748
-11708.298074551818
-11708.297675568161
-11708.296694970179
-11708.295851473757
-11708.295114211558
-11708.291964657603
-11708.291908557820
-11708.290946420837
-11708.289972430985
-11708.289611990707
-11708.289401269203
-11708.285714707108
-11708.284902441588
-11708.284055280128
-11708.284019462453
-11708.282097363093
-11708.281754098756
-11708.275783522024
-11708.272475108286
-11708.270896930107
-11708.267264085689
-11708.266727619299
-11708.266462429649
-11708.266413640640
-11708.263241891964
-11708.259150490801
-11708.256762056963
-11708.255159013223
-11708.254912901708
-11708.252124557242
-11708.246444654329
-11708.243895800835
-11708.239083203774
-11708.235732889052
-11708.235607130509
-11708.235059566436
-11708.234665314763
-11708.233179771294
-11708.224143056317
-11708.220816300664
-11708.214966953414
-11708.209371497021
-11708.208650647915
-11708.208311946033
-11708.206913004778
-11708.206469200413
-11708.205594337587
-11708.203036002422
-11708.194336629294
-11708.194321233988
-11708.193209659585
-11708.191902314191
-11708.189605807762
-11708.189327730930
-11708.185701002665
-11708.181650398144
-11708.176847742789
-11708.175369056455
-11708.171642084557
-11708.169658443998
-11708.168841333949
-11708.166077760072
-11708.165257490296
-11708.164200222818
-11708.163329320781
-11708.154499882692
-11708.145846907209
-11708.140586090052
-11708.138445231867
-11708.138231275574
-11708.128316161545
-11708.128275146250
-11708.122757441060
-11708.120690458001
-11708.120379830256
-11708.118257645316
-11708.115054349622
-11708.113477376981
-11708.111105837606
-11708.110429639315
-11708.110278249778
-11708.108457869295
-11708.103573530849
-11708.103111138464
-11708.097554471249
-11708.089443856450
-11708.087962596370
-11708.087738768802
-11708.084437151530
-11708.074249433415
-11708.068628156783
-11708.065282111582
-11708.060976243010
-11708.053904686083
-11708.052411853316
-11708.041874881117
-11708.022729177666
-11708.015350151742
-11708.009281199535
-11708.003106345523
-11707.974942464058
-11707.960290756087
-11707.941709054427
-11707.929744571780
-11707.929057199179
-11707.919106601392
-11707.916035808541
-11707.901161149384
-11707.797074182501
-11707.781354709075
-11707.779242252904
-11707.768948909421
