-11708.943682304214
-11708.937596889298
-11708.928913580110
-11708.926105291786
-11708.918075515881
-11708.917801268526
-11708.911980660969
-11708.909142627766
-11708.907365274563
-11708.904038812150
-11708.904026479533
-11708.902393975975
-11708.899706140492
-11708.897263147686
-11708.895340385870
-11708.894457411941
-11708.888511122130
-11708.888119797766
-11708.884274642129
-11708.881734076833
-11708.881305640567
-11708.880415008520
-11708.876626635563
-11708.873649572699
-11708.843822566210
-11708.840184070084
-11708.840101773594
-11708.837378788521
-11708.832463327648
-11708.830277379151
-11708.828420569254
-11708.827214939107
-11708.824991179776
-11708.824586842480
-11708.824451189001
-11708.823062033169
-11708.822647370805
-11708.822384486413
-11708.821784119782
-11708.820594691697
-11708.816503065367
-11708.815902207365
-11708.814651599729
-11708.813889426516
-11708.810759632743
-11708.808535395005
-11708.807463771787
-11708.807435134431
-11708.806935498047
-11708.806357363708
-11708.805175648771
-11708.804984059490
-11708.803608863920
-11708.803477230054
-11708.801108000560
-11708.800096503286
-11708.800078409749
-11708.797923498556
-11708.797218597565
-11708.796401747126
-11708.793560133052
-11708.792962082169
-11708.792705994772
-11708.792453414591
-11708.792091995749
-11708.791368089202
-11708.790882726702
-11708.790056295802
-11708.788637836382
-11708.788577384570
-11708.788483486027
-11708.787161212686
-11708.786475361625
-11708.785679408469
-11708.785530654857
-11708.783839032290
-11708.783415624544
-11708.783130354832
-11708.783004128894
-11708.781107670136
-11708.780776726509
-11708.780219897129
-11708.779541073847
-11708.778920899407
-11708.778678808725
-11708.777359800284
-11708.776991989162
-11708.776872794540
-11708.776422930307
-11708.775750793295
-11708.774711639195
-11708.774432787259
-11708.773463679050
-11708.771946888208
-11708.771880023603
-11708.770724540072
-11708.770403062617
-11708.768965081170
-11708.766531327296
-11708.766087061063
-11708.764577718190
-11708.763886188268
-11708.763848136396
-11708.761338509632
-11708.761260206609
-11708.761161134042
-11708.760944756375
-11708.759969569861
-11708.757317571781
-11708.756771970297
-11708.753961813411
-11708.753767167938
-11708.752786105859
-11708.752016556766
-11708.751521055541
-11708.751103127048
-11708.750921702613
-11708.750264209284
-11708.747688650652
-11708.747038911120
-11708.746753598254
-11708.746297512695
-11708.745466798911
-11708.745039679581
-11708.744007640966
-11708.743088770145
-11708.742328082039
-11708.742327912729
-11708.740222753800
-11708.739783774676
-11708.736422807002
-11708.736283106202
-11708.735203928241
-11708.735080042305
-11708.734651791308
-11708.733774803901
-11708.731636480345
-11708.731512014265
-11708.729433443057
-11708.729154192521
-11708.729042100131
-11708.728645884688
-11708.728037314520
-11708.727827479590
-11708.727367957354
-11708.727294424478
-11708.727245761011
-11708.726193016299
-11708.722087694001
-11708.721869632072
-11708.721200294020
-11708.719860621151
-11708.717325753118
-11708.717308089123
-11708.713471724914
-11708.712697910809
-11708.712591529795
-11708.712557316147
-11708.710566509735
-11708.709762693799
-11708.708882965984
-11708.708718042803
-11708.707898439163
-11708.707331148933
-11708.704922968995
-11708.704145855723
-11708.700288219417
-11708.699802796671
-11708.694947806962
-11708.693221801868
-11708.692802324713
-11708.691965001739
-11708.690020808470
-11708.689711302904
-11708.689395694073
-11708.688877316186
-11708.688834885701
-11708.687966492957
-11708.687035110503
-11708.686376734458
-11708.685700661530
-11708.685653647872
-11708.684777875305
-11708.683105745891
-11708.683063223149
-11708.682542344945
-11708.682329437639
-11708.682322568786
-11708.682250083812
-11708.681352174282
-11708.680690805810
-11708.680568154414
-11708.679798232291
-11708.679499731705
-11708.677525735744
-11708.676934489096
-11708.676278417437
-11708.675996038426
-11708.675892857380
-11708.675336935476
-11708.675296819853
-11708.674746956704
-11708.674384443448
-11708.674093547617
-11708.671872413212
-11708.671580257809
-11708.667321080355
-11708.666479894337
-11708.665627018809
-11708.662720796843
-11708.662471881406
-11708.661082396728
-11708.658716750644
-11708.658661596510
-11708.658654684476
-11708.658288407669
-11708.658048383029
-11708.657554106769
-11708.657243434896
-11708.657003692439
-11708.654788932405
-11708.653028644394
-11708.651388732238
-11708.649760648575
-11708.648456516496
-11708.647568151160
-11708.647410447633
-11708.647359725488
-11708.645161572445
-11708.644446486182
-11708.643477390580
-11708.642645593980
-11708.638440267458
-11708.637100458729
-11708.635739092300
-11708.633485752509
-11708.630833894003
-11708.630024210255
-11708.628214897168
-11708.627751715199
-11708.627525383490
-11708.626895648460
-11708.626366923452
-11708.626034509240
-11708.625864700451
-11708.624989628372
-11708.624460682184
-11708.623603078593
-11708.616130843537
-11708.615231598860
-11708.611993206632
-11708.611558094850
-11708.606999587844
-11708.605847733841
-11708.601948293064
-11708.601443914404
-11708.601325780526
-11708.600348296141
-11708.600144908345
-11708.599843133868
-11708.599425769245
-11708.599220969236
-11708.597581883405
-11708.596549068492
-11708.596337883793
-11708.595491110324
-11708.594579330775
-11708.592474653138
-11708.586628590503
-11708.586366781272
-11708.585740844983
-11708.585611099679
-11708.584913771492
-11708.583724408745
-11708.583531695598
-11708.583354174136
-11708.581748631032
-11708.581747185392
-11708.580547534333
-11708.580033056533
-11708.576909918726
-11708.576475482765
-11708.572760600282
-11708.571948900004
-11708.570303017699
-11708.568156839232
-11708.567719604640
-11708.566437288247
-11708.563996674831
-11708.562720749493
-11708.561945332778
-11708.560913603682
-11708.560328780459
-11708.560067318202
-11708.558255988391
-11708.557584273360
-11708.556940485487
-11708.556778378123
-11708.555566068819
-11708.554873332891
-11708.553819111359
-11708.553658254510
-11708.547810817343
-11708.544587588778
-11708.538050011402
-11708.536786219387
-11708.532644983075
-11708.532190920067
-11708.530262930035
-11708.530038067345
-11708.529565213548
-11708.529074964421
-11708.520207509275
-11708.520181766220
-11708.519882197279
-11708.519872588306
-11708.514870096353
-11708.514228081196
-11708.513671353634
-11708.513055167574
-11708.512532887902
-11708.511608446723
-11708.510954156383
-11708.507984757493
-11708.507982495939
-11708.505676387651
-11708.504702996825
-11708.504551180007
-11708.503257960239
-11708.502698539356
-11708.502586693608
-11708.502147390245
-11708.501767824504
-11708.500855096734
-11708.500206088827
-11708.499707761395
-11708.496749651478
-11708.494882798208
-11708.494870025146
-11708.492913183069
-11708.489801127862
-11708.488576877517
-11708.482205916893
-11708.481547716916
-11708.481296816239
-11708.480229278821
-11708.478903209681
-11708.477446145491
-11708.476691929129
-11708.475124292270
-11708.466222968607
-11708.465818322667
-11708.461662495740
-11708.459173519308
-11708.457171955095
-11708.455899049688
-11708.453335966462
-11708.452501224534
-11708.445833775415
-11708.445121553797
-11708.444893641854
-11708.444143562090
-11708.434297135151
-11708.432609190366
-11708.415227092120
-11708.414305236016
-11708.407889585487
-11708.406267879056
-11708.401765367555
-11708.400628934751
-11708.395532407485
-11708.394460737201
-11708.367562062273
-11708.366622200068
-11708.352917522941
-11708.351386980243
-11708.334408005396
-11708.333185008485
-11708.322438869813
-11708.321817946744
-11708.321247148649
-11708.320251949830
-11708.311878011295
-11708.310861182190
-11708.308843525840
-11708.307500527995
-11708.293891676245
-11708.292758338754
-11708.190084505119
-11708.188840067971
-11708.174485067351
-11708.173096984017
-11708.172338786382
-11708.171259748680
-11708.161919566937
-11708.160969897101
