-11709.118784648495
-11709.105598323478
-11709.096184836921
-11709.088940086984
-11709.083358374170
-11709.079208603114
-11709.079161678177
-11709.073890426460
-11709.066652865651
-11709.061131660827
-11709.057749074565
-11709.055625240659
-11709.020478809729
-11709.017063628638
-11709.009013802215
-11709.006805587860
-11709.003023405618
-11709.001269227356
-11709.000906153933
-11709.000887651206
-11708.994022524330
-11708.993429543245
-11708.987385079225
-11708.986430391486
-11708.985237158407
-11708.982807836146
-11708.982658358922
-11708.978559028898
-11708.977968556954
-11708.975302300589
-11708.970917948354
-11708.970377856635
-11708.969869091297
-11708.968475169931
-11708.968079060067
-11708.967594276604
-11708.964396872936
-11708.962347861621
-11708.962301996356
-11708.959930671486
-11708.958772406897
-11708.958409563573
-11708.956512192884
-11708.956054632892
-11708.955027742106
-11708.952823486259
-11708.950519500888
-11708.950256717942
-11708.949817279912
-11708.944642142998
-11708.941654688560
-11708.941502891579
-11708.941331505515
-11708.939218777932
-11708.934849581936
-11708.931746518165
-11708.931206390138
-11708.930810088399
-11708.929522334887
-11708.925753457219
-11708.924581078036
-11708.924187675364
-11708.921953452200
-11708.920008098876
-11708.919953297642
-11708.914054292847
-11708.913686548545
-11708.913527843979
-11708.910285315829
-11708.907860978545
-11708.907301511876
-11708.906372980293
-11708.906312835610
-11708.905440924871
-11708.900840499000
-11708.899082289696
-11708.895899916330
-11708.891654614514
-11708.891155483154
-11708.888743199959
-11708.886722057052
-11708.886633265960
-11708.883139974707
-11708.878544377814
-11708.872331683160
-11708.871244869169
-11708.867761818448
-11708.867499611009
-11708.866503770232
-11708.865700135657
-11708.864943895187
-11708.861844449120
-11708.861696313759
-11708.860786729858
-11708.859818249519
-11708.859454165877
-11708.859198935383
-11708.855607658814
-11708.854746808991
-11708.853926204196
-11708.853895843355
-11708.851971664964
-11708.851588186282
-11708.845635111798
-11708.842354145931
-11708.840737584889
-11708.837148765646
-11708.836640442683
-11708.836366550826
-11708.836305901332
-11708.833174274487
-11708.829099351522
-11708.826683167285
-11708.825079273151
-11708.824928702046
-11708.822113165221
-11708.816433130885
-11708.813913955037
-11708.809170623153
-11708.805768721031
-11708.805630713779
-11708.805150864011
-11708.804724016751
-11708.803222802908
-11708.794196144925
-11708.790891991292
-11708.785098463039
-11708.779483954493
-11708.778823855493
-11708.778450742409
-11708.777002142057
-11708.776621402803
-11708.775745421044
-11708.773184293597
-11708.764548084166
-11708.764546437602
-11708.763412648914
-11708.762081100551
-11708.759805537671
-11708.759485311350
-11708.755903464469
-11708.751798543562
-11708.747148945245
-11708.745671269435
-11708.741926638661
-11708.739903495636
-11708.739128693844
-11708.736424629640
-11708.735478405504
-11708.734476815076
-11708.733623239044
-11708.724872717854
-11708.716140162636
-11708.711004712643
-11708.708860088724
-11708.708555177776
-11708.698775316461
-11708.698733769817
-11708.693197860661
-11708.691190550933
-11708.690861529130
-11708.688751736316
-11708.685539966355
-11708.683981920367
-11708.681580472336
-11708.680878164789
-11708.680809634952
-11708.678885576814
-11708.674044418307
-11708.673624776222
-11708.668075392136
-11708.660050680477
-11708.658499946618
-11708.658371409685
-11708.655029390351
-11708.644878600437
-11708.639169257682
-11708.635868057258
-11708.631658528957
-11708.624542673724
-11708.623154117849
-11708.612617731827
-11708.593575581883
-11708.586155300465
-11708.580150988220
-11708.573962491986
-11708.545962323436
-11708.531288922613
-11708.512840794570
-11708.500888700151
-11708.500231342245
-11708.490292947496
-11708.487252454934
-11708.472414899401
-11708.368750845932
-11708.353066019403
-11708.350938361762
-11708.340703097074
