  -15756.150525 0 0.0 2000 0.13333333D-05 0.92376043D+02  75.0 65.00000000  0
   1
  1 0 0.0 1-2435.960727-2812.304605  2.00000000
  2 0 0.0 1 -411.973047 -700.273551  2.00000000
  2 1 1.0 1 -394.808997 -699.703430  2.00000000
  2 1 1.0 1 -394.808997 -699.703430  2.00000000
  2 1 1.0 1 -394.808997 -699.703430  2.00000000
  3 0 0.0 1 -101.336131 -302.544201  2.00000000
  3 1 1.0 1  -93.320004 -300.628232  2.00000000
  3 1 1.0 1  -93.320004 -300.628232  2.00000000
  3 1 1.0 1  -93.320004 -300.628232  2.00000000
  3 2 2.0 1  -78.583662 -298.370441  2.00000000
  3 2 2.0 1  -78.583662 -298.370441  2.00000000
  3 2 2.0 1  -78.583662 -298.370441  2.00000000
  3 2 2.0 1  -78.583662 -298.370441  2.00000000
  3 2 2.0 1  -78.583662 -298.370441  2.00000000
  4 0 0.0 1  -26.538884 -153.088771  2.00000000
  4 1 1.0 1  -23.098315 -149.317712  2.00000000
  4 1 1.0 1  -23.098315 -149.317712  2.00000000
  4 1 1.0 1  -23.098315 -149.317712  2.00000000
  4 2 2.0 1  -16.863666 -141.711075  2.00000000
  4 2 2.0 1  -16.863666 -141.711075  2.00000000
  4 2 2.0 1  -16.863666 -141.711075  2.00000000
  4 2 2.0 1  -16.863666 -141.711075  2.00000000
  4 2 2.0 1  -16.863666 -141.711075  2.00000000
  4 3 3.0 1   -8.600773 -126.974488  2.00000000
  4 3 3.0 1   -8.600773 -126.974488  2.00000000
  4 3 3.0 1   -8.600773 -126.974488  2.00000000
  4 3 3.0 1   -8.600773 -126.974488  2.00000000
  4 3 3.0 1   -8.600773 -126.974488  2.00000000
  4 3 3.0 1   -8.600773 -126.974488  2.00000000
  4 3 3.0 1   -8.600773 -126.974488  2.00000000
  5 0 0.0 1   -8.461883  -75.726058  2.00000000
  5 1 1.0 1   -7.470461  -71.624299  1.00000000
  5 1 1.0 1   -7.470461  -71.624299  1.00000000
  5 1 1.0 1   -7.470461  -71.624299  1.00000000
    0    0    0    0
