Gd    S
      6.923160E+07           3.1596300E-04         -1.6611200E-04          9.3039200E-05          0.0000000E+00          0.0000000E+00         -2.2040000E-05          1.1467300E-05          1.8665000E-05         -1.0325600E-05         -5.6625500E-06          1.4689100E-05          1.7924500E-05          0.0000000E+00
      1.843015E+07           3.0979900E-04         -1.6290600E-04          9.1256900E-05          0.0000000E+00          0.0000000E+00         -2.1618900E-05          1.1248100E-05          1.8303800E-05         -1.0128100E-05         -5.5543300E-06          1.4407500E-05          1.7592600E-05          0.0000000E+00
      6.323406E+06           8.9151600E-04         -4.6902800E-04          2.6282800E-04          0.0000000E+00          0.0000000E+00         -6.2271600E-05          3.2399100E-05          5.2744800E-05         -2.9173800E-05         -1.5998700E-05          4.1504100E-05          5.0622600E-05          0.0000000E+00
      2.418291E+06           1.2441600E-03         -6.5528900E-04          3.6747900E-04          0.0000000E+00          0.0000000E+00         -8.7088200E-05          4.5309800E-05          7.3712900E-05         -4.0797900E-05         -2.2374000E-05          5.8033200E-05          7.0922600E-05          0.0000000E+00
      1.011436E+06           2.4790000E-03         -1.3074800E-03          7.3391700E-04          0.0000000E+00          0.0000000E+00         -1.7398700E-04          9.0519600E-05          1.4744100E-04         -8.1511300E-05         -4.4698700E-05          1.1597500E-04          1.4127000E-04          0.0000000E+00
      4.468353E+05           3.8369800E-03         -2.0290100E-03          1.1409200E-03          0.0000000E+00          0.0000000E+00         -2.7062600E-04          1.4079000E-04          2.2888600E-04         -1.2676700E-04         -6.9522000E-05          1.8029600E-04          2.2083900E-04          0.0000000E+00
      2.065872E+05           6.7983400E-03         -3.6067800E-03          2.0326000E-03          0.0000000E+00          0.0000000E+00         -4.8251500E-04          2.5101200E-04          4.0938900E-04         -2.2605200E-04         -1.2395000E-04          3.2171800E-04          3.9063300E-04          0.0000000E+00
      9.875781E+04           1.0963700E-02         -5.8484300E-03          3.3077600E-03          0.0000000E+00          0.0000000E+00         -7.8613300E-04          4.0891000E-04          6.6372500E-04         -3.6816700E-04         -2.0192000E-04          5.2346400E-04          6.4434800E-04          0.0000000E+00
      4.856443E+04           1.8740700E-02         -1.0070100E-02          5.7234200E-03          0.0000000E+00          0.0000000E+00         -1.3626000E-03          7.0870000E-04          1.1589600E-03         -6.3835000E-04         -3.4996200E-04          9.0901700E-04          1.0967200E-03          0.0000000E+00
      2.442496E+04           3.1003600E-02         -1.6854000E-02          9.6517000E-03          0.0000000E+00          0.0000000E+00         -2.3035100E-03          1.1977700E-03          1.9386500E-03         -1.0783600E-03         -5.9146100E-04          1.5323800E-03          1.9030000E-03          0.0000000E+00
      1.252538E+04           5.2421900E-02         -2.8982000E-02          1.6780700E-02          0.0000000E+00          0.0000000E+00         -4.0205200E-03          2.0901400E-03          3.4339000E-03         -1.8833200E-03         -1.0321500E-03          2.6845100E-03          3.2054100E-03          0.0000000E+00
      6.537632E+03           8.5961300E-02         -4.8841000E-02          2.8769300E-02          0.0000000E+00          0.0000000E+00         -6.9327700E-03          3.6021500E-03          5.8052600E-03         -3.2429300E-03         -1.7787700E-03          4.6045900E-03          5.7993900E-03          0.0000000E+00
      3.471048E+03           1.3602500E-01         -8.0693800E-02          4.8812100E-02          0.0000000E+00          0.0000000E+00         -1.1874200E-02          6.1662300E-03          1.0212100E-02         -5.5599800E-03         -3.0451600E-03          7.9390700E-03          9.3242400E-03          0.0000000E+00
      1.873554E+03           1.9334800E-01         -1.2339000E-01          7.7853600E-02          0.0000000E+00          0.0000000E+00         -1.9221200E-02          9.9687100E-03          1.5944000E-02         -8.9755600E-03         -4.9228200E-03          1.2726800E-02          1.6461000E-02          0.0000000E+00
      1.027361E+03           2.2759300E-01         -1.6308200E-01          1.0953300E-01          0.0000000E+00          0.0000000E+00         -2.7684600E-02          1.4338500E-02          2.4239000E-02         -1.2953800E-02         -7.0821700E-03          1.8581000E-02          2.0900600E-02          0.0000000E+00
      5.715133E+02           1.9025200E-01         -1.5723600E-01          1.1343700E-01          0.0000000E+00          0.0000000E+00         -2.9501500E-02          1.5242100E-02          2.3394200E-02         -1.3714300E-02         -7.5277100E-03          1.9297500E-02          2.7892000E-02          0.0000000E+00
      3.218489E+02           9.9414500E-02         -5.0262100E-02          2.6690400E-02          0.0000000E+00          0.0000000E+00         -6.1207900E-03          3.2051300E-03          8.5881100E-03         -2.9566400E-03         -1.5850300E-03          4.7145300E-03         -3.2300600E-03          0.0000000E+00
      1.820648E+02           5.4207600E-02          1.6376400E-01         -2.1708600E-01          0.0000000E+00          0.0000000E+00          7.1028200E-02         -3.6311400E-02         -6.9352300E-02          3.3251800E-02          1.7969200E-02         -4.9034600E-02         -4.2743400E-02          0.0000000E+00
      1.052926E+02           6.6111700E-02          3.1513800E-01         -5.1669600E-01          0.0000000E+00          0.0000000E+00          1.9103500E-01         -9.7272700E-02         -1.5056800E-01          8.8649200E-02          4.8177200E-02         -1.2533300E-01         -2.0568800E-01          0.0000000E+00
      6.164459E+01           4.9466000E-02          2.3584200E-01         -5.1181000E-01          0.0000000E+00          0.0000000E+00          2.1280900E-01         -1.0857800E-01         -2.2944400E-01          1.0162600E-01          5.3914100E-02         -1.5417600E-01         -9.7879000E-02          0.0000000E+00
      3.648822E+01           2.1952400E-02          1.1164300E-01         -5.0206400E-02          0.0000000E+00          0.0000000E+00          8.7119800E-03         -5.7624800E-03          7.3174300E-02          1.6466300E-03          2.9289900E-03          1.4924000E-02         -2.6877700E-01          0.0000000E+00
      2.311950E+01           2.0280000E-02          1.3779200E-01          4.8464500E-01          0.0000000E+00          0.0000000E+00         -3.9844200E-01          2.1227700E-01          2.3643500E-01         -1.9564100E-01         -1.0703900E-01          2.5384100E-01          1.0067200E+00          0.0000000E+00
      1.504288E+01           2.1536600E-02          1.4211700E-01          5.4684300E-01          0.0000000E+00          0.0000000E+00         -6.0590800E-01          3.3479100E-01          1.3837200E+00         -3.7381500E-01         -1.7052400E-01          6.9413000E-01          5.2303000E-01          0.0000000E+00
      1.233283E+01           0.0000000E+00          0.0000000E+00          0.0000000E+00          1.0000000E+00          0.0000000E+00          0.0000000E+00          0.0000000E+00          0.0000000E+00          0.0000000E+00          0.0000000E+00          0.0000000E+00          0.0000000E+00          0.0000000E+00
      9.682888E+00           1.0773100E-02          7.5513000E-02          2.9763200E-01          0.0000000E+00          0.0000000E+00         -3.0154000E-01          1.5523700E-01         -5.5617500E-01         -1.2424000E-01         -7.7736500E-02          4.3493900E-02          4.8917200E-01          0.0000000E+00
      7.789695E+00           0.0000000E+00          0.0000000E+00          0.0000000E+00          0.0000000E+00          1.0000000E+00          0.0000000E+00          0.0000000E+00          0.0000000E+00          0.0000000E+00          0.0000000E+00          0.0000000E+00          0.0000000E+00          0.0000000E+00
      5.766888E+00           2.0721200E-03          1.2069200E-02          3.0547000E-02          0.0000000E+00          0.0000000E+00          3.8128700E-01         -2.4463900E-01         -8.5370300E-01          3.5168000E-01          1.2770100E-01         -6.6986200E-01         -4.0964200E+00          0.0000000E+00
      3.535186E+00          -6.4620100E-04         -4.2553900E-03         -4.1860800E-02          0.0000000E+00          0.0000000E+00          6.8384600E-01         -5.6928700E-01         -4.3351100E+00          7.8006900E-01          3.1627300E-01         -1.5928700E+00         -1.0323700E+00          0.0000000E+00
      2.117304E+00          -1.1253500E-04         -1.7515700E-03         -2.0066800E-02          0.0000000E+00          0.0000000E+00          3.3927500E-01         -4.2886700E-01          7.0824300E+00          5.2468500E-01          2.5078900E-01          1.6951400E-01          1.1835200E+01          0.0000000E+00
      1.220142E+00          -1.1652000E-04         -5.3803800E-04         -4.2512900E-03          0.0000000E+00          0.0000000E+00          6.5662600E-02          1.1843500E-01          3.6246900E-01         -1.2541800E+00         -8.6681400E-02          3.2899800E+00         -1.2702700E+01          0.0000000E+00
      6.935180E-01           2.7573500E-05         -4.1930800E-05         -1.0223500E-03          0.0000000E+00          0.0000000E+00          4.2433600E-02          5.4210000E-01         -6.2523400E+00         -1.0049500E+00         -3.7668200E-01         -5.6862100E-01          2.1001100E+00          0.0000000E+00
      3.921002E-01          -3.6432600E-05         -1.4765200E-04         -1.1716400E-03          0.0000000E+00          0.0000000E+00          3.3876800E-02          4.2536600E-01          2.0477700E+00          3.2886900E-01         -4.0679500E-01         -2.3144800E+00          6.4825700E+00          0.0000000E+00
      2.218203E-01           1.3272500E-05          9.0795600E-06         -1.2734300E-04          0.0000000E+00          0.0000000E+00          7.7311100E-03          8.2962400E-02          3.1026500E+00          5.9273200E-01         -2.2710700E-01         -6.0643300E-01         -3.6728000E+00          0.0000000E+00
      1.297452E-01          -8.1993400E-06         -1.8928200E-05         -8.8207800E-05          0.0000000E+00          0.0000000E+00          1.5178300E-03          3.4210000E-02         -1.1108800E+00          8.7786200E-01          9.2726200E-02          1.7122200E+00         -2.8936900E+00          0.0000000E+00
      6.459418E-02           2.0290900E-06         -1.8448700E-06         -5.1881900E-05          0.0000000E+00          0.0000000E+00          3.6442200E-03          1.2201900E-01         -1.7179200E+00          1.1322900E-01          4.7695000E-01          8.3302300E-01          3.1900400E+00          0.0000000E+00
      3.263654E-02          -1.9186100E-06         -1.0033900E-05         -8.3510000E-05          0.0000000E+00          0.0000000E+00          3.9760800E-03          1.3275800E-01          4.9133900E-01         -6.5253400E-01          5.2322600E-01         -7.2827500E-01          3.3188900E-01          0.0000000E+00
      1.620678E-02           3.5267700E-08         -1.3875200E-06         -1.6135000E-05          0.0000000E+00          0.0000000E+00          9.1882400E-04          3.0867400E-02          5.9403000E-01         -2.9827100E-01          1.2213600E-01         -4.5731500E-01         -1.2206000E+00          1.0000000E+00
Gd    P
      4.577294E+07           4.2867200E-06         -3.5274200E-06          0.0000000E+00          0.0000000E+00          9.8340400E-07         -4.5484700E-07         -8.1259100E-07          3.3017500E-07         -5.3866000E-07         -8.5512700E-07          1.0342500E-07          0.0000000E+00
      1.126791E+07           7.5071900E-06         -6.1796100E-06          0.0000000E+00          0.0000000E+00          1.7232300E-06         -7.9701800E-07         -1.4208800E-06          5.7862200E-07         -9.4375800E-07         -1.4935500E-06          1.8122900E-07          0.0000000E+00
      3.184119E+06           2.1016600E-05         -1.7305600E-05          0.0000000E+00          0.0000000E+00          4.8268900E-06         -2.2325200E-06         -3.9934700E-06          1.6205300E-06         -2.6442000E-06         -4.2050300E-06          5.0764300E-07          0.0000000E+00
      9.956591E+05           4.7179200E-05         -3.8877400E-05          0.0000000E+00          0.0000000E+00          1.0849700E-05         -5.0179200E-06         -8.9303100E-06          3.6432900E-06         -5.9412200E-06         -9.3793400E-06          1.1410000E-06          0.0000000E+00
      3.369002E+05           1.1347400E-04         -9.3586500E-05          0.0000000E+00          0.0000000E+00          2.6132700E-05         -1.2086500E-05         -2.1688200E-05          8.7722600E-06         -1.4319100E-05         -2.2874300E-05          2.7483500E-06          0.0000000E+00
      1.218174E+05           2.6908400E-04         -2.2226200E-04          0.0000000E+00          0.0000000E+00          6.2133100E-05         -2.8733700E-05         -5.0927000E-05          2.0867500E-05         -3.4014000E-05         -5.3369200E-05          6.5336900E-06          0.0000000E+00
      4.675825E+04           6.6244000E-04         -5.4817200E-04          0.0000000E+00          0.0000000E+00          1.5343800E-04         -7.0961900E-05         -1.2808700E-04          5.1491700E-05         -8.4110400E-05         -1.3554100E-04          1.6136600E-05          0.0000000E+00
      1.900805E+04           1.6673800E-03         -1.3839900E-03          0.0000000E+00          0.0000000E+00          3.8824000E-04         -1.7951200E-04         -3.1616900E-04          1.3042300E-04         -2.1245100E-04         -3.3010300E-04          4.0819800E-05          0.0000000E+00
      8.177681E+03           4.2943100E-03         -3.5792400E-03          0.0000000E+00          0.0000000E+00          1.0070600E-03         -4.6568300E-04         -8.4699400E-04          3.3782900E-04         -5.5235700E-04         -9.0031800E-04          1.0590200E-04          0.0000000E+00
      3.714540E+03           1.1096200E-02         -9.3146100E-03          0.0000000E+00          0.0000000E+00          2.6339000E-03         -1.2174400E-03         -2.1313900E-03          8.8500900E-04         -1.4408200E-03         -2.2171600E-03          2.7685800E-04          0.0000000E+00
      1.772283E+03           2.8023200E-02         -2.3795800E-02          0.0000000E+00          0.0000000E+00          6.7844200E-03         -3.1359400E-03         -5.7474300E-03          2.2749000E-03         -3.7234100E-03         -6.1384900E-03          7.1325700E-04          0.0000000E+00
      8.825461E+02           6.6024600E-02         -5.7216600E-02          0.0000000E+00          0.0000000E+00          1.6543400E-02         -7.6406400E-03         -1.3321400E-02          5.5591900E-03         -9.0491100E-03         -1.3824100E-02          1.7379700E-03          0.0000000E+00
      4.556431E+02           1.3615900E-01         -1.2167100E-01          0.0000000E+00          0.0000000E+00          3.5931400E-02         -1.6591500E-02         -3.0823700E-02          1.2041900E-02         -1.9752500E-02         -3.3174100E-02          3.7752100E-03          0.0000000E+00
      2.421035E+02           2.2668900E-01         -2.1131500E-01          0.0000000E+00          0.0000000E+00          6.4217400E-02         -2.9617600E-02         -5.0954500E-02          2.1590800E-02         -3.5109000E-02         -5.2445500E-02          6.7409900E-03          0.0000000E+00
      1.317300E+02           2.7179500E-01         -2.5850700E-01          0.0000000E+00          0.0000000E+00          7.9656100E-02         -3.6758200E-02         -7.2082900E-02          2.6648600E-02         -4.4031600E-02         -7.9784300E-02          8.3691300E-03          0.0000000E+00
      7.275022E+01           2.0914400E-01         -1.2094500E-01          0.0000000E+00          0.0000000E+00          1.8454400E-02         -8.4766200E-03          1.4921600E-04          6.2609200E-03         -8.9359300E-03          1.1355400E-02          1.8917500E-03          0.0000000E+00
      4.052936E+01           1.2684300E-01          2.1653900E-01          0.0000000E+00          0.0000000E+00         -1.5175400E-01          7.0171800E-02          1.1193500E-01         -5.3003700E-02          8.6889600E-02          1.0080100E-01         -1.6140700E-02          0.0000000E+00
      2.307740E+01           1.1334000E-01          4.7213700E-01          0.0000000E+00          0.0000000E+00         -3.3424800E-01          1.5845500E-01          4.0098000E-01         -1.1808900E-01          2.0471700E-01          5.2953300E-01         -3.6704900E-02          0.0000000E+00
      1.335775E+01           7.5577800E-02          3.3514200E-01          1.0000000E+00          0.0000000E+00         -2.0458300E-01          9.0218800E-02          5.8717500E-02         -7.1286200E-02          1.1326700E-01         -4.9826000E-02         -2.0685500E-02          0.0000000E+00
      7.753092E+00           1.9954900E-02          8.1712600E-02          0.0000000E+00          1.0000000E+00          2.4321300E-01         -1.4142700E-01         -4.7889600E-01          1.3513400E-01         -2.7274900E-01         -7.4487400E-01          3.4573000E-02          0.0000000E+00
      4.398293E+00           9.6813800E-05         -1.5330400E-02          0.0000000E+00          0.0000000E+00          5.2960100E-01         -3.1974100E-01         -1.2544200E+00          2.5605600E-01         -4.8332700E-01         -1.8498300E+00          8.0030700E-02          0.0000000E+00
      2.486183E+00          -1.3502300E-03         -1.6007800E-02          0.0000000E+00          0.0000000E+00          3.5215800E-01         -2.3705300E-01          1.2179400E+00          2.3633600E-01         -2.8585100E-01          4.9261800E+00          5.9289500E-02          0.0000000E+00
      1.373227E+00          -2.9583600E-04         -4.0484900E-03          0.0000000E+00          0.0000000E+00          9.2396500E-02          1.2495700E-01          1.8730400E+00         -3.9126600E-01          1.1749400E+00         -3.1054600E+00         -4.6063800E-02          0.0000000E+00
      7.420750E-01          -8.7915700E-05         -8.1255600E-04          0.0000000E+00          0.0000000E+00          2.6985600E-02          4.3720200E-01         -2.4444000E+00         -5.4249100E-01          5.4674500E-01         -1.8320500E+00         -1.3964000E-01          0.0000000E+00
      4.002429E-01          -2.4195600E-05         -5.0610400E-04          0.0000000E+00          0.0000000E+00          2.1410600E-02          4.3049400E-01         -4.2368000E-01         -2.9069300E-02         -9.9540100E-01          4.0993100E+00         -1.6680600E-01          0.0000000E+00
      2.127324E-01          -2.2439600E-05         -2.1056100E-04          0.0000000E+00          0.0000000E+00          8.8220800E-03          1.8801800E-01          1.6260200E+00          3.1246700E-01         -7.1688200E-01         -1.9219900E+00         -7.5964400E-02          0.0000000E+00
      1.021071E-01           1.7780100E-06         -2.6003600E-05          0.0000000E+00          0.0000000E+00          1.3096000E-03          2.7032000E-02         -2.2123400E-02          5.2690300E-01          5.5832500E-01         -9.3582900E-01          2.1822200E-01          0.0000000E+00
      5.060605E-02          -2.0696900E-06         -1.4841000E-06          0.0000000E+00          0.0000000E+00          9.8155400E-06          1.0736000E-03         -6.8546000E-01          2.5458100E-01          4.8924900E-01          1.0707500E+00          4.9980500E-01          0.0000000E+00
      2.530620E-02           9.0997900E-07         -2.8527400E-07          0.0000000E+00          0.0000000E+00          4.9736000E-05          7.8009300E-04         -1.2800700E-02          2.6742500E-02          3.1709600E-02          1.4480100E-02          3.7123400E-01          0.0000000E+00
      1.260472E-02          -2.5629900E-07         -3.5322900E-10          0.0000000E+00          0.0000000E+00         -9.6418800E-06         -1.2146300E-04         -1.7015700E-02          8.7882400E-04          6.2139500E-03          3.2029900E-02          6.5348500E-02          1.0000000E+00
Gd    D
      3.537730E+04           1.4664400E-05          0.0000000E+00          0.0000000E+00         -6.7378700E-06          1.6246700E-06          2.8338100E-06          3.2966300E-06          3.5178400E-06         -6.6156400E-06          0.0000000E+00
      8.721550E+03           1.0352100E-04          0.0000000E+00          0.0000000E+00         -4.7564200E-05          1.1456600E-05          1.9801200E-05          2.9001400E-05          3.9179600E-05         -2.3462400E-05          0.0000000E+00
      2.992095E+03           5.7165600E-04          0.0000000E+00          0.0000000E+00         -2.6345000E-04          6.3557100E-05          1.1098700E-04          1.2467000E-04          1.2681200E-04         -2.7508500E-04          0.0000000E+00
      1.222639E+03           2.6784000E-03          0.0000000E+00          0.0000000E+00         -1.2370900E-03          2.9815900E-04          5.1523600E-04          7.5102400E-04          1.0115100E-03         -6.2810100E-04          0.0000000E+00
      5.584783E+02           1.0670900E-02          0.0000000E+00          0.0000000E+00         -4.9613200E-03          1.1980700E-03          2.0899200E-03          2.3869900E-03          2.4827700E-03         -4.9762800E-03          0.0000000E+00
      2.751934E+02           3.5080400E-02          0.0000000E+00          0.0000000E+00         -1.6434800E-02          3.9679400E-03          6.8597500E-03          9.8869500E-03          1.3188200E-02         -8.8864800E-03          0.0000000E+00
      1.427508E+02           9.3860000E-02          0.0000000E+00          0.0000000E+00         -4.4704800E-02          1.0827200E-02          1.8842000E-02          2.1487900E-02          2.2396700E-02         -4.5005900E-02          0.0000000E+00
      7.694398E+01           1.9626500E-01          0.0000000E+00          0.0000000E+00         -9.4451700E-02          2.2870700E-02          3.9581800E-02          5.8744900E-02          8.0165900E-02         -4.6843900E-02          0.0000000E+00
      4.243062E+01           3.0472300E-01          0.0000000E+00          0.0000000E+00         -1.4353200E-01          3.4741700E-02          6.1388900E-02          6.3761700E-02          5.5885200E-02         -1.6784500E-01          0.0000000E+00
      2.378767E+01           3.2500900E-01          0.0000000E+00          0.0000000E+00         -1.3223500E-01          3.1143100E-02          5.4514900E-02          1.1034300E-01          1.9015100E-01         -3.2724300E-02          0.0000000E+00
      1.341403E+01           1.9665600E-01          1.0000000E+00          0.0000000E+00          3.9509400E-02         -1.5244900E-02         -2.4728600E-02         -1.0731800E-01         -2.3369100E-01         -1.3078800E-01          0.0000000E+00
      7.488764E+00           5.3535000E-02          0.0000000E+00          1.0000000E+00          3.0012000E-01         -8.5665100E-02         -1.5838600E-01         -1.3603200E-01         -1.3981300E-01          1.2851100E+00          0.0000000E+00
      4.103708E+00           1.3093900E-03          0.0000000E+00          0.0000000E+00          4.2090500E-01         -1.1832700E-01         -2.1884200E-01         -5.6018600E-01         -1.0136800E+00         -5.8236400E-01          0.0000000E+00
      2.206525E+00          -2.6025700E-03          0.0000000E+00          0.0000000E+00          2.9063500E-01         -5.8336900E-02         -1.8707100E-01          3.6052100E-01          2.1673900E+00         -2.1147600E+00          0.0000000E+00
      1.138806E+00          -9.3409900E-04          0.0000000E+00          0.0000000E+00          9.2444800E-02          1.2190500E-01          6.6674900E-01          1.1972900E+00         -8.7790500E-01          3.5220600E+00          0.0000000E+00
      5.352784E-01          -6.8377400E-05          0.0000000E+00          0.0000000E+00          9.5390800E-03          3.2958900E-01          5.1038100E-01         -1.0779900E+00         -1.1035400E+00         -2.9247400E+00          0.0000000E+00
      2.391903E-01          -2.8635500E-06          0.0000000E+00          0.0000000E+00          3.9067200E-04          4.1515900E-01         -3.8751600E-01         -4.0792800E-01          1.6838800E+00          1.4949100E+00          0.0000000E+00
      1.024463E-01           5.7939000E-06          0.0000000E+00          0.0000000E+00          8.7849700E-05          3.0152700E-01         -4.5517300E-01          6.4550700E-01         -7.3404300E-01         -3.2933300E-02          0.0000000E+00
      4.150073E-02           1.6210400E-07          0.0000000E+00          0.0000000E+00          1.1426600E-05          8.5763200E-02         -1.2224600E-01          1.6383200E-01         -2.7048600E-01         -5.3822600E-01          1.0000000E+00
Gd    F
      5.687998E+02           0.0000000E+00          0.0000000E+00          0.0000000E+00          2.3254000E-04         -2.3643900E-04          2.6218800E-04         -4.0811200E-04         -5.1987600E-04          0.0000000E+00
      1.956137E+02           0.0000000E+00          0.0000000E+00          0.0000000E+00          2.1282600E-03         -2.2125900E-03          2.5108600E-03         -2.8733500E-03         -3.0399500E-03          0.0000000E+00
      8.420871E+01           0.0000000E+00          0.0000000E+00          0.0000000E+00          1.1289500E-02         -1.1577200E-02          1.2968300E-02         -1.8930200E-02         -2.3528700E-02          0.0000000E+00
      4.074521E+01           0.0000000E+00          0.0000000E+00          0.0000000E+00          3.8121000E-02         -3.9742300E-02          4.5007400E-02         -5.2074600E-02         -5.7810700E-02          0.0000000E+00
      2.091498E+01           0.0000000E+00          0.0000000E+00          0.0000000E+00          9.4905200E-02         -9.7861400E-02          1.1075600E-01         -1.6724700E-01         -2.0751400E-01          0.0000000E+00
      1.115541E+01           1.0000000E+00          0.0000000E+00          0.0000000E+00          1.8227500E-01         -1.8871300E-01          2.0618400E-01         -2.2284900E-01         -2.1862900E-01          0.0000000E+00
      6.535968E+00           0.0000000E+00          1.0000000E+00          0.0000000E+00          0.0000000E+00          0.0000000E+00          0.0000000E+00          0.0000000E+00          0.0000000E+00          0.0000000E+00
      5.963908E+00           0.0000000E+00          0.0000000E+00          0.0000000E+00          2.6388200E-01         -2.3069800E-01          1.7978400E-01         -2.5353100E-01         -1.9927800E-01          0.0000000E+00
      3.653029E+00           0.0000000E+00          0.0000000E+00          1.0000000E+00          0.0000000E+00          0.0000000E+00          0.0000000E+00          0.0000000E+00          0.0000000E+00          0.0000000E+00
      3.124400E+00           0.0000000E+00          0.0000000E+00          0.0000000E+00          3.0010200E-01         -1.7162100E-01          2.8031000E-02          5.2803300E-01          1.3134700E+00          0.0000000E+00
      1.583183E+00           0.0000000E+00          0.0000000E+00          0.0000000E+00          2.6410000E-01          1.4649600E-01         -5.9701600E-01          6.0064900E-01         -9.9051200E-01          0.0000000E+00
      7.651053E-01           0.0000000E+00          0.0000000E+00          0.0000000E+00          1.7672800E-01          4.3503200E-01         -2.3229000E-01         -9.4315100E-01         -4.0962700E-01          0.0000000E+00
      3.476696E-01           0.0000000E+00          0.0000000E+00          0.0000000E+00          7.9751400E-02          3.5331500E-01          4.9124500E-01         -8.6574600E-02          1.1757600E+00          0.0000000E+00
      1.471379E-01           0.0000000E+00          0.0000000E+00          0.0000000E+00          1.6918100E-02          1.5326000E-01          4.1940900E-01          6.0169800E-01         -6.9034700E-01          0.0000000E+00
      5.354545E-02           0.0000000E+00          0.0000000E+00          0.0000000E+00          7.4053300E-04          1.5077500E-02          6.1836000E-02          1.3198900E-01         -2.5092700E-01          1.0000000E+00
Gd    G
      2.398256E+01           1.0000000E+00          0.0000000E+00          0.0000000E+00          0.0000000E+00          0.0000000E+00          0.0000000E+00          0.0000000E+00
      1.006886E+01           0.0000000E+00          1.0000000E+00          0.0000000E+00          0.0000000E+00          0.0000000E+00          0.0000000E+00          0.0000000E+00
      5.079998E+00           0.0000000E+00          0.0000000E+00          1.0000000E+00          0.0000000E+00          0.0000000E+00          0.0000000E+00          0.0000000E+00
      2.332546E+00           0.0000000E+00          0.0000000E+00          0.0000000E+00          1.0000000E+00          0.0000000E+00          0.0000000E+00          0.0000000E+00
      1.071018E+00           0.0000000E+00          0.0000000E+00          0.0000000E+00          0.0000000E+00          1.0000000E+00          0.0000000E+00          0.0000000E+00
      3.571570E-01           0.0000000E+00          0.0000000E+00          0.0000000E+00          0.0000000E+00          0.0000000E+00          1.0000000E+00          0.0000000E+00
      1.535180E-01           0.0000000E+00          0.0000000E+00          0.0000000E+00          0.0000000E+00          0.0000000E+00          0.0000000E+00          1.0000000E+00
Gd    H
      1.074670E+01           1.0000000E+00          0.0000000E+00          0.0000000E+00          0.0000000E+00
      4.345423E+00           0.0000000E+00          1.0000000E+00          0.0000000E+00          0.0000000E+00
      1.570805E+00           0.0000000E+00          0.0000000E+00          1.0000000E+00          0.0000000E+00
      2.661980E-01           0.0000000E+00          0.0000000E+00          0.0000000E+00          1.0000000E+00
Gd    I
      2.062092E+00           1.0000000E+00

