   1.3822751979752665E-006  -9403401.5945287924     
   1.3947998477444208E-006  -9318951.0341306366     
   1.4074379820440571E-006  -9235258.8002361059     
   1.4201906291455367E-006  -9152318.0834281463     
   1.4330588266372786E-006  -9070122.1354350839     
   1.4460436215091809E-006  -8988664.2685815599     
   1.4591460702378062E-006  -8907937.8552444242     
   1.4723672388723408E-006  -8827936.3273134623     
   1.4857082031213301E-006  -8748653.1756570246     
   1.4991700484402000E-006  -8670081.9495924227     
   1.5127538701195753E-006  -8592216.2563610654     
   1.5264607733743922E-006  -8515049.7606083527     
   1.5402918734338238E-006  -8438576.1838681959     
   1.5542482956320160E-006  -8362789.3040522020     
   1.5683311754996499E-006  -8287682.9549434101     
   1.5825416588563296E-006  -8213251.0256946078     
   1.5968809019038098E-006  -8139487.4603311261     
   1.6113500713200681E-006  -8066386.2572581153     
   1.6259503443542271E-006  -7993941.4687722400     
   1.6406829089223402E-006  -7922147.2005777555     
   1.6555489637040427E-006  -7850997.6113069328     
   1.6705497182400797E-006  -7780486.9120447934     
   1.6856863930307173E-006  -7710609.3658581041     
   1.7009602196350457E-006  -7641359.2873286083     
   1.7163724407711826E-006  -7572731.0420904402     
   1.7319243104173829E-006  -7504719.0463717058     
   1.7476170939140666E-006  -7437317.7665401688     
   1.7634520680667692E-006  -7370521.7186530214     
   1.7794305212500273E-006  -7304325.4680106919     
   1.7955537535122026E-006  -7238723.6287146704     
   1.8118230766812585E-006  -7173710.8632292897     
   1.8282398144714926E-006  -7109281.8819474606     
   1.8448053025912382E-006  -7045431.4427602869     
   1.8615208888515413E-006  -6982154.3506305572     
   1.8783879332758217E-006  -6919445.4571700599     
   1.8954078082105273E-006  -6857299.6602207040     
   1.9125818984367932E-006  -6795711.9034393849     
   1.9299116012831093E-006  -6734677.1758865984     
   1.9473983267390128E-006  -6674190.5116187269     
   1.9650434975698066E-006  -6614246.9892840032     
   1.9828485494323194E-006  -6554841.7317220997     
   2.0008149309917165E-006  -6495969.9055672968     
   2.0189441040393643E-006  -6437626.7208552454     
   2.0372375436117671E-006  -6379807.4306332283     
   2.0556967381105788E-006  -6322507.3305739462     
   2.0743231894237040E-006  -6265721.7585927546     
   2.0931184130474958E-006  -6209446.0944683459     
   2.1120839382100596E-006  -6153675.7594668381     
   2.1312213079956740E-006  -6098406.2159692403     
   2.1505320794703438E-006  -6043632.9671022492     
   2.1700178238084827E-006  -5989351.5563723836     
   2.1896801264207510E-006  -5935557.5673033884     
   2.2095205870830478E-006  -5882246.6230768934     
   2.2295408200666723E-006  -5829414.3861763133     
   2.2497424542696664E-006  -5777056.5580339301     
   2.2701271333493445E-006  -5725168.8786811503     
   2.2906965158560273E-006  -5673747.1264019068     
   2.3114522753679846E-006  -5622787.1173891649     
   2.3323961006276029E-006  -5572284.7054045200     
   2.3535296956787845E-006  -5522235.7814408457     
   2.3748547800055940E-006  -5472636.2733879806     
   2.3963730886721607E-006  -5423482.1457014000     
   2.4180863724638457E-006  -5374769.3990738876     
   2.4399963980296921E-006  -5326494.0701101273     
   2.4621049480261643E-006  -5278652.2310042391     
   2.4844138212621871E-006  -5231239.9892202085     
   2.5069248328455049E-006  -5184253.4871751610     
   2.5296398143303616E-006  -5137688.9019255191     
   2.5525606138665207E-006  -5091542.4448559461     
   2.5756890963496353E-006  -5045810.3613710981     
   2.5990271435729817E-006  -5000488.9305901416     
   2.6225766543805676E-006  -4955574.4650440067     
   2.6463395448216243E-006  -4911063.3103753738     
   2.6703177483065036E-006  -4866951.8450413430     
   2.6945132157639856E-006  -4823236.4800187685     
   2.7189279158000091E-006  -4779913.6585122580     
   2.7435638348578430E-006  -4736979.8556647757     
   2.7684229773797120E-006  -4694431.5782708470     
   2.7935073659698772E-006  -4652265.3644923577     
   2.8188190415592056E-006  -4610477.7835768703     
   2.8443600635712224E-006  -4569065.4355785036     
   2.8701325100896731E-006  -4528024.9510812936     
   2.8961384780275994E-006  -4487352.9909250615     
   2.9223800832979528E-006  -4447046.2459337180     
   2.9488594609857475E-006  -4407101.4366460284     
   2.9755787655217773E-006  -4367515.3130487893     
   3.0025401708579087E-006  -4328284.6543123843     
   3.0297458706439531E-006  -4289406.2685287511     
   3.0571980784061550E-006  -4250876.9924516575     
   3.0848990277272852E-006  -4212693.6912393486     
   3.1128509724283716E-006  -4174853.2581994780     
   3.1410561867520776E-006  -4137352.6145363455     
   3.1695169655477397E-006  -4100188.7091003917     
   3.1982356244580815E-006  -4063358.5181399533     
   3.2272145001076222E-006  -4026859.0450552413     
   3.2564559502927873E-006  -3990687.3201545328     
   3.2859623541737489E-006  -3954840.4004125432     
   3.3157361124679980E-006  -3919315.3692309782     
   3.3457796476456731E-006  -3884109.3362012319     
   3.3760954041266594E-006  -3849219.4368692143     
   3.4066858484794730E-006  -3814642.8325022925     
   3.4375534696219467E-006  -3780376.7098583244     
   3.4687007790237363E-006  -3746418.2809567633     
   3.5001303109106568E-006  -3712764.7828518269     
   3.5318446224708797E-006  -3679413.4774076883     
   3.5638462940629855E-006  -3646361.6510757017     
   3.5961379294259132E-006  -3613606.6146736173     
   3.6287221558908056E-006  -3581145.7031667824     
   3.6616016245947757E-006  -3548976.2754513086     
   3.6947790106966097E-006  -3517095.7141391844     
   3.7282570135944263E-006  -3485501.4253453184     
   3.7620383571453054E-006  -3454190.8384764907     
   3.7961257898869085E-006  -3423161.4060222069     
   3.8305220852611085E-006  -3392410.6033474240     
   3.8652300418396374E-006  -3361935.9284871425     
   3.9002524835517982E-006  -3331734.9019428319     
   3.9355922599142137E-006  -3301805.0664807037     
   3.9712522462626778E-006  -3272143.9869317757     
   4.0072353439860992E-006  -3242749.2499937434     
   4.0435444807625659E-006  -3213618.4640346281     
   4.0801826107975465E-006  -3184749.2588981865     
   4.1171527150642558E-006  -3156139.2857110691     
   4.1544578015461909E-006  -3127786.2166917105     
   4.1921009054818705E-006  -3099687.7449609316     
   4.2300850896117898E-006  -3071841.5843542521     
   4.2684134444276133E-006  -3044245.4692358747     
   4.3070890884236215E-006  -3016897.1543143555     
   4.3461151683504469E-006  -2989794.4144599116     
   4.3854948594710933E-006  -2962935.0445233905     
   4.4252313658192907E-006  -2936316.8591568400     
   4.4653279204601802E-006  -2909937.6926357150     
   4.5057877857533648E-006  -2883795.3986826595     
   4.5466142536183423E-006  -2857887.8502928875     
   4.5878106458023476E-006  -2832212.9395611160     
   4.6293803141506173E-006  -2806768.5775100682     
   4.6713266408791030E-006  -2781552.6939205020     
   4.7136530388496575E-006  -2756563.2371627800     
   4.7563629518477181E-006  -2731798.1740299333     
   4.7994598548624953E-006  -2707255.4895722433     
   4.8429472543697116E-006  -2682933.1869332958     
   4.8868286886168969E-006  -2658829.2871875130     
   4.9311077279112676E-006  -2634941.8291791412     
   4.9757879749102179E-006  -2611268.8693626886     
   5.0208730649144392E-006  -2587808.4816447925     
   5.0663666661637013E-006  -2564558.7572275065     
   5.1122724801353070E-006  -2541517.8044529944     
   5.1585942418452531E-006  -2518683.7486496260     
   5.2053357201521228E-006  -2496054.7319794414     
   5.2525007180637320E-006  -2473628.9132869979     
   5.3000930730465462E-006  -2451404.4679495650     
   5.3481166573379097E-006  -2429379.5877286731     
   5.3965753782611034E-006  -2407552.4806229854     
   5.4454731785432502E-006  -2385921.3707224987     
   5.4948140366361082E-006  -2364484.4980640509     
   5.5446019670397693E-006  -2343240.1184881246     
   5.5948410206292831E-006  -2322186.5034969393     
   5.6455352849842541E-006  -2301321.9401138155     
   5.6966888847214120E-006  -2280644.7307438022     
   5.7483059818302076E-006  -2260153.1930355551     
   5.8003907760114341E-006  -2239845.6597444606     
   5.8529475050189339E-006  -2219720.4785969788     
   5.9059804450043885E-006  -2199776.0121562136     
   5.9594939108652420E-006  -2180010.6376886852     
   6.0134922565957623E-006  -2160422.7470323029     
   6.0679798756413074E-006  -2141010.7464655158     
   6.1229612012557750E-006  -2121773.0565776490     
   6.1784407068623126E-006  -2102708.1121403957     
   6.2344229064172805E-006  -2083814.3619804657     
   6.2909123547775236E-006  -2065090.2688533794     
   6.3479136480709604E-006  -2046534.3093183937     
   6.4054314240705436E-006  -2028144.9736145495     
   6.4634703625715955E-006  -2009920.7655378350     
   6.5220351857725724E-006  -1991860.2023194488     
   6.5811306586592691E-006  -1973961.8145051617     
   6.6407615893925162E-006  -1956224.1458357538     
   6.7009328296993833E-006  -1938645.7531285314     
   6.7616492752679249E-006  -1921225.2061599072     
   6.8229158661455110E-006  -1903961.0875490305     
   6.8847375871407578E-006  -1886851.9926424690     
   6.9471194682291062E-006  -1869896.5293999196     
   7.0100665849620794E-006  -1853093.3182809486     
   7.0735840588802289E-006  -1836440.9921327527     
   7.1376770579298511E-006  -1819938.1960789182     
   7.2023507968834567E-006  -1803583.5874091883     
   7.2676105377640611E-006  -1787375.8354702157     
   7.3334615902733138E-006  -1771313.6215572974     
   7.3999093122235133E-006  -1755395.6388070814     
   7.4669591099735259E-006  -1739620.5920912370     
   7.5346164388686691E-006  -1723987.1979110797     
   7.6028868036845680E-006  -1708494.1842931421     
   7.6717757590750385E-006  -1693140.2906856833     
   7.7412889100240283E-006  -1677924.2678561271     
   7.8114319123016564E-006  -1662844.8777894212     
   7.8822104729243725E-006  -1647900.8935873089     
   7.9536303506193070E-006  -1633091.0993685056     
   8.0256973562928051E-006  -1618414.2901697713     
   8.0984173535032240E-006  -1603869.2718478721     
   8.1717962589380035E-006  -1589454.8609824211     
   8.2458400428950607E-006  -1575169.8847795937     
   8.3205547297685613E-006  -1561013.1809767026     
   8.3959463985390606E-006  -1546983.5977476379     
   8.4720211832681230E-006  -1533079.9936091478     
   8.5487852735973959E-006  -1519301.2373279659     
   8.6262449152522143E-006  -1505646.2078287706     
   8.7044064105497754E-006  -1492113.7941029728     
   8.7832761189119066E-006  -1478702.8951183201     
   8.8628604573824823E-006  -1465412.4197293145     
   8.9431659011495386E-006  -1452241.2865884337     
   9.0241989840721059E-006  -1439188.4240581500     
   9.1059662992118230E-006  -1426252.7701237390     
   9.1884744993693641E-006  -1413433.2723068718     
   9.2717302976257276E-006  -1400728.8875799824     
   9.3557404678884304E-006  -1388138.5822814030     
   9.4405118454426553E-006  -1375661.3320312649     
   9.5260513275073807E-006  -1363296.1216481507     
   9.6123658737965547E-006  -1351041.9450664972     
   9.6994625070853662E-006  -1338897.8052547385     
   9.7873483137816222E-006  -1326862.7141341860     
   9.8760304445023285E-006  -1314935.6924986355     
   9.9655161146554793E-006  -1303115.7699346947     
   1.0055812605027112E-005  -1291401.9847428312     
   1.0146927262373702E-005  -1279793.3838591238     
   1.0238867500019914E-005  -1268289.0227777180     
   1.0331640798461763E-005  -1256887.9654739811     
   1.0425254705975242E-005  -1245589.2843283431     
   1.0519716839230490E-005  -1234392.0600508233     
   1.0615034883911482E-005  -1223295.3816062349     
   1.0711216595341366E-005  -1212298.3461400603     
   1.0808269799113457E-005  -1201400.0589049940     
   1.0906202391727943E-005  -1190599.6331881415     
   1.1005022341234371E-005  -1179896.1902388746     
   1.1104737687879937E-005  -1169288.8591973360     
   1.1205356544763683E-005  -1158776.7770235809     
   1.1306887098496567E-005  -1148359.0884273597     
   1.1409337609867580E-005  -1138034.9457985291     
   1.1512716414515845E-005  -1127803.5091380884     
   1.1617031923608834E-005  -1117663.9459898334     
   1.1722292624526717E-005  -1107615.4313726288     
   1.1828507081552923E-005  -1097657.1477132824     
   1.1935683936570947E-005  -1087788.2847800271     
   1.2043831909767485E-005  -1078008.0396165976     
   1.2152959800341919E-005  -1068315.6164769004     
   1.2263076487222249E-005  -1058710.2267602694     
   1.2374190929787507E-005  -1049191.0889473031     
   1.2486312168596716E-005  -1039757.4285362781     
   1.2599449326124445E-005  -1030408.4779801347     
   1.2713611607503044E-005  -1021143.4766240264     
   1.2828808301271600E-005  -1011961.6706434308     
   1.2945048780131668E-005  -1002862.3129828172     
   1.3062342501709870E-005  -993844.66329486331     
   1.3180699009327377E-005  -984907.98788022017     
   1.3300127932776392E-005  -976051.55962781492     
   1.3420638989103646E-005  -967274.65795569215     
   1.3542241983401013E-005  -958576.56875238440     
   1.3664946809603259E-005  -949956.58431881212     
   1.3788763451293057E-005  -941414.00331070123     
   1.3913701982513268E-005  -932948.13068152138     
   1.4039772568586593E-005  -924558.27762593469     
   1.4166985466942646E-005  -916243.76152375294     
   1.4295351027952534E-005  -908003.90588439733     
   1.4424879695770983E-005  -899838.04029185802     
   1.4555582009186105E-005  -891745.50035014725     
   1.4687468602476855E-005  -883725.62762924202     
   1.4820550206278272E-005  -875777.76961151289     
   1.4954837648454542E-005  -867901.27963863348     
   1.5090341854979996E-005  -860095.51685896597     
   1.5227073850828053E-005  -852359.84617542103     
   1.5365044760868266E-005  -844693.63819378312     
   1.5504265810771454E-005  -837096.26917150244     
   1.5644748327923043E-005  -829567.12096694601     
   1.5786503742344724E-005  -822105.58098910237     
   1.5929543587624392E-005  -814711.04214774107     
   1.6073879501854578E-005  -807382.90280401788     
   1.6219523228579328E-005  -800120.56672152353     
   1.6366486617749716E-005  -792923.44301777298     
   1.6514781626687963E-005  -785790.94611612870     
   1.6664420321060331E-005  -778722.49569815816     
   1.6815414875858807E-005  -771717.51665641600     
   1.6967777576391701E-005  -764775.43904765265     
   1.7121520819283203E-005  -757895.69804644224     
   1.7276657113482007E-005  -751077.73389922711     
   1.7433199081279071E-005  -744320.99187877413     
   1.7591159459334603E-005  -737624.92223904131     
   1.7750551099714343E-005  -730988.98017044878     
   1.7911386970935241E-005  -724412.62575555174     
   1.8073680159020618E-005  -717895.32392511098     
   1.8237443868564864E-005  -711436.54441455915     
   1.8402691423807817E-005  -705035.76172085584     
   1.8569436269718835E-005  -698692.45505973278     
   1.8737691973090729E-005  -692406.10832332005     
   1.8907472223643591E-005  -686176.21003815508     
   1.9078790835138623E-005  -680002.25332356757     
   1.9251661746502057E-005  -673883.73585043824     
   1.9426099022959269E-005  -667820.15980032843     
   1.9602116857179152E-005  -661811.03182497574     
   1.9779729570428886E-005  -655855.86300615442     
   1.9958951613739127E-005  -649954.16881589592     
   2.0139797569079812E-005  -644105.46907706524     
   2.0322282150546562E-005  -638309.28792429366     
   2.0506420205557863E-005  -632565.15376526117     
   2.0692226716063096E-005  -626872.59924232541     
   2.0879716799761505E-005  -621231.16119449725     
   2.1068905711332219E-005  -615640.38061975653     
   2.1259808843675395E-005  -610099.80263770616     
   2.1452441729164644E-005  -604608.97645256179     
   2.1646820040910769E-005  -599167.45531647513     
   2.1842959594036978E-005  -593774.79649318371     
   2.2040876346965643E-005  -588430.56122198969     
   2.2240586402716723E-005  -583134.31468206074     
   2.2442106010217934E-005  -577885.62595705269     
   2.2645451565626814E-005  -572684.06800004770     
   2.2850639613664767E-005  -567529.21759880951     
   2.3057686848963149E-005  -562420.65534135024     
   2.3266610117421632E-005  -557357.96558180463     
   2.3477426417578801E-005  -552340.73640661302     
   2.3690152901995198E-005  -547368.55960100691     
   2.3904806878648918E-005  -542441.03061579505     
   2.4121405812343807E-005  -537557.74853444903     
   2.4339967326130477E-005  -532718.31604048214     
   2.4560509202740122E-005  -527922.33938512520     
   2.4783049386031404E-005  -523169.42835528747     
   2.5007605982450376E-005  -518459.19624181004     
   2.5234197262503708E-005  -513791.25980800047     
   2.5462841662245197E-005  -509165.23925845290     
   2.5693557784775775E-005  -504580.75820814632     
   2.5926364401757117E-005  -500037.44365182106     
   2.6161280454938938E-005  -495534.92593363003     
   2.6398325057700148E-005  -491072.83871706272     
   2.6637517496603979E-005  -486650.81895513885     
   2.6878877232967157E-005  -482268.50686087046     
   2.7122423904443373E-005  -477925.54587798781     
   2.7368177326621001E-005  -473621.58265193005     
   2.7616157494635390E-005  -469356.26700109453     
   2.7866384584795695E-005  -465129.25188834558     
   2.8118878956226468E-005  -460940.19339277904     
   2.8373661152524165E-005  -456788.75068173866     
   2.8630751903428580E-005  -452674.58598308655     
   2.8890172126509511E-005  -448597.36455772026     
   2.9151942928868638E-005  -444556.75467233779     
   2.9416085608856868E-005  -440552.42757244717     
   2.9682621657807210E-005  -436584.05745561759     
   2.9951572761783387E-005  -432651.32144497172     
   3.0222960803344257E-005  -428753.89956291532     
   3.0496807863324222E-005  -424891.47470510349     
   3.0773136222629814E-005  -421063.73261463962     
   3.1051968364052497E-005  -417270.36185650696     
   3.1333326974097937E-005  -413511.05379222956     
   3.1617234944831838E-005  -409785.50255476061     
   3.1903715375742499E-005  -406093.40502359602     
   3.2192791575620243E-005  -402434.46080011193     
   3.2484487064453883E-005  -398808.37218312372     
   3.2778825575344372E-005  -395214.84414466395     
   3.3075831056435790E-005  -391653.58430597809     
   3.3375527672863810E-005  -388124.30291373632     
   3.3677939808721876E-005  -384626.71281645779     
   3.3983092069045099E-005  -381160.52944114775     
   3.4291009281812251E-005  -377725.47077014361     
   3.4601716499965773E-005  -374321.25731816940     
   3.4915239003450196E-005  -370947.61210959614     
   3.5231602301268947E-005  -367604.26065590646     
   3.5550832133559843E-005  -364290.93093336135     
   3.5872954473689387E-005  -361007.35336086748     
   3.6197995530366001E-005  -357753.26077804371     
   3.6525981749772474E-005  -354528.38842348411     
   3.6856939817717634E-005  -351332.47391321621     
   3.7190896661807630E-005  -348165.25721935276     
   3.7527879453636816E-005  -345026.48064893519     
   3.7867915610998466E-005  -341915.88882296730     
   3.8211032800115621E-005  -338833.22865563660     
   3.8557258937892033E-005  -335778.24933372263     
   3.8906622194183582E-005  -332750.70229619049     
   3.9259150994090222E-005  -329750.34121396684     
   3.9614874020268775E-005  -326776.92196989810     
   3.9973820215266547E-005  -323830.20263888891     
   4.0336018783876257E-005  -320909.94346821727     
   4.0701499195512139E-005  -318015.90685802908     
   4.1070291186607681E-005  -315147.85734200547     
   4.1442424763035089E-005  -312305.56156820478     
   4.1817930202546571E-005  -309488.78828007681     
   4.2196838057237885E-005  -306697.30829764676     
   4.2579179156034097E-005  -303930.89449886879     
   4.2964984607197902E-005  -301189.32180114684     
   4.3354285800860698E-005  -298472.36714302097     
   4.3747114411576533E-005  -295779.80946601898     
   4.4143502400899272E-005  -293111.42969667021     
   4.4543482019983027E-005  -290467.01072868111     
   4.4947085812206226E-005  -287846.33740527136     
   4.5354346615819427E-005  -285249.19650166726     
   4.5765297566617071E-005  -282675.37670775451     
   4.6179972100633604E-005  -280124.66861088393     
   4.6598403956863778E-005  -277596.86467883480     
   4.7020627180007893E-005  -275091.75924292771     
   4.7446676123241629E-005  -272609.14848129242     
   4.7876585451011184E-005  -270148.83040228346     
   4.8310390141853662E-005  -267710.60482804559     
   4.8748125491242989E-005  -265294.27337822737     
   4.9189827114461665E-005  -262899.63945383974     
   4.9635530949498487E-005  -260526.50822126080     
   5.0085273259972605E-005  -258174.68659638331     
   5.0539090638083998E-005  -255843.98322890486     
   5.0997020007590670E-005  -253534.20848675937     
   5.1459098626812944E-005  -251245.17444068776     
   5.1925364091664839E-005  -248976.69484894781     
   5.2395854338712990E-005  -246728.58514216106     
   5.2870607648263230E-005  -244500.66240829570     
   5.3349662647475269E-005  -242292.74537778413     
   5.3833058313505369E-005  -240104.65440877492     
   5.4320833976677737E-005  -237936.21147251615     
   5.4813029323684470E-005  -235787.24013887104     
   5.5309684400814628E-005  -233657.56556196258     
   5.5810839617212456E-005  -231547.01446594801     
   5.6316535748165179E-005  -229455.41513092062     
   5.6826813938420631E-005  -227382.59737893802     
   5.7341715705534834E-005  -225328.39256017611     
   5.7861282943250020E-005  -223292.63353920731     
   5.8385557924903201E-005  -221275.15468140191     
   5.8914583306865631E-005  -219275.79183945173     
   5.9448402132013450E-005  -217294.38234001450     
   5.9987057833229769E-005  -215330.76497047849     
   6.0530594236938456E-005  -213384.77996584569     
   6.1079055566669988E-005  -211456.26899573320     
   6.1632486446659574E-005  -209545.07515149072     
   6.2190931905477942E-005  -207651.04293343410     
   6.2754437379694910E-005  -205774.01823819385     
   6.3323048717576295E-005  -203913.84834617641     
   6.3896812182814220E-005  -202070.38190913867     
   6.4475774458291207E-005  -200243.46893787407     
   6.5059982649878475E-005  -198432.96079000892     
   6.5649484290268554E-005  -196638.71015790835     
   6.6244327342842744E-005  -194860.57105669114     
   6.6844560205573403E-005  -193098.39881235216     
   6.7450231714961888E-005  -191352.05004999085     
   6.8061391150011873E-005  -189621.38268214653     
   6.8678088236238949E-005  -187906.25589723705     
   6.9300373149716303E-005  -186206.53014810267     
   6.9928296521157290E-005  -184522.06714065160     
   7.0561909440034759E-005  -182852.72982260850     
   7.1201263458737924E-005  -181198.38237236312     
   7.1846410596766727E-005  -179558.89018791995     
   7.2497403344964356E-005  -177934.11987594617     
   7.3154294669787958E-005  -176323.93924091876     
   7.3817138017618156E-005  -174728.21727436871     
   7.4485987319107617E-005  -173146.82414422170     
   7.5160896993568959E-005  -171579.63118423466     
   7.5841921953402424E-005  -170026.51088352720     
   7.6529117608563756E-005  -168487.33687620697     
   7.7222539871072448E-005  -166961.98393108818     
   7.7922245159560896E-005  -165450.32794150250     
   7.8628290403864781E-005  -163952.24591520149     
   7.9340733049655031E-005  -162467.61596434945     
   8.0059631063111706E-005  -160996.31729560639     
   8.0785042935640361E-005  -159538.23020030011     
   8.1517027688630969E-005  -158093.23604468617     
   8.2255644878260090E-005  -156661.21726029573     
   8.3000954600336547E-005  -155242.05733436969     
   8.3753017495190907E-005  -153835.64080037913     
   8.4511894752609397E-005  -152441.85322863044     
   8.5277648116812473E-005  -151060.58121695518     
   8.6050339891478425E-005  -149691.71238148326     
   8.6830032944812589E-005  -148335.13534749922     
   8.7616790714662511E-005  -146990.73974038044     
   8.8410677213679356E-005  -145658.41617661674     
   8.9211757034526196E-005  -144338.05625491065     
   9.0020095355133385E-005  -143029.55254735777     
   9.0835757944001636E-005  -141732.79859070588     
   9.1658811165553126E-005  -140447.68887769303     
   9.2489321985531053E-005  -139174.11884846308     
   9.3327357976448109E-005  -137911.98488205858     
   9.4172987323084474E-005  -136661.18428798963     
   9.5026278828035362E-005  -135421.61529787912     
   9.5887301917309091E-005  -134193.17705718213     
   9.6756126645975682E-005  -132975.76961698051     
   9.7632823703866782E-005  -131769.29392585062     
   9.8517464421327139E-005  -130573.65182180429     
   9.9410120775018200E-005  -129388.74602430202     
   1.0031086539377442E-004  -128214.48012633808     
   1.0121977156451238E-004  -127050.75858659658     
   1.0213691323819375E-004  -125897.48672167794     
   1.0306236503584203E-004  -124754.57069839523     
   1.0399620225461395E-004  -123621.91752613964     
   1.0493850087392582E-004  -122499.43504931456     
   1.0588933756163547E-004  -121387.03193983748     
   1.0684878968028002E-004  -120284.61768970946     
   1.0781693529337047E-004  -119192.10260365094     
   1.0879385317174304E-004  -118109.39779180409     
   1.0977962279996813E-004  -117036.41516250043     
   1.1077432438281750E-004  -115973.06741509345     
   1.1177803885178988E-004  -114919.26803285567     
   1.1279084787169577E-004  -113874.93127593928     
   1.1381283384730190E-004  -112839.97217440026     
   1.1484407993003591E-004  -111814.30652128496     
   1.1588467002475174E-004  -110797.85086577882     
   1.1693468879655637E-004  -109790.52250641648     
   1.1799422167769838E-004  -108792.23948435321     
   1.1906335487451895E-004  -107802.92057669627     
   1.2014217537446582E-004  -106822.48528989656     
   1.2123077095317083E-004  -105850.85385319946     
   1.2232923018159152E-004  -104887.94721215439     
   1.2343764243321760E-004  -103933.68702218276     
   1.2455609789134250E-004  -102987.99564220374     
   1.2568468755640099E-004  -102050.79612831702     
   1.2682350325337309E-004  -101122.01222754264     
   1.2797263763925540E-004  -100201.56837161671     
   1.2913218421059972E-004  -99289.389670843055     
   1.3030223731112027E-004  -98385.401907999927     
   1.3148289213936974E-004  -97489.531532301567     
   1.3267424475648477E-004  -96601.705653413897     
   1.3387639209400194E-004  -95721.852035524003     
   1.3508943196174420E-004  -94849.899091462765     
   1.3631346305577896E-004  -93985.775876880434     
   1.3754858496644836E-004  -93129.412084474330     
   1.3879489818647208E-004  -92280.738038268551     
   1.4005250411912374E-004  -91439.684687944842     
   1.4132150508648134E-004  -90606.183603224606     
   1.4260200433775241E-004  -89780.166968301142     
   1.4389410605767465E-004  -88961.567576322064     
   1.4519791537499275E-004  -88150.318823921043     
   1.4651353837101180E-004  -87346.354705798920     
   1.4784108208822842E-004  -86549.609809353307     
   1.4918065453904000E-004  -85760.019309356416     
   1.5053236471453292E-004  -84977.518962680697     
   1.5189632259335017E-004  -84202.045103071985     
   1.5327263915063981E-004  -83433.534635969205     
   1.5466142636708381E-004  -82671.925033371124     
   1.5606279723800947E-004  -81917.154328748657     
   1.5747686578258271E-004  -81169.161112003276     
   1.5890374705308509E-004  -80427.884524470501     
   1.6034355714427485E-004  -79693.264253968126     
   1.6179641320283254E-004  -78965.240529889328     
   1.6326243343689237E-004  -78243.754118339377     
   1.6474173712566003E-004  -77528.746317316254     
   1.6623444462911756E-004  -76820.158951934573     
   1.6774067739781605E-004  -76117.934369692230     
   1.6926055798275718E-004  -75422.015435779744     
   1.7079421004536445E-004  -74732.345528431484     
   1.7234175836754434E-004  -74048.868534318957     
   1.7390332886183909E-004  -73371.528843985157     
   1.7547904858167130E-004  -72700.271347319998     
   1.7706904573168097E-004  -72035.041429076562     
   1.7867344967815714E-004  -71375.784964427367     
   1.8029239095956290E-004  -70722.448314560592     
   1.8192600129715667E-004  -70074.978322316063     
   1.8357441360570938E-004  -69433.322307859969     
   1.8523776200431852E-004  -68797.428064398977     
   1.8691618182732072E-004  -68167.243853932305     
   1.8860980963530271E-004  -67542.718403042454     
   1.9031878322621224E-004  -66923.800898723261     
   1.9204324164656978E-004  -66310.440984245608     
   1.9378332520278167E-004  -65702.588755060468     
   1.9553917547255573E-004  -65100.194754738346     
   1.9731093531642058E-004  -64503.209970945500     
   1.9909874888934890E-004  -63911.585831456090     
   2.0090276165248642E-004  -63325.274200200249     
   2.0272312038498700E-004  -62744.227373347632     
   2.0455997319595480E-004  -62168.398075426114     
   2.0641346953649521E-004  -61597.739455475203     
   2.0828376021187397E-004  -61032.205083234374     
   2.1017099739378779E-004  -60471.748945365151     
   2.1207533463274479E-004  -59916.325441707457     
   2.1399692687055816E-004  -59365.889381569468     
   2.1593593045295261E-004  -58820.395980050707     
   2.1789250314228477E-004  -58279.800854398367     
   2.1986680413037951E-004  -57744.060020396064     
   2.2185899405148191E-004  -57213.129888785283     
   2.2386923499532712E-004  -56686.967261718761     
   2.2589769052032820E-004  -56165.529329245859     
   2.2794452566688377E-004  -55648.773665829416     
   2.3000990697080609E-004  -55136.658226893895     
   2.3209400247687086E-004  -54629.141345404518     
   2.3419698175248971E-004  -54126.181728477168     
   2.3631901590150684E-004  -53627.738454018639     
   2.3846027757812009E-004  -53133.770967397169     
   2.4062094100092910E-004  -52644.239078142746     
   2.4280118196710957E-004  -52159.102956677190     
   2.4500117786671702E-004  -51678.323131073426     
   2.4722110769711950E-004  -51201.860483844044     
   2.4946115207756140E-004  -50729.676248758486     
   2.5172149326385896E-004  -50261.732007689061     
   2.5400231516322920E-004  -49797.989687484995     
   2.5630380334925294E-004  -49338.411556874882     
   2.5862614507697374E-004  -48882.960223396614     
   2.6096952929813332E-004  -48431.598630355111     
   2.6333414667654525E-004  -47984.290053807257     
   2.6572018960360771E-004  -47540.998099574012     
   2.6812785221395712E-004  -47101.686700279206     
   2.7055733040126336E-004  -46666.320112415080     
   2.7300882183416809E-004  -46234.862913434066     
   2.7548252597236784E-004  -45807.279998866703     
   2.7797864408284236E-004  -45383.536579465457     
   2.8049737925623015E-004  -44963.598178374239     
   2.8303893642335276E-004  -44547.430628323185     
   2.8560352237188815E-004  -44135.000068848807     
   2.8819134576319561E-004  -43726.272943538970     
   2.9080261714929320E-004  -43321.215997302628     
   2.9343754898998836E-004  -42919.796273664215     
   2.9609635567016463E-004  -42521.981112082096     
   2.9877925351722419E-004  -42127.738145291347     
   3.0148646081868910E-004  -41737.035296670139     
   3.0421819783996157E-004  -41349.840777630016     
   3.0697468684224557E-004  -40966.123085029431     
   3.0975615210063011E-004  -40585.850998610622     
   3.1256281992233733E-004  -40208.993578459391     
   3.1539491866513521E-004  -39835.520162487803     
   3.1825267875591729E-004  -39465.400363939429     
   3.2113633270945094E-004  -39098.604068917004     
   3.2404611514729538E-004  -38735.101433932272     
   3.2698226281689094E-004  -38374.862883477872     
   3.2994501461082156E-004  -38017.859107620963     
   3.3293461158625165E-004  -37664.061059618551     
   3.3595129698453931E-004  -37313.439953554102     
   3.3899531625102670E-004  -36965.967261995516     
   3.4206691705501052E-004  -36621.614713674026     
   3.4516634930989269E-004  -36280.354291183961     
   3.4829386519351433E-004  -35942.158228703251     
   3.5144971916867312E-004  -35606.999009734260     
   3.5463416800382753E-004  -35274.849364864996     
   3.5784747079398778E-004  -34945.682269550431     
   3.6108988898179680E-004  -34619.470941913671     
   3.6436168637880156E-004  -34296.188840566974     
   3.6766312918691768E-004  -33975.809662452222     
   3.7099448602008847E-004  -33658.307340700863     
   3.7435602792613949E-004  -33343.656042513074     
   3.7774802840883238E-004  -33031.830167055887     
   3.8117076345011737E-004  -32722.804343380270     
   3.8462451153258790E-004  -32416.553428356925     
   3.8810955366213917E-004  -32113.052504630483     
   3.9162617339083078E-004  -31812.276878592271     
   3.9517465683995789E-004  -31514.202078371130     
   3.9875529272333042E-004  -31218.803851842309     
   4.0236837237076368E-004  -30926.058164654311     
   4.0601418975178168E-004  -30635.941198273336     
   4.0969304149953540E-004  -30348.429348045382     
   4.1340522693493730E-004  -30063.499221275721     
   4.1715104809101532E-004  -29781.127635325593     
   4.2093080973748672E-004  -29501.291615726001     
   4.2474481940555476E-004  -29223.968394308518     
   4.2859338741293090E-004  -28949.135407352733     
   4.3247682688908238E-004  -28676.770293750447     
   4.3639545380070970E-004  -28406.850893186340     
   4.4034958697745404E-004  -28139.355244334933     
   4.4433954813783859E-004  -27874.261583073767     
   4.4836566191544411E-004  -27611.548340712612     
   4.5242825588532183E-004  -27351.194142238619     
   4.5652766059064602E-004  -27093.177804577186     
   4.6066420956960798E-004  -26837.478334868418     
   4.6483823938255325E-004  -26584.074928759153     
   4.6905008963936499E-004  -26332.946968710243     
   4.7330010302709587E-004  -26084.074022319077     
   4.7758862533784990E-004  -25837.435840657126     
   4.8191600549691671E-004  -25593.012356622483     
   4.8628259559116107E-004  -25350.783683307141     
   4.9068875089767008E-004  -25110.730112378922     
   4.9513482991265861E-004  -24872.832112478020     
   4.9962119438063811E-004  -24637.070327627833     
   5.0414820932384900E-004  -24403.425575660156     
   5.0871624307195968E-004  -24171.878846654432     
   5.1332566729203459E-004  -23942.411301391123     
   5.1797685701877459E-004  -23715.004269818844     
   5.2267019068503008E-004  -23489.639249535394     
   5.2740605015259184E-004  -23266.297904282299     
   5.3218482074325981E-004  -23044.962062452974     
   5.3700689127019450E-004  -22825.613715614218     
   5.4187265406955112E-004  -22608.235017041028     
   5.4678250503240153E-004  -22392.808280264548     
   5.5173684363694464E-004  -22179.315977633047     
   5.5673607298100975E-004  -21967.740738885834     
   5.6178059981485231E-004  -21758.065349740005     
   5.6687083457424936E-004  -21550.272750489821     
   5.7200719141389334E-004  -21344.346034618691     
   5.7719008824108848E-004  -21140.268447423659     
   5.8241994674975285E-004  -20938.023384652181     
   5.8769719245472889E-004  -20737.594391151175     
   5.9302225472640416E-004  -20538.965159528187     
   5.9839556682564593E-004  -20342.119528824609     
   6.0381756593905233E-004  -20147.041483200781     
   6.0928869321452337E-004  -19953.715150632903     
   6.1480939379715365E-004  -19762.124801621667     
   6.2038011686545028E-004  -19572.254847912474     
   6.2600131566787980E-004  -19384.089841227138     
   6.3167344755974504E-004  -19197.614472006986     
   6.3739697404039688E-004  -19012.813568167261     
   6.4317236079078366E-004  -18829.672093862653     
   6.4900007771133905E-004  -18648.175148264003     
   6.5488059896021535E-004  -18468.307964345913     
   6.6081440299186169E-004  -18290.055907685277     
   6.6680197259595274E-004  -18113.404475270610     
   6.7284379493666923E-004  -17938.339294322057     
   6.7894036159233534E-004  -17764.846121121995     
   6.8509216859541442E-004  -17592.910839856122     
   6.9129971647286772E-004  -17422.519461465010     
   6.9756351028687862E-004  -17253.658122505891     
   7.0388405967594539E-004  -17086.313084024743     
   7.1026187889634731E-004  -16920.470730438436     
   7.1669748686398519E-004  -16756.117568426955     
   7.2319140719660270E-004  -16593.240225835569     
   7.2974416825638761E-004  -16431.825450586872     
   7.3635630319296300E-004  -16271.860109602509     
   7.4302834998676338E-004  -16113.331187734731     
   7.4976085149280815E-004  -15956.225786707399     
   7.5655435548486766E-004  -15800.531124066618     
   7.6340941470003391E-004  -15646.234532140681     
   7.7032658688369030E-004  -15493.323457009450     
   7.7730643483489299E-004  -15341.785457482960     
   7.8434952645216078E-004  -15191.608204089140     
   7.9145643477968096E-004  -15042.779478070730     
   7.9862773805393404E-004  -14895.287170391110     
   8.0586401975073988E-004  -14749.119280749110     
   8.1316586863273174E-004  -14604.263916602646     
   8.2053387879725819E-004  -14460.709292201145     
   8.2796864972472237E-004  -14318.443727626613     
   8.3547078632735484E-004  -14177.455647843388     
   8.4304089899843318E-004  -14037.733581756340     
   8.5067960366194337E-004  -13899.266161277614     
   8.5838752182269384E-004  -13762.042120401684     
   8.6616528061688261E-004  -13626.050294288756     
   8.7401351286312272E-004  -13491.279618356375     
   8.8193285711392962E-004  -13357.719127379227     
   8.8992395770767622E-004  -13225.357954596971     
   8.9798746482101690E-004  -13094.185330830143     
   9.0612403452178865E-004  -12964.190583603940     
   9.1433432882238950E-004  -12835.363136279935     
   9.2261901573364221E-004  -12707.692507195527     
   9.3097876931914501E-004  -12581.168308811175     
   9.3941426975011554E-004  -12455.780246865239     
   9.4792620336073090E-004  -12331.518119536460     
   9.5651526270396992E-004  -12208.371816613928     
   9.6518214660796077E-004  -12086.331318674509     
   9.7392756023283959E-004  -11965.386696267678     
   9.8275221512812401E-004  -11845.528109107650     
   9.9165682929060737E-004  -11726.745805272774     
   1.0006421272227757E-003  -11609.030120412124     
   1.0097088399917554E-003  -11492.371476959210     
   1.0188577052887956E-003  -11376.760383352745     
   1.0280894674892880E-003  -11262.187433264420     
   1.0374048777133306E-003  -11148.643304833617     
   1.0468046938868420E-003  -11036.118759908972     
   1.0562896808032271E-003  -10924.604643296774     
   1.0658606101856037E-003  -10814.091882016115     
   1.0755182607495909E-003  -10704.571484560698     
   1.0852634182666682E-003  -10596.034540167318     
   1.0950968756281076E-003  -10488.472218090876     
   1.1050194329094848E-003  -10381.875766885940     
   1.1150318974357768E-003  -10276.236513694708     
   1.1251350838470463E-003  -10171.545863541429     
   1.1353298141647235E-003  -10067.795298633109     
   1.1456169178584890E-003  -9964.9763776665168     
   1.1559972319137599E-003  -9863.0807351414260     
   1.1664716008997905E-003  -9762.1000806799930     
   1.1770408770383873E-003  -9662.0261983522978     
   1.1877059202732494E-003  -9562.8509460078840     
   1.1984675983399342E-003  -9464.5662546133481     
   1.2093267868364607E-003  -9367.1641275958500     
   1.2202843692945479E-003  -9270.6366401925570     
   1.2313412372515038E-003  -9174.9759388058592     
   1.2424982903227603E-003  -9080.1742403644785     
   1.2537564362750712E-003  -8986.2238316902149     
   1.2651165911003687E-003  -8893.1170688704515     
   1.2765796790902913E-003  -8800.8463766362511     
   1.2881466329113865E-003  -8709.4042477460825     
   1.2998183936809944E-003  -8618.7832423750478     
   1.3115959110438214E-003  -8528.9759875095770     
   1.3234801432492032E-003  -8439.9751763476415     
   1.3354720572290725E-003  -8351.7735677042510     
   1.3475726286766294E-003  -8264.3639854223820     
   1.3597828421257278E-003  -8177.7393177891327     
   1.3721036910309791E-003  -8091.8925169571503     
   1.3845361778485818E-003  -8006.8165983712588     
   1.3970813141178839E-003  -7922.5046402002263     
   1.4097401205436860E-003  -7838.9497827736386     
   1.4225136270792854E-003  -7756.1452280238436     
   1.4354028730102799E-003  -7674.0842389328845     
   1.4484089070391224E-003  -7592.7601389844240     
   1.4615327873704490E-003  -7512.1663116205873     
   1.4747755817971760E-003  -7432.2961997036755     
   1.4881383677873797E-003  -7353.1433049827119     
   1.5016222325719602E-003  -7274.7011875648059     
   1.5152282732331013E-003  -7196.9634653912426     
   1.5289575967935348E-003  -7119.9238137182747     
   1.5428113203066068E-003  -7043.5759646026054     
   1.5567905709471671E-003  -6967.9137063914650     
   1.5708964861032774E-003  -6892.9308832172965     
   1.5851302134687524E-003  -6818.6213944969522     
   1.5994929111365402E-003  -6744.9791944354092     
   1.6139857476929465E-003  -6671.9982915339433     
   1.6286099023127144E-003  -6599.6727481027065     
   1.6433665648549645E-003  -6527.9966797777070     
   1.6582569359600056E-003  -6456.9642550421104     
   1.6732822271470222E-003  -6386.5696947518445     
   1.6884436609126460E-003  -6316.8072716654788     
   1.7037424708304214E-003  -6247.6713099783155     
   1.7191799016511729E-003  -6179.1561848606734     
   1.7347572094042812E-003  -6111.2563220003140     
   1.7504756614998764E-003  -6043.9661971489913     
   1.7663365368319581E-003  -5977.2803356730683     
   1.7823411258824492E-003  -5911.1933121081693     
   1.7984907308261941E-003  -5845.6997497178336     
   1.8147866656369053E-003  -5780.7943200561558     
   1.8312302561940730E-003  -5716.4717425343242     
   1.8478228403908410E-003  -5652.7267839910783     
   1.8645657682428624E-003  -5589.5542582670232     
   1.8814604019981396E-003  -5526.9490257827529     
   1.8985081162478600E-003  -5464.9059931207994     
   1.9157102980382375E-003  -5403.4201126112994     
   1.9330683469833650E-003  -5342.4863819214124     
   1.9505836753790913E-003  -5282.0998436484224     
   1.9682577083179283E-003  -5222.2555849164983     
   1.9860918838050011E-003  -5162.9487369770677     
   2.0040876528750486E-003  -5104.1744748127985     
   2.0222464797104811E-003  -5045.9280167451343     
   2.0405698417605114E-003  -4988.2046240453546     
   2.0590592298613646E-003  -4930.9996005491384     
   2.0777161483575748E-003  -4874.3082922745843     
   2.0965421152243837E-003  -4818.1260870436745     
   2.1155386621912464E-003  -4762.4484141071352     
   2.1347073348664571E-003  -4707.2707437726749     
   2.1540496928629032E-003  -4652.5885870365564     
   2.1735673099249615E-003  -4598.3974952184963     
   2.1932617740565382E-003  -4544.6930595998365     
   2.2131346876502777E-003  -4491.4709110649692     
   2.2331876676179338E-003  -4438.7267197459914     
   2.2534223455219268E-003  -4386.4561946705589     
   2.2738403677080941E-003  -4334.6550834128921     
   2.2944433954396369E-003  -4283.3191717479385     
   2.3152331050322879E-003  -4232.4442833086359     
   2.3362111879906998E-003  -4182.0262792462581     
   2.3573793511460703E-003  -4132.0610578938213     
   2.3787393167950151E-003  -4082.5445544325139     
   2.4002928228396970E-003  -4033.4727405611293     
   2.4220416229292284E-003  -3984.8416241684718     
   2.4439874866023495E-003  -3936.6472490087090     
   2.4661321994314056E-003  -3888.8856943796495     
   2.4884775631676252E-003  -3841.5530748039096     
   2.5110253958877124E-003  -3794.6455397129539     
   2.5337775321417752E-003  -3748.1592731339770     
   2.5567358231025849E-003  -3702.0904933795991     
   2.5799021367161946E-003  -3656.4354527403661     
   2.6032783578539198E-003  -3611.1904371800047     
   2.6268663884656948E-003  -3566.3517660334328     
   2.6506681477348241E-003  -3521.9157917074672     
   2.6746855722341277E-003  -3477.8788993842586     
   2.6989206160835080E-003  -3434.2375067273651     
   2.7233752511089423E-003  -3390.9880635904906     
   2.7480514670029147E-003  -3348.1270517288385     
   2.7729512714863031E-003  -3305.6509845130677     
   2.7980766904717328E-003  -3263.5564066458264     
   2.8234297682284090E-003  -3221.8398938808305     
   2.8490125675484450E-003  -3180.4980527444864     
   2.8748271699146964E-003  -3139.5275202600005     
   2.9008756756701134E-003  -3098.9249636740042     
   2.9271602041886350E-003  -3058.6870801856076     
   2.9536828940476220E-003  -3018.8105966779267     
   2.9804459032018596E-003  -2979.2922694520021     
   3.0074514091591332E-003  -2940.1288839631397     
   3.0347016091573980E-003  -2901.3172545596062     
   3.0621987203435486E-003  -2862.8542242237017     
   3.0899449799538154E-003  -2824.7366643151445     
   3.1179426454957895E-003  -2786.9614743167876     
   3.1461939949320992E-003  -2749.5255815826235     
   3.1747013268657543E-003  -2712.4259410880441     
   3.2034669607271622E-003  -2675.6595351823862     
   3.2324932369628455E-003  -2639.2233733436801     
   3.2617825172258654E-003  -2603.1144919356252     
   3.2913371845679721E-003  -2567.3299539667514     
   3.3211596436334961E-003  -2531.8668488517615     
   3.3512523208549983E-003  -2496.7222921750181     
   3.3816176646506873E-003  -2461.8934254561727     
   3.4122581456236321E-003  -2427.3774159179056     
   3.4431762567627739E-003  -2393.1714562557709     
   3.4743745136457654E-003  -2359.2727644101060     
   3.5058554546436422E-003  -2325.6785833400118     
   3.5376216411273525E-003  -2292.3861807993771     
   3.5696756576761557E-003  -2259.3928491149145     
   3.6020201122879125E-003  -2226.6959049662100     
   3.6346576365912766E-003  -2194.2926891677616     
   3.6675908860598102E-003  -2162.1805664529834     
   3.7008225402280436E-003  -2130.3569252601633     
   3.7343553029094852E-003  -2098.8191775203604     
   3.7681919024166125E-003  -2067.5647584472154     
   3.8023350917828548E-003  -2036.5911263286644     
   3.8367876489865879E-003  -2005.8957623205379     
   3.8715523771771553E-003  -1975.4761702420260     
   3.9066321049029407E-003  -1945.3298763729999     
   3.9420296863415093E-003  -1915.4544292531546     
   3.9777480015318238E-003  -1885.8473994829924     
   4.0137899566085791E-003  -1856.5063795265880     
   4.0501584840386502E-003  -1827.4289835161512     
   4.0868565428596832E-003  -1798.6128470583603     
   4.1238871189208538E-003  -1770.0556270424486     
   4.1612532251258019E-003  -1741.7550014500277     
   4.1989579016777686E-003  -1713.7086691666450     
   4.2370042163269563E-003  -1685.9143497950406     
   4.2753952646201300E-003  -1658.3697834701029     
   4.3141341701524736E-003  -1631.0727306755064     
   4.3532240848217427E-003  -1604.0209720620073     
   4.3926681890847008E-003  -1577.2123082673986     
   4.4324696922158988E-003  -1550.6445597380880     
   4.4726318325687834E-003  -1524.3155665523136     
   4.5131578778391810E-003  -1498.2231882449487     
   4.5540511253311646E-003  -1472.3653036339174     
   4.5953149022253332E-003  -1446.7398106481728     
   4.6369525658495172E-003  -1421.3446261572524     
   4.6789675039519401E-003  -1396.1776858023804     
   4.7213631349768553E-003  -1371.2369438291073     
   4.7641429083426778E-003  -1346.5203729214775     
   4.8073103047226408E-003  -1322.0259640377026     
   4.8508688363279899E-003  -1297.7517262473375     
   4.8948220471937455E-003  -1273.6956865699419     
   4.9391735134670578E-003  -1249.8558898152096     
   4.9839268436981648E-003  -1226.2303984245623     
   5.0290856791340025E-003  -1202.8172923141860     
   5.0746536940144580E-003  -1179.6146687195030     
   5.1206345958713191E-003  -1156.6206420410681     
   5.1670321258299292E-003  -1133.8333436918683     
   5.2138500589135736E-003  -1111.2509219460253     
   5.2610922043506234E-003  -1088.8715417888820     
   5.3087624058844700E-003  -1066.6933847684584     
   5.3568645420862537E-003  -1044.7146488482754     
   5.4054025266704426E-003  -1022.9335482615190     
   5.4543803088132553E-003  -1001.3483133665561     
   5.5038018734739841E-003  -979.95719050375760     
   5.5536712417192128E-003  -958.75844185365713     
   5.6039924710499884E-003  -937.75034529640061     
   5.6547696557319440E-003  -916.93119427249007     
   5.7060069271284231E-003  -896.29929764481312     
   5.7577084540366193E-003  -875.85297956193699     
   5.8098784430267543E-003  -855.59057932267342     
   5.8625211387843381E-003  -835.51045124187840     
   5.9156408244555349E-003  -815.61096451749722     
   5.9692418219956349E-003  -795.89050309884442     
   6.0233284925207175E-003  -776.34746555608535     
   6.0779052366624724E-003  -756.98026495093904     
   6.1329764949262441E-003  -737.78732870857402     
   6.1885467480523367E-003  -718.76709849068266     
   6.2446205173805631E-003  -699.91803006974737     
   6.3012023652181193E-003  -681.23859320446331     
   6.3582968952107877E-003  -662.72727151631875     
   6.4159087527175000E-003  -644.38256236732582     
   6.4740426251882937E-003  -626.20297673889058     
   6.5327032425456988E-003  -608.18703911180683     
   6.5918953775695706E-003  -590.33328734737279     
   6.6516238462854226E-003  -572.64027256961413     
   6.7118935083562668E-003  -555.10655904861119     
   6.7727092674780068E-003  -537.73072408491475     
   6.8340760717784223E-003  -520.51135789504292     
   6.8959989142197524E-003  -503.44706349805779     
   6.9584828330049421E-003  -486.53645660319899     
   7.0215329119875606E-003  -469.77816549857630     
   7.0851542810854420E-003  -453.17083094091163     
   7.1493521166980621E-003  -436.71310604631526     
   7.2141316421277038E-003  -420.40365618209557     
   7.2794981280044470E-003  -404.24115885959054     
   7.3454568927149872E-003  -388.22430362801038     
   7.4120133028353690E-003  -372.35179196928539     
   7.4791727735676111E-003  -356.62233719391679     
   7.5469407691803065E-003  -341.03466433780727     
   7.6153228034532127E-003  -325.58751006008310     
   7.6843244401258613E-003  -310.27962254188105     
   7.7539512933502428E-003  -295.10976138610499     
   7.8242090281475853E-003  -280.07669751814433     
   7.8951033608692777E-003  -265.17921308753216     
   7.9666400596619634E-003  -250.41610137055886     
   8.0388249449368579E-003  -235.78616667381243     
   8.1116638898433100E-003  -221.28822423865108     
   8.1851628207466453E-003  -206.92110014659738     
   8.2593277177103741E-003  -192.68363122564142     
   8.3341646149827208E-003  -178.57466495745825     
   8.4096796014876025E-003  -164.59305938551938     
   8.4858788213200299E-003  -150.73768302409940     
   8.5627684742460141E-003  -137.00741476816779     
   8.6403548162069903E-003  -123.40114380416253     
   8.7186441598288179E-003  -109.91776952163309     
   8.7976428749353928E-003  -96.556201425753443     
   8.8773573890669217E-003  -83.315359050687903     
   8.9577941880028614E-003  -70.194171873822143     
   9.0389598162896444E-003  -57.191579230826846     
   9.1208608777731404E-003  -44.306530231575380     
   9.2035040361359739E-003  -31.537983676884778     
   9.2868960154396923E-003  -18.884907976092791     
   9.3710436006718585E-003  -6.3462810654541499     
   9.4559536382980910E-003   6.0789096726455227     
   9.5416330368191075E-003   18.391667489666816     
   9.6280887673328274E-003   30.592986350086221     
   9.7153278641015500E-003   42.683851009770933     
   9.8033574251242834E-003   54.665237093553742     
   9.8921846127142561E-003   66.538111172027129     
   9.9818166540816631E-003   78.303430837548831     
   1.0072260841921688E-002   89.962144779474329     
   1.0163524535007852E-002   101.51519285861491     
   1.0255615158790754E-002   112.96350618093243     
   1.0348540206002213E-002   124.30800717046941     
   1.0442307237264902E-002   135.54960964152383     
   1.0536923881707499E-002   146.68921887007423     
   1.0632397837585409E-002   157.72773166445631     
   1.0728736872907122E-002   168.66603643530175     
   1.0825948826066231E-002   179.50501326473386     
   1.0924041606479187E-002   190.24553397483874     
   1.1023023195228829E-002   200.88846219540596     
   1.1122901645713746E-002   211.43465343094363     
   1.1223685084303521E-002   221.88495512698159     
   1.1325381710999919E-002   232.24020673565678     
   1.1427999800104050E-002   242.50123978058809     
   1.1531547700889596E-002   252.66887792105035     
   1.1636033838282128E-002   262.74393701544523     
   1.1741466713544582E-002   272.72722518407477     
   1.1847854904968931E-002   282.61954287122262     
   1.1955207068574159E-002   292.42168290654922     
   1.2063531938810516E-002   302.13443056579740     
   1.2172838329270188E-002   311.75856363082175     
   1.2283135133404389E-002   321.29485244893863     
   1.2394431325246957E-002   330.74405999160444     
   1.2506735960144507E-002   340.10694191242010     
   1.2620058175493188E-002   349.38424660447640     
   1.2734407191482135E-002   358.57671525702949     
   1.2849792311843649E-002   367.68508191152137     
   1.2966222924610157E-002   376.71007351694482     
   1.3083708502878070E-002   385.65240998455329     
   1.3202258605578518E-002   394.51280424192282     
   1.3321882878255099E-002   403.29196228636920     
   1.3442591053848669E-002   411.99058323771783     
   1.3564392953489227E-002   420.60935939043918     
   1.3687298487295002E-002   429.14897626514187     
   1.3811317655178753E-002   437.61011265943512     
   1.3936460547661400E-002   445.99344069815891     
   1.4062737346692999E-002   454.29962588298179     
   1.4190158326481198E-002   462.52932714138069     
   1.4318733854327137E-002   470.68319687498763     
   1.4448474391468994E-002   478.76188100732338     
   1.4579390493933111E-002   486.76601903090545     
   1.4711492813392880E-002   494.69624405374918     
   1.4844792098035379E-002   502.55318284524503     
   1.4979299193435873E-002   510.33745588143142     
   1.5115025043440247E-002   518.04967738965615     
   1.5251980691055407E-002   525.69045539262709     
   1.5390177279347798E-002   533.26039175186418     
   1.5529626052349997E-002   540.76008221054315     
   1.5670338355975581E-002   548.19011643574015     
   1.5812325638942259E-002   555.55107806007516     
   1.5955599453703354E-002   562.84354472276118     
   1.6100171457387760E-002   570.06808811005158     
   1.6246053412748370E-002   577.22527399509909     
   1.6393257189119163E-002   584.31566227722021     
   1.6541794763380878E-002   591.33980702056419     
   1.6691678220935528E-002   598.29825649219902     
   1.6842919756689664E-002   605.19155319960419     
   1.6995531676046605E-002   612.02023392757701     
   1.7149526395907635E-002   618.78482977455462     
   1.7304916445682259E-002   625.48586618835020     
   1.7461714468307649E-002   632.12386300130561     
   1.7619933221277296E-002   638.69933446485982     
   1.7779585577678999E-002   645.21278928354263     
   1.7940684527242234E-002   651.66473064837533     
   1.8103243177395062E-002   658.05565626970417     
   1.8267274754330549E-002   664.38605840944774     
   1.8432792604082919E-002   670.65642391276674     
   1.8599810193613397E-002   676.86723423915998     
   1.8768341111905916E-002   683.01896549297783     
   1.8938399071072774E-002   689.11208845336262     
   1.9109997907470255E-002   695.14706860361264     
   1.9283151582824426E-002   701.12436615997103     
   1.9457874185367065E-002   707.04443609983821     
   1.9634179930981946E-002   712.90772818940923     
   1.9812083164361453E-002   718.71468701073820     
   1.9991598360173727E-002   724.46575198822734     
   2.0172740124240342E-002   730.16135741454082     
   2.0355523194724681E-002   735.80193247594639     
   2.0539962443331079E-002   741.38790127708103     
   2.0726072876514803E-002   746.91968286514202     
   2.0913869636703043E-002   752.39769125350631     
   2.1103368003526909E-002   757.82233544477242     
   2.1294583395064647E-002   763.19401945322898     
   2.1487531369096081E-002   768.51314232674861     
   2.1682227624368434E-002   773.78009816810550     
   2.1878688001873630E-002   778.99527615571856     
   2.2076928486137144E-002   784.15906056381777     
   2.2276965206518545E-002   789.27183078203473     
   2.2478814438523839E-002   794.33396133441556     
   2.2682492605129667E-002   799.34582189785704     
   2.2888016278119535E-002   804.30777731996432     
   2.3095402179432126E-002   809.22018763632980     
   2.3304667182521849E-002   814.08340808723460     
   2.3515828313731703E-002   818.89778913376665     
   2.3728902753678588E-002   823.66367647336085     
   2.3943907838651145E-002   828.38141105475734     
   2.4160861062020332E-002   833.05132909237636     
   2.4379780075662653E-002   837.67376208011137     
   2.4600682691396439E-002   842.24903680453804     
   2.4823586882431008E-002   846.77747535753736     
   2.5048510784829045E-002   851.25939514833465     
   2.5275472698982171E-002   855.69510891494895     
   2.5504491091099937E-002   860.08492473506294     
   2.5735584594712271E-002   864.42914603629049     
   2.5968772012185538E-002   868.72807160586979     
   2.6204072316252384E-002   872.98199559975569     
   2.6441504651555349E-002   877.19120755112488     
   2.6681088336204601E-002   881.35599237828819     
   2.6922842863349641E-002   885.47663039200881     
   2.7166787902765339E-002   889.55339730222681     
   2.7412943302452333E-002   893.58656422418903     
   2.7661329090251902E-002   897.57639768398053     
   2.7911965475475468E-002   901.52315962346142     
   2.8164872850548913E-002   905.42710740460336     
   2.8420071792671718E-002   909.28849381322766     
   2.8677583065491206E-002   913.10756706214602     
   2.8937427620791926E-002   916.88457079369550     
   2.9199626600200326E-002   920.61974408167498     
   2.9464201336904913E-002   924.31332143268196     
   2.9731173357391946E-002   927.96553278683928     
   3.0000564383196926E-002   931.57660351792549     
   3.0272396332671880E-002   935.14675443289434     
   3.0546691322768722E-002   938.67620177079698     
   3.0823471670838726E-002   942.16515720108987     
   3.1102759896448343E-002   945.61382782134410     
   3.1384578723211431E-002   949.02241615434718     
   3.1668951080638115E-002   952.39112014459624     
   3.1955900106000398E-002   955.72013315418576     
   3.2245449146214668E-002   959.00964395809183     
   3.2537621759741245E-002   962.25983673884684     
   3.2832441718501193E-002   965.47089108060777     
   3.3129933009810424E-002   968.64298196262303     
   3.3430119838331405E-002   971.77627975209077     
   3.3733026628042492E-002   974.87095019641311     
   3.4038678024225139E-002   977.92715441484711     
   3.4347098895469073E-002   980.94504888955476     
   3.4658314335695717E-002   983.92478545604774     
   3.4972349666199859E-002   986.86651129303641     
   3.5289230437709859E-002   989.77036891167722     
   3.5608982432466546E-002   992.63649614422411     
   3.5931631666320900E-002   995.46502613208668     
   3.6257204390850797E-002   998.25608731329226     
   3.6585727095496887E-002   1001.0098034093628     
   3.6917226509717828E-002   1003.7262934116003     
   3.7251729605165124E-002   1006.4056715667900     
   3.7589263597877523E-002   1009.0480473623224     
   3.7929855950495459E-002   1011.6535255107375     
   3.8273534374495453E-002   1014.2222059336976     
   3.8620326832444776E-002   1016.7541837453866     
   3.8970261540276580E-002   1019.2495492353507     
   3.9323366969585619E-002   1021.7083878507758     
   3.9679671849944760E-002   1024.1307801782129     
   4.0039205171242480E-002   1026.5168019247519     
   4.0401996186041608E-002   1028.8665238986603     
   4.0768074411959336E-002   1031.1800119894806     
   4.1137469634068891E-002   1033.4573271476011     
   4.1510211907322889E-002   1035.6985253633081     
   4.1886331558998707E-002   1037.9036576453257     
   4.2265859191165996E-002   1040.0727699988497     
   4.2648825683176510E-002   1042.2059034030904     
   4.3035262194176575E-002   1044.3030937883289     
   4.3425200165642240E-002   1046.3643720125015     
   4.3818671323937457E-002   1048.3897638373173     
   4.4215707682895407E-002   1050.3792899039308     
   4.4616341546423258E-002   1052.3329657081706     
   4.5020605511130456E-002   1054.2508015753444     
   4.5428532468980883E-002   1056.1328026346321     
   4.5840155609969055E-002   1057.9789687930838     
   4.6255508424820506E-002   1059.7892947092314     
   4.6674624707716730E-002   1061.5637697663421     
   4.7097538559044701E-002   1063.3023780453152     
   4.7524284388171419E-002   1065.0050982972555     
   4.7954896916243543E-002   1066.6719039157335     
   4.8389411179012354E-002   1068.3027629087519     
   4.8827862529684386E-002   1069.8976378704460     
   4.9270286641797861E-002   1071.4564859525331     
   4.9716719512125168E-002   1072.9792588355360     
   5.0167197463601640E-002   1074.4659026998086     
   5.0621757148280898E-002   1075.9163581963840     
   5.1080435550316966E-002   1077.3305604176726     
   5.1543269988973378E-002   1078.7084388680403     
   5.2010298121659575E-002   1080.0499174342945     
   5.2481557946994828E-002   1081.3549143561102     
   5.2957087807899872E-002   1082.6233421964200     
   5.3436926394716602E-002   1083.8551078118167     
   5.3921112748356051E-002   1085.0501123229860     
   5.4409686263474789E-002   1086.2082510852188     
   5.4902686691680233E-002   1087.3294136590353     
   5.5400154144764915E-002   1088.4134837809572     
   5.5902129097970099E-002   1089.4603393344794     
   5.6408652393278941E-002   1090.4698523212719     
   5.6919765242739472E-002   1091.4418888326675     
   5.7435509231817783E-002   1092.3763090214734     
   5.7955926322781459E-002   1093.2729670741610     
   5.8481058858113770E-002   1094.1317111834842     
   5.9010949563958776E-002   1094.9523835215707     
   5.9545641553597602E-002   1095.7348202135563     
   6.0085178330956265E-002   1096.4788513118033     
   6.0629603794145288E-002   1097.1843007707732     
   6.1178962239031340E-002   1097.8509864226062     
   6.1733298362841228E-002   1098.4787199534842     
   6.2292657267798666E-002   1099.0673068808262     
   6.2857084464793836E-002   1099.6165465314036     
   6.3426625877086293E-002   1100.1262320204287     
   6.4001327844041417E-002   1100.5961502317073     
   6.4581237124900673E-002   1101.0260817989167     
   6.5166400902586089E-002   1101.4158010881038     
   6.5756866787539170E-002   1101.7650761814714     
   6.6352682821594622E-002   1102.0736688625509     
   6.6953897481889138E-002   1102.3413346028383     
   6.7560559684805635E-002   1102.5678225499964     
   6.8172718789953193E-002   1102.7528755177100     
   6.8790424604183151E-002   1102.8962299772927     
   6.9413727385641430E-002   1102.9976160511542     
   7.0042677847857754E-002   1103.0567575082227     
   7.0677327163871734E-002   1103.0733717614391     
   7.1317726970396539E-002   1103.0471698674314     
   7.1963929372020147E-002   1102.9778565284839     
   7.2615986945444688E-002   1102.8651300969254     
   7.3273952743764276E-002   1102.7086825820547     
   7.3937880300781467E-002   1102.5081996597351     
   7.4607823635363016E-002   1102.2633606847830     
   7.5283837255834873E-002   1101.9738387062969     
   7.5965976164417248E-002   1101.6393004860531     
   7.6654295861699584E-002   1101.2594065201222     
   7.7348852351156377E-002   1100.8338110638517     
   7.8049702143703673E-002   1100.3621621603629     
   7.8756902262296966E-002   1099.8441016727284     
   7.9470510246570744E-002   1099.2792653199811     
   8.0190584157520020E-002   1098.6672827171287     
   8.0917182582224439E-002   1098.0077774193453     
   8.1650364638614900E-002   1097.3003669705056     
   8.2390189980283704E-002   1096.5446629562546     
   8.3136718801338036E-002   1095.7402710617935     
   8.3890011841297532E-002   1094.8867911345658     
   8.4650130390036216E-002   1093.9838172520522     
   8.5417136292769175E-002   1093.0309377948593     
   8.6191091955084537E-002   1092.0277355253183     
   8.6972060348020769E-002   1090.9737876718034     
   8.7760105013190384E-002   1089.8686660189737     
   8.8555290067949682E-002   1088.7119370041792     
   8.9357680210615575E-002   1087.5031618202338     
   9.0167340725729614E-002   1086.2418965248055     
   9.0984337489369710E-002   1084.9276921566493     
   9.1808736974509891E-002   1083.5600948589213     
   9.2640606256428878E-002   1082.1386460098324     
   9.3480013018167385E-002   1080.6628823608796     
   9.4327025556035005E-002   1079.1323361829145     
   9.5181712785167016E-002   1077.5465354203170     
   9.6044144245131427E-002   1075.9050038535318     
   9.6914390105587001E-002   1074.2072612702380     
   9.7792521171992303E-002   1072.4528236454332     
   9.8678608891366759E-002   1070.6412033307085     
   9.9572725358103673E-002   1068.7719092529946     
  0.10047494331983599        1066.8444471230753     
  0.10138533618335538        1064.8583196541510     
  0.10230397802058468        1062.8130267907597     
  0.10323094357460451        1060.7080659483449     
  0.10416630826573482        1058.5429322637785     
  0.10511014819767101        1056.3171188571473     
  0.10606254016367607        1054.0301171051071     
  0.10702356165282864        1051.6814169261179     
  0.10799329085632776        1049.2705070778798     
  0.10897180667385463        1046.7968754672759     
  0.10995918871999218        1044.2600094731472     
  0.11095551733070262        1041.6593962822149     
  0.11196087356986391        1038.9945232384684     
  0.11297533923586522        1036.2648782063413     
  0.11399899686826230        1033.4699499479875     
  0.11503192975449311        1030.6092285149848     
  0.11607422193665431        1027.6822056547726     
  0.11712595821833913        1024.6883752321405     
  0.11818722417153718        1021.6272336660832     
  0.11925810614359691        1018.4982803823204     
  0.12033869126425091        1015.3010182817911     
  0.12142906745270514        1012.0349542254153     
  0.12252932342479218        1008.6995995354180     
  0.12363954870018946        1005.2944705134975     
  0.12475983360970271        1001.8190889761091     
  0.12589026930261560        998.27298280714331     
  0.12703094775410578        994.65568652824186     
  0.12818196177272839        990.96674188700570     
  0.12934340500796701        987.20569846332660     
  0.13051537195785337        983.37211429405568     
  0.13169795797665584        979.46555651622009     
  0.13289125928263781        975.48560202897488     
  0.13409537296588617        971.43183817445163     
  0.13531039699621089        967.30386343766781     
  0.13653643023111600        963.10128816560916     
  0.13777357242384300        958.82373530561199     
  0.13902192423148693        954.47084116310884     
  0.14028158722318620        950.04225617880456     
  0.14155266388838647        945.53764572531145     
  0.14283525764517943        940.95669092323476     
  0.14412947284871716        936.29908947668309     
  0.14543541479970287        931.56455652813270     
  0.14675318975295823        926.75282553254397     
  0.14808290492606868        921.86364915058368     
  0.14942466850810696        916.89680016078341     
  0.15077858966843546        911.85207239039482     
  0.15214477856558870        906.72928166468307     
  0.15352334635623613        901.52826677433586     
  0.15491440520422595        896.24889046062538     
  0.15631806828971120        890.89104041789687     
  0.15773444981835841        885.45463031291467     
  0.15916366503063953        879.93960082053059     
  0.16060583021120828        874.34592067508197     
  0.16206106269836137        868.67358773685874     
  0.16352948089358546        862.92263007292502     
  0.16501120427119059        857.09310705149403     
  0.16650635338803091        851.18511044899856     
  0.16801504989331348        845.19876556891836     
  0.16953741653849605        839.13423237134668     
  0.17107357718727437        832.99170661220376     
  0.17262365682566000        826.77142099091418     
  0.17418778157214967        820.47364630528762     
  0.17576607868798644        814.09869261224787     
  0.17735867658751409        807.64691039296395     
  0.17896570484862523        801.11869172084982     
  0.18058729422330408        794.51447143079031     
  0.18222357664826483        787.83472828786603     
  0.18387468525568623        781.07998615373754     
  0.18554075438404380        774.25081514874842     
  0.18722191958903961        767.34783280770989     
  0.18891831765463191        760.37170522719964     
  0.19063008660416372        753.32314820213128     
  0.19235736571159323        746.20292834920122     
  0.19410029551282512        739.01186421474688     
  0.19585901781714507        731.75082736439867     
  0.19763367571875790        724.42074345182607     
  0.19942441360842975        717.02259326374440     
  0.20123137718523640        709.55741373823889     
  0.20305471346841744        702.02629895334996     
  0.20489457080933846        694.43040108274886     
  0.20675109890356097        686.77093131521747     
  0.20862444880302228        679.04916073454103     
  0.21051477292832529        671.26642115630102     
  0.21242222508113998        663.42410591796556     
  0.21434696045671695        655.52367061855352     
  0.21628913565651470        647.56663380406007     
  0.21824890870094094        639.55457759473268     
  0.22022643904220968        631.48914825019119     
  0.22222188757731459        623.37205666830539     
  0.22423541666112007        615.20507881366234     
  0.22626719011957078        606.99005607138554     
  0.22831737326302098        598.72889552199922     
  0.23038613289968468        590.42357013297976     
  0.23247363734920742        582.07611886259542     
  0.23458005645636140        573.68864667158334     
  0.23670556160486428        565.26332443821320     
  0.23885032573132361        556.80238877224951     
  0.24101452333930723        548.30814172335249     
  0.24319833051354148        539.78295037944679     
  0.24540192493423768        531.22924635064498     
  0.24762548589154898        522.64952513433593     
  0.24986919430015755        514.04634535713421     
  0.25213323271399457        505.42232788945455     
  0.25441778534109299        496.78015482858746     
  0.25672303805857538        488.12256834627107     
  0.25904917842777730        479.45236939689926     
  0.26139639570950779        470.77241628267507     
  0.26376488087944810        462.08562307220615     
  0.26615482664369006        453.39495786925715     
  0.26856642745441500        444.70344092861046     
  0.27099987952571497        436.01414261625291     
  0.27345538084955712        427.33018121140316     
  0.27593313121189317        418.65472054820907     
  0.27843333220891403        409.99096749529866     
  0.28095618726345256        401.34216927173554     
  0.28350190164153438        392.71161059835157     
  0.28607068246907902        384.10261068384699     
  0.28866273874875209        375.51852004552927     
  0.29127828137697015        366.96271716504481     
  0.29391752316106018        358.43860497998622     
  0.29658067883657374        349.94960721281529     
  0.29926796508475867        341.49916453911391     
  0.30197960055018863        333.09073059779388     
  0.30471580585855285        324.72776784652643     
  0.30747680363460661        316.41374326632240     
  0.31026281852028442        308.15212391987239     
  0.31307407719297797        299.94637236897262     
  0.31591080838397861        291.79994195709480     
  0.31877324289708814        283.71627196390068     
  0.32166161362739687        275.69878263927967     
  0.32457615558023323        267.75087012525762     
  0.32751710589028399        259.87590127492899     
  0.33048470384088841        252.07720837835114     
  0.33347919088350680        244.35808380615410     
  0.33650081065736565        236.72177458241501     
  0.33954980900928089        229.17147689915407     
  0.34262643401366044        221.71033058558959     
  0.34573093599268817        214.34141354608073     
  0.34886356753669112        207.06773618143256     
  0.35202458352469035        199.89223580898903     
  0.35521424114513905        192.81777109763283     
  0.35843279991684773        185.84711653449432     
  0.36168052171009957        178.98295694079579     
  0.36495767076795665        172.22788205484744     
  0.36826451372775970        165.58438120073717     
  0.37160131964282211        159.05483806173393     
  0.37496836000432116        152.64152557782302     
  0.37836590876338688        146.34660098713238     
  0.38179424235339166        140.17210103125274     
  0.38525363971244142        134.11993734463380     
  0.38874438230607117        128.19189204830562     
  0.39226675415014500        122.38961356816213     
  0.39582104183396499        116.71461269791010     
  0.39940753454358874        111.16825892656486     
  0.40302652408535816        105.75177705001835     
  0.40667830490964152        100.46624408574800     
  0.41036317413479101        95.312586509142577     
  0.41408143157131672        90.291577829215242     
  0.41783337974628021        85.403836520633106     
  0.42161932392790891        80.649824328021197     
  0.42543957215043327        76.029844957408272     
  0.42929443523914962        71.544043168443793     
  0.43318422683570929        67.192404279667954     
  0.43710926342363771        62.974754097625009     
  0.44106986435408424        58.890759279009430     
  0.44506635187180504        54.939928133304903     
  0.44909905114138210        51.121611871540289     
  0.45316829027367955        47.435006304841437     
  0.45727440035253930        43.879153994419113     
  0.46141771546171911        40.452946852500908     
  0.46559857271207444        37.155129191513431     
  0.46981731226898649        33.984301216550051     
  0.47407427738003927        30.938922953838265     
  0.47836981440294690        28.017318605567411     
  0.48270427283373424        25.217681319058407     
  0.48707800533517259        22.538078355878689     
  0.49149136776547381        19.976456644140555     
  0.49594471920724303        17.530648694889472     
  0.50043842199669530        15.198378861207843     
  0.50497284175313573        12.977269916455064     
  0.50954834740870747        10.864849925947240     
  0.51416531123840903        8.8585593843798272     
  0.51882410889038300        6.9557585894254927     
  0.52352511941648072        5.1537352202224405     
  0.52826872530310187        3.4497120879250289     
  0.53305531250231541        1.8408550241310699     
  0.53788527046326107       0.32428087185542509     
  0.54275899216383627       -1.1029344572052153     
  0.54767687414266975       -2.4437478960546883     
  0.55263931653138476       -3.7011411437998234     
  0.55764672308715524       -4.8781126326158990     
  0.56269950122555601       -5.9776695777189843     
  0.56779806205371164       -7.0028201474129723     
  0.57294282040374478       -7.9565657896222639     
  0.57813419486652862       -8.8418937503847346     
  0.58337260782574352       -9.6617698185636769     
  0.58865848549224431       -10.419131329550218     
  0.59399225793873722       -11.116880458973956     
  0.59937435913477188       -11.757877835435879     
  0.60480522698205019       -12.344936499033006     
  0.61028530335005526       -12.880816229982010     
  0.61581503411200311       -13.368218268985114     
  0.62139486918111964       -13.809780448142970     
  0.62702526254724733       -14.208072748229457     
  0.63270667231378253       -14.565593295031556     
  0.63843956073494823       -14.884764804253953     
  0.64422439425340428       -15.167931481223267     
  0.65006164353819795       -15.417356378335619     
  0.65595178352305961       -15.635219209905085     
  0.66189529344504339       -15.823614620824983     
  0.66789265688352051       -15.984550902282473     
  0.67394436179952344       -16.119949144701820     
  0.68005090057544815       -16.231642815166555     
  0.68621277005511572       -16.321377743814931     
  0.69243047158419646       -16.390812501145248     
  0.69870451105100129       -16.441519145834576     
  0.70503539892764122       -16.474984320587733     
  0.71142365031156185       -16.492610671714239     
  0.71786978496745157       -16.495718566594586     
  0.72437432736953267       -16.485548081956356     
  0.73093780674423270       -16.463261234943172     
  0.73756075711324365       -16.429944428329975     
  0.74424371733697237       -16.386611080915472     
  0.75098723115838262       -16.334204414103102     
  0.75779184724723592       -16.273600365956341     
  0.76465811924473259       -16.205610604570438     
  0.77158660580855765       -16.130985613423743     
  0.77857787065833428       -16.050417822438749     
  0.78563248262148966       -15.964544759772108     
  0.79275101567953643       -15.873952200839256     
  0.79993404901477316       -15.779177292735602     
  0.80718216705740808       -15.680711634012434     
  0.81449595953310983       -15.579004291672483     
  0.82187602151098937       -15.474464739236248     
  0.82932295345201590       -15.367465701764921     
  0.83683736125787223       -15.258345895779428     
  0.84441985632025229       -15.147412654058037     
  0.85207105557060570       -15.034944427300362     
  0.85979158153033286       -14.921193156587766     
  0.86758206236143520       -14.806386512426055     
  0.87544313191762324       -14.690729997905963     
  0.88337542979588968       -14.574408915142754     
  0.89137960138854766       -14.457590195644528     
  0.89945629793574233       -14.340424096598166     
  0.90760617657843679       -14.223045766245418     
  0.91582990041187939       -14.105576682544301     
  0.92412813853955456       -13.988125970172360     
  0.93250156612762236       -13.870791601629502     
  0.94095086445985288       -13.753661488743877     
  0.94947672099305624       -13.636814471281429     
  0.95807982941301617       -13.520321209617174     
  0.96676088969093010       -13.404244988554634     
  0.97552060814036101       -13.288642439391488     
  0.98435969747470409       -13.173564187237176     
  0.99327887686517558       -13.059055430405799     
   1.0022788719993265       -12.945156458449288     
   1.0113604151400861       -12.831903115075256     
   1.0205242451853405       -12.719327211824938     
   1.0297711077280518       -12.607456897982125     
   1.0391017551169217       -12.496316991756395     
   1.0485169465176039       -12.385929277343857     
   1.0580174479744713       -12.276312772026714     
   1.0676040324729448       -12.167483967037475     
   1.0772774800023850       -12.059457045492097     
   1.0870385776195528       -11.952244080295104     
   1.0968881195126481       -11.845855214542992     
   1.1068269070659265       -11.740298826604398     
   1.1168557489249009       -11.635581681738058     
   1.1269754610621370       -11.531709071824437     
   1.1371868668436409       -11.428684944534297     
   1.1474907970958517       -11.326512023036736     
   1.1578880901732393       -11.225191917159483     
   1.1683795920265148       -11.124725226753680     
   1.1789661562714597       -11.025111637881823     
   1.1896486442583780       -10.926350012338741     
   1.2004279251421774       -10.828438470928637     
   1.2113048759530876       -10.731374470853687     
   1.2222803816680157       -10.635154877518966     
   1.2333553352825517       -10.539776031021452     
   1.2445306378836245       -10.445233807565609     
   1.2558071987228163       -10.351523676031860     
   1.2671859352903425       -10.258640749915058     
   1.2786677733897001       -10.166579834846253     
   1.2902536472129940       -10.075335471910581     
   1.3019444994169451       -9.9849019769759266     
   1.3137412811995881       -9.8952734762498622     
   1.3256449523776617       -9.8064439382852235     
   1.3376564814647041       -9.7184072026569979     
   1.3497768457498511       -9.6311570055344600     
   1.3620070313773536       -9.5446870023721466     
   1.3743480334268108       -9.4589907879413424     
   1.3868008559941332       -9.3740619139201460     
   1.3993665122732384       -9.2898939042547202     
   1.4120460246384876       -9.2064802684974563     
   1.4248404247278681       -9.1238145133193154     
   1.4377507535269300       -9.0418901523840081     
   1.4507780614534840       -8.9607007147610513     
   1.4639234084430652       -8.8802397520433871     
   1.4771878640351734       -8.8005008443233237     
   1.4905725074602927       -8.7214776051684861     
   1.5040784277277011       -8.6431636857272149     
   1.5177067237140740       -8.5655527780808374     
   1.5314585042528934       -8.4886386179484408     
   1.5453348882246636       -8.4124149868385931     
   1.5593370046479484       -8.3368757137316614     
   1.5734659927712284       -8.2620146763664444     
   1.5877230021655953       -8.1878258021953840     
   1.6021091928182831       -8.1143030690642224     
   1.6166257352270474       -8.0414405056641289     
   1.6312738104954005       -7.9692321917972944     
   1.6460546104287102       -7.8976722584908243     
   1.6609693376311654       -7.8267548879882689     
   1.6760192056036252       -7.7564743136432082     
   1.6912054388423532       -7.6868248197352340     
   1.7065292729386425       -7.6178007412250714     
   1.7219919546793505       -7.5493964634624087     
   1.7375947421483375       -7.4816064218575944     
   1.7533389048288290       -7.4144251015260139     
   1.7692257237067048       -7.3478470369122997     
   1.7852564913747224       -7.2818668113999649     
   1.8014325121376855       -7.2164790569108686     
   1.8177551021185667       -7.1516784534979463     
   1.8342255893655897       -7.0874597289338457     
   1.8508453139602830       -7.0238176582974861     
   1.8676156281265126       -6.9607470635600786     
   1.8845378963405022       -6.8982428131717501     
   1.9016134954418507       -6.8362998216496047     
   1.9188438147455558       -6.7749130491678669     
   1.9362302561550511       -6.7140775011505358     
   1.9537742342762694       -6.6537882278668858     
   1.9714771765327399       -6.5940403240299998     
   1.9893405232817243       -6.5348289283985386     
