  -11259.572935 0 1.0 2000 0.15625000D-05 0.10000000D+03  64.0 58.00000000  0
   1
  1 0 0.0 1-1863.355246-2173.576202  2.00000000
  2 0 0.0 1 -315.134723 -547.804300  2.00000000
  2 1 1.0 1 -280.628575 -524.571490  2.00000000
  2 1 1.0 1 -280.628575 -524.571490  2.00000000
  2 1 1.0 1 -280.628575 -524.571490  2.00000000
  3 0 0.0 1  -74.684335 -231.481779  2.00000000
  3 1 1.0 1  -63.760668 -222.519265  2.00000000
  3 1 1.0 1  -63.760668 -222.519265  2.00000000
  3 1 1.0 1  -63.760668 -222.519265  2.00000000
  3 2 2.0 1  -49.317631 -215.329901  2.00000000
  3 2 2.0 1  -49.317631 -215.329901  2.00000000
  3 2 2.0 1  -49.317631 -215.329901  2.00000000
  3 2 2.0 1  -49.317631 -215.329901  2.00000000
  3 2 2.0 1  -49.317631 -215.329901  2.00000000
  4 0 0.0 1  -18.773125 -115.055159  2.00000000
  4 1 1.0 1  -15.028988 -108.679835  2.00000000
  4 1 1.0 1  -15.028988 -108.679835  2.00000000
  4 1 1.0 1  -15.028988 -108.679835  2.00000000
  4 2 2.0 1   -9.710574  -99.530945  2.00000000
  4 2 2.0 1   -9.710574  -99.530945  2.00000000
  4 2 2.0 1   -9.710574  -99.530945  2.00000000
  4 2 2.0 1   -9.710574  -99.530945  2.00000000
  4 2 2.0 1   -9.710574  -99.530945  2.00000000
  4 3 3.0 1   -4.297995  -85.345586  1.00000000
  4 3 3.0 1   -4.303001  -85.410540  1.00000000
  4 3 3.0 1   -4.308026  -85.475673  1.00000000
  4 3 3.0 1   -4.313071  -85.540988  1.00000000
  5 0 0.0 1   -5.154692  -55.895220  2.00000000
  5 1 1.0 1   -3.988764  -50.728211  2.00000000
  5 1 1.0 1   -3.988764  -50.728211  2.00000000
  5 1 1.0 1   -3.988764  -50.728211  2.00000000
    0    0    0    0
