-125.687401027771
-125.686681527668
-125.685494020367
-125.681590576278
-125.677601324176
-125.674415307371
-125.674414837006
-125.672072183514
-125.671584188313
-125.671104315311
-125.670642368038
-125.667225803717
-125.663668942895
-125.660938681187
-125.660735806454
-125.659291099310
-125.659195426216
-125.657770960722
-125.654687380734
-125.654459601566
-125.652376906798
-125.651200838325
-125.651071874649
-125.648386047631
-125.646281193948
-125.644636245818
-125.643393728506
-125.642518963271
-125.638506419072
-125.630750802127
-125.629912872829
-125.626996168405
-125.625062169627
-125.624340341276
-125.619664659324
-125.619308347490
-125.617119626958
-125.616328567637
-125.615429256155
-125.612462188177
-125.611533979845
-125.610749778123
-125.610677389294
-125.607153858158
-125.605966295879
-125.603763750568
-125.602430109077
-125.599893060197
-125.598304415555
-125.598277620462
-125.596376626995
-125.590173407969
-125.586288555555
-125.585446297600
-125.584230863122
-125.576381887739
-125.570549266220
-125.559442623212
-125.558711527969
-125.556860912096
-125.553066941024
-125.536690316307
-125.535997385559
-125.535876551625
-125.532750697079
-125.532382905050
-125.532275923354
-125.529688830585
-125.527690172064
-125.526276506755
-125.525964784470
-125.525226588694
-125.525030176701
-125.524640601305
-125.524121262205
-125.523712289454
-125.523405319730
-125.522426890148
-125.521900626844
-125.521721420498
-125.521006015992
-125.520493164781
-125.519857638777
-125.519582021786
-125.519547718241
-125.518585018732
-125.518162340238
-125.517374458189
-125.517299802695
-125.516880019211
-125.516639667776
-125.516601585936
-125.515983993265
-125.515227877123
-125.514943092571
-125.514908541780
-125.514677643487
-125.513185033510
-125.512749830227
-125.512223029601
-125.511856575318
-125.511812952325
-125.511471217442
-125.511440708351
-125.511315714620
-125.510705776736
-125.510335180317
-125.510207589340
-125.510031610728
-125.509766473188
-125.509609631892
-125.509361363630
-125.509113240602
-125.509056390035
-125.508787685187
-125.508482398816
-125.508479699999
-125.508376678066
-125.506642721878
-125.505660046109
-125.504733542588
-125.503886011292
-125.503340986551
-125.502415342269
-125.502050563609
-125.501441782201
-125.501284538110
-125.501120927000
-125.499449175864
-125.498902641559
-125.496912860078
-125.496817940926
-125.496205963201
-125.496137615929
-125.495130509063
-125.494944050300
-125.494404741930
-125.494106074924
-125.494100331667
-125.494037516935
-125.493860459085
-125.493459117581
-125.493127427948
-125.492530697085
-125.492313020507
-125.492301649270
-125.492185113628
-125.491906953332
-125.491395081750
-125.491200871098
-125.491039369676
-125.490963199835
-125.490634195271
-125.490275626509
-125.488940628813
-125.488105379527
-125.487979233039
-125.487950149620
-125.487431030425
-125.487292345750
-125.486200916784
-125.485874688913
-125.485122940997
-125.484662171688
-125.484550132780
-125.484451023356
-125.483838197022
-125.483546262848
-125.483067505526
-125.482256815442
-125.482089469137
-125.481573997237
-125.481548790085
-125.481237412715
-125.480912548374
-125.480593554012
-125.480219138057
-125.479978819521
-125.479973804890
-125.479575472328
-125.478463293314
-125.478257033678
-125.477400346351
-125.477354464090
-125.477196750765
-125.476721012575
-125.476713480550
-125.476044555954
-125.475846538663
-125.475541729027
-125.474953443201
-125.474859013267
-125.474667328786
-125.474352704591
-125.473530406345
-125.473427647285
-125.472609446341
-125.472603961687
-125.472135163746
-125.472080713036
-125.471496651838
-125.471070798562
-125.470806762664
-125.470101377062
-125.469945094601
-125.469579116359
-125.469220126765
-125.468980710769
-125.468831903953
-125.468677061663
-125.468646091335
-125.468308395578
-125.467461474642
-125.467126231716
-125.466997730833
-125.466942795906
-125.466634261524
-125.466299875214
-125.466099089942
-125.465585464054
-125.465286273141
-125.465278390615
-125.464959011165
-125.464627686796
-125.464584951083
-125.464566648638
-125.464090285092
-125.463957941817
-125.463907559799
-125.462520899935
-125.462139433685
-125.460912839368
-125.460578890247
-125.460005354512
-125.459985071779
-125.459667296163
-125.459386336103
-125.459064963059
-125.458228308186
-125.458127442977
-125.458058287324
-125.457904018291
-125.457609882244
-125.457521047133
-125.456370172375
-125.456098477714
-125.456017194710
-125.454558099086
-125.453660550255
-125.453283487781
-125.453128574166
-125.453090395509
-125.452519713149
-125.452059793180
-125.451730010009
-125.451346717930
-125.450506183997
-125.450494640672
-125.450328141729
-125.450103972933
-125.449677838714
-125.449154040499
-125.449007278079
-125.448092262308
-125.447609317459
-125.447259983270
-125.447020132599
-125.446828195921
-125.446806681314
-125.446754973620
-125.446159241342
-125.445033776801
-125.444890927752
-125.444602623550
-125.444278236964
-125.443574575480
-125.443528486089
-125.443414231344
-125.443390671721
-125.442032227029
-125.441623162133
-125.441594562755
-125.441558710971
-125.440844433799
-125.440482068782
-125.439629114635
-125.439277174062
-125.439263936005
-125.438984468841
-125.438979625961
-125.438918997880
-125.438439514833
-125.438120589546
-125.438024676388
-125.437670951498
-125.437471146794
-125.436977751077
-125.436870949557
-125.436322724904
-125.436320230106
-125.436187660856
-125.435804371243
-125.435745078427
-125.435577544853
-125.435331320298
-125.435255931378
-125.434853886226
-125.434545785675
-125.434506817569
-125.434193730445
-125.434104960367
-125.434090946880
-125.433633650376
-125.433062823265
-125.432976674915
-125.432643993678
-125.432306893979
-125.432219466491
-125.431576629927
-125.431411006946
-125.430918294663
-125.430735893552
-125.430672349511
-125.430669875927
-125.430626381600
-125.430561152873
-125.430021091167
-125.429710190133
-125.429490073066
-125.429205322117
-125.428978963344
-125.428915404240
-125.428618280639
-125.428604455173
-125.428603320797
-125.428136718307
-125.427998112565
-125.427455732648
-125.427279144207
-125.427201143875
-125.427079162284
-125.426592192797
-125.426347087626
-125.425957269592
-125.425834506926
-125.425357078622
-125.425233663344
-125.424732591665
-125.424031784923
-125.423737825560
-125.423703752983
-125.423306165816
-125.423190901588
-125.423184258648
-125.423054292996
-125.422985057667
-125.422902406069
-125.422686060823
-125.422671844068
-125.422595942168
-125.422465409870
-125.422213439511
-125.422153346641
-125.421868904047
-125.421817928841
-125.421638285289
-125.421173668886
-125.421159768235
-125.420733496221
-125.420717614030
-125.420211545322
-125.420163053878
-125.420073442368
-125.420072092701
-125.419703146570
-125.419572094727
-125.419384896901
-125.418847799287
-125.418838961099
-125.418680322065
-125.418311394025
-125.418276950612
-125.417701215159
-125.417608877163
-125.417528040562
-125.417517287528
-125.417227172077
-125.416946198916
-125.416914653464
-125.416537670688
-125.416452457415
-125.416174535521
-125.416074820183
-125.416060558789
-125.415516181543
-125.415206001763
-125.415123659488
-125.414931979505
-125.414882050476
-125.414546885102
-125.414504568940
-125.414408238994
-125.414348448159
-125.413770989179
-125.413724403657
-125.413640448248
-125.413587040856
-125.413387903325
-125.413008726443
-125.412905631521
-125.412854910620
-125.412736405975
-125.412463756177
-125.412258555248
-125.412216029154
-125.412184715625
-125.412072967067
-125.411949279472
-125.411740686988
-125.411574248798
-125.411369131904
-125.411231246752
-125.411167446732
-125.411119541363
-125.411098414953
-125.410880338570
-125.410860299375
-125.410456715568
-125.410369790392
-125.410346828891
-125.410299920481
-125.409901851437
-125.409777325467
-125.409698325711
-125.409678180141
-125.409626362819
-125.409490786617
-125.409287565418
-125.409102984947
-125.408929679811
-125.408618826971
-125.408485826209
-125.408306275921
-125.408030604395
-125.407587075488
-125.407374824290
-125.407315997248
-125.406497275446
-125.406063234384
-125.405490186527
-125.405476910231
-125.405456347306
-125.405385263436
-125.405286193878
-125.405239488454
-125.405012541601
-125.404839341273
-125.404652860646
-125.404035169761
-125.403817083098
-125.403770034299
-125.403468612720
-125.403207343979
-125.403187507940
-125.402911641179
-125.402398838319
-125.402307981536
-125.402251673114
-125.402144424198
-125.402068590317
-125.401961210661
-125.401353400861
-125.401345924319
-125.401314777733
-125.401070460985
-125.400961221009
-125.400940081213
-125.400558637022
-125.400427558458
-125.399814739824
-125.399532121132
-125.399390218191
-125.399316962354
-125.399217595036
-125.399118445447
-125.399087743672
-125.398558577957
-125.398530818236
-125.398432448605
-125.398395105832
-125.398274568105
-125.398259418967
-125.398120767556
-125.398073440453
-125.397940060740
-125.397863617664
-125.397719079019
-125.396752450288
-125.396392602797
-125.396083861051
-125.395840290248
-125.395553222923
-125.395431387918
-125.395325372905
-125.395271115949
-125.395040033088
-125.394624915552
-125.394285197967
-125.394197985089
-125.394011125058
-125.393910897345
-125.393604842826
-125.393417700779
-125.393092740430
-125.393049905566
-125.392082602478
-125.391792503429
-125.391735196911
-125.391712297950
-125.391551575972
-125.391292817286
-125.391271271805
-125.391136708801
-125.390792638871
-125.390765199603
-125.390676329681
-125.390668924499
-125.390668904035
-125.390558445349
-125.390481601673
-125.390466719550
-125.390382499434
-125.390218951719
-125.389916842214
-125.389441924825
-125.389405329928
-125.389365540103
-125.389315089511
-125.388853640453
-125.388796874956
-125.388601987875
-125.388487649713
-125.388125761793
-125.387602106119
-125.387260801615
-125.387205505099
-125.387039175641
-125.386608380210
-125.386429200068
-125.386422867034
-125.386290795164
-125.386250045775
-125.385841653496
-125.385826921549
-125.385772137552
-125.385729653163
-125.385611806264
-125.384906659346
-125.384867066306
-125.384724977103
-125.384648544151
-125.384314453045
-125.384258488003
-125.384191414459
-125.384101176864
-125.383975163368
-125.383955602928
-125.383898722887
-125.383538127574
-125.383509500570
-125.382766808812
-125.382511096785
-125.382277255293
-125.382272395168
-125.382154257364
-125.382104559625
-125.382037341417
-125.382007419784
-125.381604191545
-125.381493523509
-125.381443298348
-125.380957389293
-125.380919468749
-125.380778489340
-125.380695427066
-125.380274503048
-125.380156925032
-125.380136709059
-125.379741377569
-125.379688249352
-125.379586277286
-125.379477506944
-125.379432121944
-125.379316605885
-125.379263056171
-125.379262246288
-125.378888010750
-125.378882834313
-125.378619329044
-125.378571767236
-125.378475950612
-125.378410057084
-125.378032942716
-125.377737116411
-125.377714482516
-125.377567128927
-125.377448955669
-125.377374468008
-125.377225951625
-125.377157229352
-125.377047077997
-125.377013770654
-125.376891107001
-125.376841441855
-125.376802803226
-125.376683839277
-125.376537385265
-125.376457093164
-125.376202357748
-125.376042848845
-125.375937961632
-125.375569937466
-125.375566260707
-125.375558224539
-125.375011884515
-125.374864201894
-125.374811510799
-125.374675214381
-125.374459256691
-125.374439636819
-125.374327580976
-125.374307498716
-125.374302208364
-125.374138855121
-125.373846553185
-125.373358156270
-125.373350761060
-125.372933690055
-125.372870369008
-125.372807189951
-125.372652979217
-125.372478230668
-125.372204189164
-125.372176697630
-125.372134872112
-125.372133646829
-125.371942857525
-125.371926317249
-125.371730271262
-125.371707745136
-125.371534038173
-125.371389973731
-125.371176419680
-125.370889714897
-125.370702261683
-125.370469483859
-125.370364969218
-125.370127651283
-125.369979125290
-125.369842080878
-125.369422023244
-125.369363430073
-125.369347886270
-125.369074785032
-125.369039055922
-125.368931955809
-125.368872630643
-125.368742358010
-125.368257472487
-125.368256139676
-125.368181444178
-125.367997352105
-125.367677878225
-125.367554383089
-125.367491879084
-125.367367705650
-125.367148564623
-125.366797180781
-125.366544501608
-125.366517482616
-125.366279941611
-125.366242119630
-125.366104224427
-125.366063696160
-125.366023577955
-125.365996086587
-125.365813890627
-125.365307009205
-125.365196518953
-125.365161425500
-125.364977624193
-125.364781985485
-125.364673625761
-125.364655284182
-125.364631480838
-125.364318056777
-125.364133969741
-125.363903202902
-125.363733458986
-125.363597017907
-125.363093343439
-125.362877418288
-125.362519436794
-125.362427960149
-125.362321321136
-125.362282994691
-125.361948460991
-125.361845499379
-125.361794598225
-125.361793307881
-125.361349607902
-125.361267676175
-125.360906430515
-125.360477597055
-125.360295869203
-125.360097286260
-125.359415173017
-125.359357748051
-125.359337350833
-125.359098933190
-125.359097097068
-125.359036150196
-125.358928649155
-125.358869877777
-125.358806897988
-125.358792899119
-125.358701842445
-125.358598484446
-125.358577983694
-125.358263401285
-125.357965428816
-125.357860299967
-125.357737746110
-125.357594099467
-125.357431518889
-125.357066673025
-125.356986840659
-125.356824485927
-125.356777693241
-125.356620425766
-125.356517236344
-125.356504337321
-125.356438806133
-125.356231230295
-125.356121566644
-125.356052169469
-125.355916280202
-125.355759690474
-125.355509880153
-125.355003728128
-125.354740196872
-125.354702298486
-125.354622280413
-125.354508374845
-125.354375517011
-125.354345647000
-125.354076870336
-125.354075494745
-125.354060108495
-125.354038664676
-125.353935183142
-125.353654138631
-125.353279282747
-125.353183902579
-125.353153504203
-125.352900773070
-125.352832624294
-125.352601222557
-125.352139189719
-125.352046081242
-125.351943705579
-125.351554717492
-125.351384410669
-125.351138718919
-125.351037664880
-125.350940855176
-125.350761557995
-125.350383676074
-125.350355487155
-125.350338731534
-125.350337392650
-125.350243819379
-125.350058479552
-125.349803078501
-125.349786305946
-125.349755326707
-125.349710814338
-125.349673661797
-125.349352751828
-125.348964587659
-125.348950783370
-125.348825782661
-125.348468067017
-125.348380924599
-125.348162056710
-125.348110330144
-125.347993123913
-125.347992305677
-125.347845666820
-125.347759893553
-125.347752475924
-125.347421072221
-125.347274796575
-125.347237792237
-125.346984945965
-125.346922080980
-125.346727924246
-125.346647014865
-125.346642203066
-125.346400024501
-125.345942774814
-125.345911619390
-125.345387247896
-125.345104094557
-125.345095391744
-125.345069690153
-125.345017855372
-125.344776692734
-125.344288492261
-125.344241873637
-125.344181182618
-125.343877843449
-125.343866195349
-125.343849676646
-125.343757473553
-125.343469243268
-125.342998206705
-125.342922992607
-125.342878660565
-125.342830727074
-125.342781087515
-125.342721937477
-125.342676144645
-125.342595277273
-125.342303617295
-125.342153085855
-125.341565719753
-125.341517684938
-125.341471670353
-125.341341066881
-125.341133513057
-125.341018553221
-125.340868333204
-125.340796478652
-125.340495054891
-125.340329194493
-125.340253654499
-125.339989869751
-125.339732373780
-125.339638132818
-125.339506306976
-125.339491559027
-125.339311644079
-125.339155629780
-125.339052673370
-125.338951660603
-125.338661392762
-125.338570739194
-125.338161069791
-125.338111954807
-125.337903261449
-125.337827783898
-125.337789961997
-125.337636364696
-125.337412186717
-125.337334367678
-125.336969012412
-125.336832518164
-125.336706371911
-125.336350370307
-125.336331130580
-125.336078295461
-125.336035559234
-125.335835644401
-125.335835510660
-125.335749623122
-125.335326988550
-125.334810859004
-125.334728280318
-125.334657640751
-125.334101740930
-125.333988479399
-125.333919515799
-125.333709323499
-125.333665526257
-125.333562266663
-125.333281187554
-125.333188181937
-125.333112904010
-125.332856965836
-125.332730099181
-125.332619045736
-125.332589636252
-125.332525208079
-125.332385141008
-125.332266439767
-125.332216604818
-125.332196029739
-125.332100212274
-125.331966257766
-125.331610986459
-125.331522181125
-125.331318829153
-125.330979555512
-125.330778740883
-125.330504186022
-125.330484142073
-125.330467481128
-125.330425289777
-125.330167375099
-125.329950985211
-125.329737156113
-125.329602050244
-125.329588375351
-125.329549761250
-125.329535862835
-125.329464956711
-125.329291209928
-125.329163788247
-125.328836307627
-125.328542972430
-125.328074337872
-125.328002110770
-125.327765695997
-125.327685238955
-125.327628200853
-125.327581037167
-125.327509334444
-125.327441934352
-125.326907682776
-125.326877480592
-125.326875938788
-125.326763572778
-125.326681977221
-125.326586722575
-125.326461992575
-125.326242511153
-125.326064464315
-125.326022401550
-125.325663696534
-125.325599537073
-125.325294365535
-125.325256012490
-125.325043597479
-125.324837473267
-125.324610750936
-125.324478673337
-125.324272101596
-125.324201198359
-125.324187847828
-125.323895024962
-125.323739588566
-125.323699524124
-125.323611131662
-125.323132931582
-125.322845171426
-125.322841443379
-125.322623860446
-125.322616811858
-125.322509069636
-125.322325314168
-125.322208295219
-125.322169617523
-125.322081849872
-125.322068791396
-125.322035099033
-125.321648882652
-125.321548076290
-125.321020074854
-125.320941688953
-125.320940790488
-125.320762994302
-125.320621889981
-125.320617894971
-125.320584024975
-125.320573583032
-125.320168341468
-125.320054574086
-125.320009419190
-125.319583259472
-125.319311992065
-125.319248097287
-125.319209520915
-125.319169645536
-125.318783011308
-125.318469564043
-125.318439039179
-125.318430333135
-125.318421716641
-125.318321898454
-125.318214815236
-125.318117923218
-125.318013649776
-125.317720275266
-125.317599980313
-125.316854880466
-125.316836240799
-125.316763226723
-125.316720014295
-125.316702486916
-125.316669413855
-125.316515220607
-125.316115046760
-125.315954562406
-125.315795236662
-125.315594983258
-125.315466907352
-125.315211909852
-125.315056272039
-125.314815050199
-125.314792967543
-125.314694053163
-125.314494057029
-125.314075228900
-125.314039914877
-125.313835945733
-125.313757540405
-125.313569141901
-125.313476292380
-125.313455009085
-125.313404292820
-125.313333134666
-125.313187097385
-125.312919342573
-125.312873654757
-125.312633995563
-125.312484146489
-125.312178376549
-125.312052483795
-125.312001385951
-125.311998255506
-125.311956499202
-125.311748358606
-125.311556485786
-125.311432810393
-125.311384696416
-125.311014741609
-125.310966833427
-125.310565592156
-125.310500265626
-125.310447743024
-125.310401642275
-125.310340232342
-125.309936233339
-125.309909429207
-125.309531104318
-125.309528878975
-125.309425159517
-125.309146604192
-125.309002380243
-125.308896185219
-125.308826880534
-125.308651035348
-125.308421533739
-125.308227831973
-125.307840945542
-125.307788454220
-125.307407695563
-125.307294931773
-125.307110420560
-125.306982097847
-125.306876355897
-125.306810815731
-125.306708970532
-125.306470913755
-125.306182990435
-125.306128861826
-125.306005447478
-125.305962314193
-125.305956002689
-125.305748551318
-125.305501238339
-125.305102169841
-125.304848594502
-125.304671115209
-125.304670021486
-125.304576535684
-125.304399883248
-125.304372206593
-125.304171220569
-125.303750054992
-125.303748060885
-125.303473054359
-125.303188968493
-125.303089758086
-125.302966230463
-125.302728663106
-125.302556908623
-125.302458258971
-125.302070045999
-125.301936375231
-125.301730267529
-125.301595220753
-125.301496796629
-125.301468981202
-125.301093574662
-125.301079967241
-125.301036456521
-125.300565450942
-125.300313172669
-125.300283637371
-125.300139098499
-125.300104461064
-125.299796942181
-125.299289260745
-125.299210095581
-125.299187712264
-125.299102848542
-125.299034927277
-125.298985076591
-125.298886609614
-125.298880022956
-125.298783741385
-125.298748586643
-125.298417906719
-125.298295419438
-125.298045559374
-125.298016109458
-125.297983761640
-125.297442657059
-125.297239188612
-125.297209947146
-125.296846811184
-125.296685658846
-125.296677897568
-125.296664850618
-125.296303545418
-125.295896037540
-125.295827404564
-125.295531285105
-125.295359401859
-125.295132934888
-125.295025840595
-125.294747144717
-125.294611028628
-125.294596358957
-125.294555943696
-125.294504930485
-125.294050357787
-125.293963140365
-125.293834230312
-125.293797458078
-125.293442509047
-125.293284608394
-125.293209485665
-125.293186405529
-125.293086476275
-125.293025630417
-125.292934080124
-125.292906429816
-125.292330696354
-125.292115908689
-125.292001519586
-125.291964643947
-125.291664963281
-125.291635908123
-125.291602738247
-125.291176675860
-125.291172257456
-125.290899459674
-125.290855265412
-125.290605183519
-125.290232531953
-125.290049885268
-125.289984797912
-125.289851750772
-125.289748428433
-125.289599021396
-125.289483123237
-125.289478575482
-125.289199503680
-125.289103533956
-125.288905743164
-125.288667127866
-125.288465045497
-125.288378258818
-125.288208488028
-125.287945396594
-125.287589518572
-125.287443307592
-125.287380378946
-125.287304888590
-125.287260052008
-125.287210921985
-125.286877670198
-125.286868988537
-125.286847989770
-125.286757776768
-125.286657393912
-125.286516959081
-125.286421206147
-125.286409108434
-125.286114146611
-125.286000728681
-125.285769874066
-125.285761866175
-125.285285023363
-125.285143028268
-125.284974974205
-125.284967936427
-125.284881552294
-125.284818465872
-125.284676675085
-125.284437351725
-125.284225868699
-125.284141168418
-125.284103813341
-125.283994699920
-125.283855049938
-125.283597647876
-125.283355204227
-125.283331525576
-125.283251718652
-125.282850997840
-125.282705174818
-125.282589974321
-125.282308794925
-125.282248248219
-125.282230730289
-125.282076855512
-125.281824944667
-125.281804831313
-125.281136633900
-125.281123764857
-125.280983790062
-125.280976840533
-125.280922511298
-125.280149257239
-125.280004840198
-125.280001481979
-125.279924408768
-125.279872658712
-125.279658187095
-125.279394863102
-125.279309053005
-125.279253873846
-125.279000664869
-125.278983058954
-125.278940004121
-125.278760299525
-125.278704057310
-125.278670340316
-125.278264933925
-125.278212019921
-125.278153027583
-125.278071543487
-125.277498792043
-125.277484656917
-125.277298312834
-125.277293444477
-125.277181900635
-125.276964396586
-125.276943239268
-125.276749923439
-125.276578577447
-125.276559931989
-125.276403426440
-125.275863257949
-125.275766175267
-125.275660994925
-125.275605042955
-125.275379780555
-125.275281944062
-125.274897467307
-125.274862608005
-125.274485928532
-125.274456024116
-125.274452119520
-125.274392517022
-125.274178952078
-125.274177931985
-125.273897297261
-125.273755609873
-125.272985423569
-125.272949732546
-125.272944714712
-125.272825043676
-125.272740579439
-125.272585312190
-125.271901245936
-125.271826669610
-125.271739972787
-125.271563935639
-125.271512988523
-125.271468692890
-125.271070238010
-125.271021420730
-125.271018468496
-125.270976719526
-125.270823113074
-125.270482384002
-125.270452007979
-125.270223958754
-125.269908424496
-125.269905786111
-125.269840784090
-125.269651007666
-125.269426823400
-125.269407607646
-125.269227510216
-125.269073867393
-125.268644685907
-125.268459786255
-125.268388051455
-125.268244330044
-125.268235258112
-125.268234221966
-125.268120261330
-125.268043886288
-125.268010292810
-125.267975855469
-125.267833190713
-125.267578159341
-125.267410861031
-125.267285374428
-125.267107798074
-125.266522606832
-125.266472174022
-125.266436618878
-125.266333301312
-125.266258844168
-125.266017235656
-125.265999081697
-125.265823802366
-125.265718919316
-125.265541714559
-125.265248297218
-125.265208583539
-125.265194591706
-125.264966929160
-125.263986046330
-125.263920550604
-125.263657750807
-125.263534179862
-125.263441958608
-125.263277281608
-125.263253860145
-125.263218796252
-125.263149178429
-125.262975791916
-125.262930017993
-125.262925235458
-125.262250245603
-125.261920268263
-125.261822409861
-125.261776754220
-125.261725019019
-125.261542688766
-125.261431521641
-125.261286421419
-125.261285087197
-125.261152809865
-125.260817610342
-125.260798027704
-125.260740144143
-125.260593336425
-125.260238929379
-125.260210279954
-125.259803761050
-125.259774865685
-125.259725693663
-125.259568644151
-125.259533116981
-125.259346840321
-125.258781841705
-125.258543340779
-125.258289428205
-125.258197697678
-125.258143983231
-125.258056115420
-125.257984691576
-125.257558781696
-125.257225060115
-125.257177371450
-125.257009334703
-125.256470036122
-125.256307975822
-125.256137628719
-125.256010405492
-125.255794815534
-125.255632638142
-125.255299297345
-125.254951815937
-125.254621082647
-125.254567211473
-125.254119859010
-125.253936361758
-125.253652114076
-125.253175801637
-125.252987602812
-125.252946686311
-125.252792985836
-125.252640392954
-125.252482548044
-125.252430832229
-125.252375349951
-125.252312443214
-125.252205725189
-125.252056864894
-125.251857275639
-125.251405322595
-125.251318534013
-125.251253362148
-125.250972875130
-125.250956478601
-125.250638144196
-125.250387527057
-125.250103450781
-125.250061535341
-125.249445823201
-125.249443405393
-125.248961115317
-125.248742299894
-125.248143170618
-125.247890977202
-125.247852232847
-125.247828886674
-125.247436675032
-125.247328156768
-125.247055081805
-125.247033254165
-125.246751479553
-125.246619158930
-125.246501403770
-125.246092928715
-125.245903466425
-125.245471300906
-125.245389102781
-125.245048654455
-125.244988455590
-125.244856143755
-125.244561116557
-125.244472392198
-125.244199772287
-125.244162166771
-125.244099170296
-125.243882417913
-125.243870380700
-125.243621936664
-125.243409803354
-125.243395587488
-125.243198443311
-125.243058941082
-125.242536949884
-125.242471195117
-125.242399840387
-125.242135886458
-125.242100672610
-125.241822197628
-125.241460466388
-125.241393786484
-125.241029729157
-125.240756850348
-125.240182387001
-125.239983505631
-125.239911867806
-125.239740361102
-125.239700018643
-125.239667932820
-125.239641742232
-125.239423980447
-125.239421972003
-125.239341908676
-125.239323998082
-125.239187309116
-125.239077865415
-125.238231297680
-125.238222541850
-125.237971983503
-125.237702358189
-125.237618020492
-125.237454602554
-125.237283901988
-125.237226882329
-125.237218794380
-125.237063063802
-125.236852445961
-125.236805718287
-125.236048042764
-125.235715116223
-125.235597211557
-125.235425606815
-125.235354338823
-125.235309691650
-125.234991744675
-125.234697242665
-125.234564554139
-125.234411848503
-125.234296296439
-125.234263752865
-125.233926010501
-125.233627206232
-125.233521920286
-125.233437027423
-125.233164833897
-125.233033511952
-125.232622330950
-125.232411487148
-125.232338678265
-125.232304177212
-125.231706507475
-125.231355552705
-125.230645435311
-125.230604760795
-125.230102114858
-125.230035718953
-125.229985415098
-125.229667298495
-125.229580249602
-125.229398012187
-125.228970806612
-125.228909500655
-125.228616030470
-125.228206005004
-125.227558806867
-125.227262288881
-125.227227077762
-125.227213847466
-125.226962913669
-125.226935637266
-125.226903721212
-125.226538166178
-125.226526841354
-125.226482759830
-125.225924064001
-125.225782941978
-125.225494849189
-125.225439027921
-125.225417152050
-125.225165155446
-125.225096216425
-125.225092223313
-125.225011452287
-125.224452832556
-125.224149816003
-125.224115150288
-125.224042725294
-125.223823935605
-125.223660485398
-125.223522301443
-125.223232806027
-125.222574968211
-125.222572183173
-125.222461615980
-125.222292312495
-125.222207498245
-125.221952453063
-125.221858462303
-125.221355417168
-125.221094190459
-125.221049464734
-125.220876509472
-125.220800634321
-125.220580914664
-125.220217989181
-125.220177635971
-125.219717953939
-125.219554539401
-125.219280075968
-125.219077376645
-125.218920322828
-125.218797510786
-125.218569406648
-125.218060641583
-125.217903833559
-125.217791923263
-125.217730920013
-125.217658455585
-125.217332090081
-125.217274382547
-125.217212835470
-125.217167423033
-125.217112691908
-125.216466510271
-125.216408787663
-125.216383815361
-125.216259431878
-125.216071338506
-125.215239314828
-125.215218882731
-125.214929012385
-125.214887808720
-125.214690531938
-125.214663515064
-125.214602722550
-125.214472949990
-125.214251311013
-125.214023074675
-125.213737098627
-125.213705091912
-125.213519228911
-125.213424916704
-125.213183341671
-125.213138526369
-125.212398093697
-125.212296185365
-125.212117738103
-125.211937270770
-125.211884703655
-125.211365421559
-125.211287266151
-125.211224690335
-125.211146187938
-125.210983218640
-125.210895157113
-125.210788755108
-125.210433194442
-125.210129874961
-125.209546897031
-125.209532089074
-125.209485255328
-125.209381368284
-125.209238713771
-125.209197742924
-125.209165867090
-125.208843866110
-125.208588797720
-125.208319492004
-125.208139296550
-125.208099852268
-125.207947261172
-125.207883036228
-125.207466787565
-125.207367191435
-125.207124937315
-125.206874309188
-125.206774617824
-125.206659104762
-125.206448135881
-125.206382234249
-125.206137350642
-125.205865119471
-125.205711906070
-125.205682474615
-125.205337323114
-125.205135336912
-125.205001541222
-125.204678426916
-125.204450217219
-125.203884734894
-125.203619646514
-125.203485170059
-125.203382121188
-125.203223685634
-125.203087971398
-125.202867227394
-125.202835401559
-125.202824894899
-125.202710715045
-125.201962685357
-125.201880900510
-125.201868949734
-125.201671272118
-125.201274847652
-125.200999998986
-125.200924458084
-125.200885004505
-125.200879252774
-125.200513405856
-125.200325766694
-125.200288065907
-125.199848032648
-125.199611767109
-125.199501453216
-125.199334292919
-125.199046517728
-125.198868566935
-125.198630022136
-125.197943344020
-125.197926585507
-125.197636758778
-125.197615699802
-125.197490315425
-125.197404158424
-125.196794486123
-125.196657682888
-125.196487052233
-125.196388484885
-125.196284951599
-125.196164511288
-125.195989717427
-125.195781441955
-125.195109015149
-125.194683616489
-125.194490103075
-125.194303489834
-125.194026571507
-125.194011143143
-125.193529068500
-125.193407470949
-125.193212913183
-125.193019980726
-125.193014240115
-125.192880070794
-125.192410526676
-125.192154958821
-125.192072193576
-125.191909765752
-125.191786253594
-125.191786094809
-125.191486110412
-125.191148420328
-125.190627626051
-125.190575254816
-125.190384100649
-125.190160250162
-125.190051463132
-125.189899312320
-125.189711692420
-125.189393310855
-125.189086919490
-125.188951268239
-125.188579701648
-125.188051494255
-125.187859599822
-125.187704193875
-125.187431780356
-125.187246956862
-125.187102036386
-125.187059101786
-125.187021235469
-125.187001793553
-125.186940042458
-125.186790949295
-125.186494574640
-125.186066351135
-125.185640756301
-125.185238499220
-125.184943129481
-125.184909333115
-125.184839192529
-125.184384178060
-125.183802408531
-125.183719058341
-125.183549577186
-125.183398292948
-125.183232994033
-125.183212810134
-125.183172732678
-125.182969433994
-125.182921496758
-125.182720890096
-125.182245842091
-125.181917549504
-125.181547146299
-125.181465312954
-125.181277227083
-125.180996167423
-125.180958953210
-125.180865300778
-125.180763381507
-125.180555007220
-125.180454746317
-125.180377055146
-125.180026508606
-125.179995244774
-125.179733409728
-125.179429807230
-125.179122327697
-125.179103701689
-125.178904882392
-125.178902489937
-125.178412569426
-125.178402270563
-125.177329764743
-125.177272223492
-125.177097131193
-125.177093263976
-125.176340995645
-125.176097584231
-125.176044866462
-125.175894978116
-125.175713860397
-125.175463558389
-125.175221489554
-125.174981488743
-125.174826456717
-125.174750590382
-125.174626309053
-125.174593979971
-125.174559091696
-125.174439388947
-125.174410335410
-125.174339520627
-125.174183197490
-125.173718112965
-125.173124630852
-125.172968789950
-125.172955914088
-125.172457185344
-125.172411279147
-125.172203863559
-125.172113436268
-125.172109095106
-125.172099527869
-125.171789838782
-125.171506667374
-125.171322595897
-125.170956417801
-125.170725227730
-125.169929818814
-125.169815162179
-125.169645756752
-125.169631602752
-125.169628517111
-125.169270008803
-125.169260077736
-125.168883531711
-125.168583733646
-125.168529741209
-125.168503510823
-125.168331120535
-125.168250657752
-125.167690968994
-125.167645406067
-125.167524510358
-125.167514847705
-125.166781620601
-125.166712656438
-125.166693528792
-125.166409744362
-125.166231648803
-125.166029814839
-125.165972225324
-125.165893829037
-125.165332296437
-125.164940842160
-125.164787650133
-125.164784020079
-125.164385750957
-125.164322478588
-125.164291774119
-125.163997742451
-125.163435352417
-125.163138004213
-125.162957986483
-125.162583240827
-125.162526533341
-125.162358988931
-125.162119539112
-125.162008264693
-125.161909275270
-125.161363499482
-125.160872902215
-125.160331780113
-125.160073386884
-125.160012602835
-125.160002723691
-125.159897708229
-125.159839382324
-125.159315955884
-125.158955314216
-125.158897240456
-125.158612141273
-125.158556634037
-125.158183669598
-125.157981056298
-125.157901918999
-125.157625226910
-125.157279819543
-125.156887490233
-125.156811333641
-125.156658542124
-125.156416923389
-125.155943239823
-125.155454923453
-125.154991975642
-125.154963739961
-125.154892790831
-125.154661001762
-125.154583314477
-125.154558394975
-125.154306088740
-125.154026994836
-125.153893207050
-125.153438794676
-125.152962719215
-125.152818012134
-125.152733573407
-125.152621990414
-125.152389033017
-125.152193329790
-125.152103190319
-125.151859998337
-125.151538043934
-125.151382305062
-125.151282433329
-125.150973953988
-125.150151499664
-125.149932222263
-125.149913562634
-125.149861912311
-125.149587360811
-125.149418229069
-125.149153345474
-125.148754565377
-125.148614076461
-125.148422129622
-125.147954479673
-125.147808622344
-125.147515931612
-125.147388479733
-125.147102642098
-125.146825256746
-125.146298441712
-125.146151896230
-125.145865771563
-125.145765381981
-125.144906448015
-125.144540460968
-125.144052557088
-125.143768631929
-125.143691441425
-125.143676634066
-125.143610139766
-125.143521244597
-125.143288750063
-125.142777335861
-125.142724777199
-125.142660713853
-125.142561459609
-125.142410337161
-125.142367521176
-125.142137431462
-125.141669587853
-125.141664688822
-125.141519287916
-125.140494110131
-125.140308712033
-125.140232494834
-125.139885278721
-125.139756384967
-125.139591585972
-125.139551410029
-125.139081350734
-125.138779468253
-125.138630983036
-125.138058140832
-125.137963575489
-125.137786731968
-125.137593904435
-125.137560537001
-125.137170282406
-125.136367779030
-125.135993382438
-125.135854233211
-125.135846827371
-125.135622354430
-125.134895626653
-125.134778599416
-125.134446467458
-125.133755609531
-125.133604210314
-125.133169712588
-125.132941749396
-125.132600650275
-125.132501773264
-125.132160114000
-125.131934894153
-125.131856653884
-125.131766384962
-125.131281025968
-125.131130571950
-125.131058955307
-125.130914456363
-125.130484851596
-125.130421206851
-125.130403633777
-125.129894520150
-125.129893615711
-125.129715964916
-125.129618826982
-125.129545499038
-125.128984953300
-125.128820998263
-125.128764739563
-125.128708030242
-125.128177153078
-125.128121894066
-125.127906537680
-125.127340862639
-125.127127112282
-125.126322909307
-125.126268317453
-125.126051921350
-125.125953782371
-125.125781395522
-125.125555505739
-125.125295887367
-125.124903868627
-125.124748929395
-125.124693442928
-125.124572152595
-125.124326163534
-125.123642580983
-125.123388253113
-125.123354801762
-125.123001237928
-125.122816662433
-125.122774060993
-125.122379968074
-125.121506704509
-125.121371214590
-125.121171547659
-125.121100669661
-125.121078286112
-125.120763039771
-125.120487277089
-125.120345269968
-125.120179028209
-125.120124072190
-125.119993858636
-125.119983532719
-125.119978134069
-125.119687220734
-125.119510238694
-125.119088118583
-125.118593386039
-125.118539519189
-125.118528295399
-125.117537518779
-125.117423803868
-125.117310440942
-125.116778068366
-125.116738126080
-125.116691324607
-125.116260714410
-125.116221294203
-125.115960112946
-125.115074896540
-125.114079384074
-125.113739159072
-125.112951940124
-125.112780668131
-125.112727481396
-125.112581565013
-125.112356970127
-125.112258305196
-125.112221787538
-125.111928964204
-125.111808620875
-125.111387596329
-125.111292962189
-125.111098155884
-125.110743499261
-125.110696280300
-125.110043784398
-125.109951288440
-125.109300168702
-125.108347370550
-125.108278088970
-125.108191972827
-125.107655266803
-125.107653120979
-125.107184720647
-125.107169330658
-125.107083656034
-125.106403763771
-125.105874703585
-125.105768635297
-125.105634417499
-125.105434110394
-125.105285745365
-125.104061778100
-125.104015712971
-125.103778150262
-125.103694809704
-125.103674182843
-125.103631849938
-125.103546689673
-125.102487285722
-125.102480578416
-125.102075213246
-125.101498773395
-125.101488361438
-125.101403371312
-125.100926875685
-125.100642215892
-125.100184005549
-125.099529268668
-125.099415339712
-125.099340178040
-125.098887200294
-125.098707934715
-125.098650030716
-125.098245702579
-125.097723239295
-125.097385656425
-125.097181827921
-125.096977323514
-125.096706717196
-125.096604884504
-125.096200707549
-125.095635565702
-125.095404287260
-125.095013055130
-125.094886818066
-125.094046163515
-125.093619894568
-125.093500839326
-125.093455672965
-125.092829682708
-125.092747367838
-125.092255865929
-125.091614745362
-125.091452172848
-125.091230697989
-125.090997859555
-125.090647422066
-125.090321096366
-125.089634786345
-125.089629823794
-125.089199439336
-125.088785314135
-125.088434867275
-125.088411543540
-125.088024642965
-125.088018384711
-125.088000234973
-125.087345937721
-125.086042281972
-125.086027356214
-125.085688222782
-125.085002433110
-125.083931169944
-125.083922253446
-125.083278766564
-125.082398514085
-125.082384342557
-125.082278639354
-125.081677205740
-125.081561813733
-125.080549793282
-125.080399589931
-125.080282976032
-125.079935708464
-125.078641839953
-125.078247763035
-125.078133838697
-125.078123412717
-125.078093928564
-125.077883268197
-125.077557747379
-125.077456825547
-125.077278307726
-125.076838201499
-125.075884795426
-125.075451564509
-125.074903341216
-125.074585051404
-125.074422876525
-125.074262454526
-125.073732057405
-125.072940230362
-125.072869485811
-125.072067066606
-125.071906640945
-125.071129232634
-125.070870855885
-125.070758656371
-125.070751663393
-125.070129975608
-125.070001402455
-125.069976443094
-125.069865845995
-125.068542562250
-125.066640493527
-125.065709516361
-125.065651521449
-125.065425895414
-125.064709906335
-125.063763486759
-125.063273703868
-125.063187909331
-125.062753081172
-125.062359905360
-125.062341302777
-125.062030208448
-125.061809398803
-125.061532717953
-125.061334418847
-125.061034863724
-125.060410560373
-125.059598315219
-125.057828831430
-125.057549606251
-125.057014918466
-125.056109670696
-125.056014249199
-125.055878582276
-125.055623755079
-125.055166594108
-125.054939585858
-125.054749135566
-125.054741972782
-125.054268898197
-125.054110911918
-125.054087084900
-125.053748024150
-125.053044047639
-125.052069649503
-125.051531362924
-125.051512648354
-125.051148301942
-125.050424566374
-125.050364134270
-125.050353361815
-125.048860487865
-125.048753804432
-125.048511707411
-125.048450746134
-125.047918947929
-125.047796901888
-125.047296932866
-125.046276435838
-125.046023942353
-125.045502656960
-125.044659461571
-125.044639940157
-125.044601505092
-125.043953990526
-125.043903471960
-125.043806846041
-125.043543016936
-125.043204889526
-125.040629148025
-125.040605906733
-125.040563135509
-125.040548522739
-125.040255888270
-125.040065611848
-125.039937716050
-125.039001082704
-125.038634344876
-125.038354125777
-125.037682974021
-125.037486811714
-125.037424021069
-125.036378890937
-125.036300648602
-125.036058305692
-125.035561623900
-125.035230902209
-125.034841052592
-125.034619582111
-125.034601411861
-125.034082511339
-125.033812495721
-125.033143915519
-125.032915344903
-125.032837066016
-125.032790250154
-125.032517882808
-125.032235184379
-125.032175721303
-125.031796148151
-125.031732643534
-125.031278613058
-125.031276254798
-125.030564962406
-125.030510386742
-125.030400764738
-125.030390178912
-125.030298400276
-125.029823013918
-125.029407901426
-125.028542119764
-125.028416747327
-125.028363001571
-125.027420723612
-125.027099296146
-125.026723587190
-125.026609413766
-125.026056258433
-125.025768820462
-125.025766005280
-125.025302702756
-125.025064996801
-125.025019604147
-125.024991315335
-125.024949669850
-125.024932912398
-125.024727077300
-125.024038055253
-125.023753668786
-125.023396615656
-125.023222094443
-125.022827652386
-125.021789758677
-125.021731047351
-125.021341196271
-125.021152623522
-125.020702244887
-125.020625927119
-125.020569919889
-125.019711072062
-125.019685890400
-125.019478014003
-125.019416185751
-125.018734956777
-125.018471639171
-125.017952415801
-125.017811486485
-125.017469305646
-125.016607795113
-125.016131163769
-125.015848601002
-125.015628610905
-125.015205976439
-125.015175828403
-125.015126023726
-125.015063565380
-125.013793187315
-125.013534953274
-125.013320082812
-125.013118575249
-125.012758080602
-125.012677981622
-125.012423281551
-125.012319816288
-125.012214544833
-125.011027315513
-125.010545000632
-125.010133893233
-125.009686264698
-125.009489752532
-125.009264404438
-125.008965814214
-125.008813905207
-125.008667515926
-125.008404576655
-125.008198632488
-125.008175969350
-125.007249925001
-125.007048990682
-125.006990410604
-125.006482730106
-125.006232999042
-125.006165461691
-125.006111017435
-125.005707159674
-125.005580122189
-125.004946956411
-125.004868321898
-125.004659421579
-125.004620318667
-125.003825453302
-125.003339144619
-125.003113155577
-125.002948470065
-125.002767704860
-125.002691364508
-125.002190353399
-125.001134951960
-125.000952740123
-125.000133866600
-124.999896322887
-124.999888001496
-124.999606373246
-124.999562079866
-124.999413108280
-124.999070390630
-124.998947926068
-124.998189019471
-124.998051186263
-124.997532496946
-124.996988374705
-124.996454497763
-124.996272401765
-124.996162096263
-124.996026665820
-124.995336361808
-124.995147971158
-124.994998837163
-124.994697313522
-124.994019593192
-124.993430763100
-124.993235950883
-124.992421852499
-124.992153871642
-124.991602641037
-124.991483739274
-124.990950682624
-124.990557667003
-124.990417366635
-124.989467192425
-124.989085566814
-124.988997704086
-124.988412885982
-124.987806540999
-124.987806505695
-124.987256727463
-124.986387552869
-124.986301642289
-124.986113130733
-124.985830814696
-124.985454541064
-124.985131509880
-124.984819570618
-124.984700022145
-124.984573413268
-124.984392342917
-124.983988737355
-124.983225834482
-124.982501071360
-124.982192159923
-124.981753120191
-124.981458330980
-124.980010209056
-124.979928585675
-124.978966545634
-124.978667758587
-124.978013652162
-124.977927007357
-124.976184463757
-124.975619422010
-124.975295437489
-124.974848828280
-124.973874481087
-124.973860088669
-124.972978776505
-124.970906812019
-124.970634814953
-124.968655320661
-124.967867291416
-124.967856715848
-124.967823202626
-124.965106507860
-124.964101557992
-124.962433515305
-124.962103378487
-124.961895220179
-124.960213693162
-124.958925860530
-124.957865608035
-124.957747154883
-124.955255633094
-124.954494672529
-124.953320245290
-124.952905324941
-124.952595494846
-124.950882300117
-124.950236959024
-124.949725815904
-124.949488922956
-124.949276109392
-124.948930649957
-124.947933752876
-124.946714350651
-124.946029124144
-124.945994968343
-124.944927716651
-124.944818744474
-124.944080914392
-124.943509725210
-124.942232549164
-124.941908585290
-124.941313734474
-124.940864577909
-124.940242594721
-124.939939875418
-124.939263748631
-124.939065630982
-124.938178103218
-124.938012166815
-124.937969381126
-124.937187979037
-124.937179943726
-124.936608861746
-124.935305274595
-124.934559849030
-124.934314161938
-124.934059010787
-124.933797113955
-124.933790170216
-124.933748547341
-124.933259365565
-124.932166719757
-124.931327223020
-124.930988627209
-124.929092821308
-124.928755755820
-124.928520371744
-124.928282123769
-124.928225824484
-124.928061135318
-124.927675121318
-124.927654467869
-124.927200305760
-124.926298330783
-124.924954674439
-124.924412239204
-124.923821084119
-124.923615510015
-124.923360684887
-124.922940601550
-124.922245307563
-124.921466398603
-124.921103683088
-124.919210602463
-124.918963226726
-124.918494551235
-124.917674977202
-124.917199073752
-124.916409084943
-124.916140745028
-124.915618583119
-124.915439552654
-124.915197548916
-124.914557896532
-124.913726823253
-124.913461702118
-124.913361641420
-124.912885087819
-124.912015270865
-124.911661255369
-124.911625179291
-124.910988187556
-124.910606374720
-124.909197526821
-124.908914049846
-124.907911659611
-124.907557900226
-124.907170446873
-124.906918606299
-124.905642824798
-124.905023784588
-124.904914981797
-124.904626931828
-124.904135056765
-124.903214332239
-124.902884457690
-124.902489942179
-124.902040885775
-124.901294288640
-124.900771896566
-124.900555318047
-124.900170162944
-124.897411296044
-124.896832571538
-124.895962013830
-124.894602013102
-124.893155582420
-124.892112409429
-124.889821198788
-124.888898229665
-124.888056474766
-124.887028399903
-124.886524916580
-124.885726117164
-124.884234194910
-124.881677309389
-124.880968864330
-124.880145807731
-124.879556384438
-124.877703641396
-124.876172628929
-124.875931069076
-124.875908170243
-124.875688019288
-124.875450782604
-124.874916044200
-124.873751885774
-124.873671668964
-124.870997836661
-124.869345605767
-124.868150482675
-124.868127262330
-124.865204524370
-124.863290355186
-124.863201377824
-124.862260314536
-124.861974078422
-124.860603448233
-124.860059210003
-124.858935170443
-124.856525139621
-124.853634850625
-124.853013089280
-124.851213002396
-124.851067885373
-124.850622683278
-124.850435951881
-124.850041931003
-124.848616467193
-124.847829938865
-124.847278707412
-124.846927702370
-124.846764692126
-124.845500971585
-124.844549063787
-124.844159559596
-124.842213405224
-124.842211794675
-124.842144798437
-124.840932153400
-124.840279048474
-124.840103753992
-124.840089627999
-124.840024936520
-124.838514241847
-124.837191869349
-124.836792040202
-124.836442089694
-124.833947458904
-124.833526313225
-124.832740414582
-124.832566018662
-124.832457576822
-124.832163658229
-124.831298089471
-124.827861334129
-124.827767050450
-124.827309941686
-124.826199460716
-124.826050506448
-124.824459501954
-124.824446093702
-124.824114739109
-124.820521953159
-124.819755850782
-124.819424287223
-124.817711935807
-124.815581053688
-124.815430387810
-124.813524670510
-124.813224662906
-124.810646296856
-124.809902030809
-124.809498137793
-124.809399704574
-124.809293302473
-124.808220309640
-124.807454671866
-124.806110898361
-124.805081782529
-124.794951140173
-124.794459641746
-124.793119519936
-124.792686384816
-124.791210113002
-124.790653548673
-124.789186229922
-124.789185827718
-124.787074712964
-124.785006716769
-124.784786002958
-124.783179542179
-124.782504462537
-124.782469009368
-124.782465455936
-124.780779541252
-124.779794289410
-124.778270943795
-124.777624609317
-124.776714416474
-124.775933037360
-124.775273727460
-124.774064950883
-124.771354541797
-124.769338184100
-124.767877244356
-124.767136323766
-124.766870567834
-124.765432114100
-124.763832135825
-124.763341412096
-124.762966739099
-124.760955701076
-124.760238428143
-124.759538487638
-124.758855408599
-124.758345002162
-124.758268171082
-124.757750515748
-124.754352817640
-124.752018567724
-124.750008378912
-124.748085902329
-124.748040393169
-124.747765046276
-124.747731384659
-124.745600053924
-124.745204736805
-124.742718431952
-124.739592962085
-124.737337256677
-124.736578831130
-124.734237518029
-124.731952444956
-124.731256910229
-124.730381314474
-124.728619771401
-124.728437135534
-124.726817599975
-124.725368419312
-124.720990049325
-124.718627407607
-124.711987155328
-124.704520899987
-124.704025729520
-124.696901092150
-124.694066942093
-124.691838119233
-124.687607467441
-124.687220778462
-124.669250727728
-124.665693958603
-124.664134113441
-124.663832471430
-124.663022117866
-124.658692969000
-124.657946136812
-124.657632614322
-124.618842638930
-124.615421217621
-124.612396247666
-124.612036120835
-124.609159731917
-124.606187332304
-124.602560969342
-124.601741990415
-124.601076452922
-124.448264131603
-124.442938847955
