-125.485927262528
-125.485839467189
-125.478027050117
-125.473655628236
-125.472361473968
-125.467836817790
-125.467024243117
-125.466289942938
-125.466285262489
-125.464392795567
-125.462751743159
-125.462007290252
-125.461437765998
-125.460199950813
-125.458850174322
-125.458435991838
-125.457829215503
-125.455831586466
-125.454570946146
-125.451973326411
-125.450899449658
-125.448112725588
-125.447328410606
-125.446256062502
-125.444210773691
-125.442672238520
-125.442245309334
-125.441984271537
-125.439516741845
-125.439511706252
-125.438828985824
-125.437760127251
-125.437685734697
-125.436433439498
-125.434711030033
-125.434447961311
-125.432162197157
-125.368523803151
-125.367078243891
-125.348945225400
-125.348914488547
-125.344770329525
-125.344272000387
-125.337899138878
-125.337437598260
-125.336300032927
-125.335749276094
-125.332255462176
-125.331469639821
-125.329982624707
-125.329623957024
-125.329526398671
-125.327651369243
-125.326926848587
-125.326224804967
-125.325797456120
-125.325436906755
-125.325378765579
-125.324957664072
-125.323529484660
-125.323528500512
-125.323262185007
-125.322624262737
-125.321831503007
-125.321331680462
-125.321290518812
-125.320919092186
-125.319019925990
-125.318909626034
-125.318471922411
-125.318306949569
-125.317728938583
-125.316867996903
-125.316596835029
-125.313748447905
-125.313519866797
-125.313269894416
-125.312996478502
-125.312689693956
-125.312649723819
-125.311264280122
-125.310401140092
-125.309637044628
-125.309376576525
-125.308857432941
-125.308533915659
-125.308460541656
-125.308224559252
-125.307892241472
-125.307019183191
-125.306721248195
-125.306357916852
-125.306318695398
-125.306028890720
-125.305756427947
-125.305603973970
-125.305041447981
-125.304607144740
-125.304450705517
-125.303925933768
-125.303512613087
-125.303106856238
-125.303077230286
-125.302851232580
-125.302749441912
-125.302591671353
-125.302456939307
-125.302097007602
-125.301970783708
-125.301796812844
-125.300889404609
-125.300561735860
-125.299985567414
-125.299819440357
-125.299679913853
-125.299360260872
-125.299022748575
-125.298784719657
-125.298729349252
-125.297915367935
-125.297663056634
-125.296594379579
-125.296309135098
-125.295985186105
-125.294688412196
-125.293771726050
-125.293707757828
-125.292082727118
-125.291330679929
-125.291012694889
-125.289667886627
-125.288910508673
-125.288228003683
-125.287382920903
-125.284694599393
-125.282641301592
-125.281069316682
-125.281010338533
-125.279924652479
-125.279664769309
-125.279304922267
-125.278790995560
-125.278732989969
-125.277738129601
-125.277400988045
-125.275397538697
-125.275009439284
-125.274830307399
-125.274551828655
-125.274477590187
-125.273738984021
-125.273540804209
-125.273409734193
-125.273004915304
-125.271818718870
-125.271772070654
-125.271693954052
-125.270928084096
-125.270663129378
-125.270640779716
-125.270080837550
-125.269947544690
-125.269917295836
-125.269620816097
-125.269493288907
-125.268451737547
-125.268250300455
-125.267783177916
-125.267467942219
-125.266554530413
-125.265818801058
-125.264853628438
-125.264099382175
-125.261651760362
-125.261635457905
-125.260746862144
-125.259900191220
-125.258248688222
-125.256751571166
-125.256726329218
-125.256602974247
-125.256576924055
-125.256186098288
-125.255927949411
-125.255759733268
-125.254917471039
-125.254363535444
-125.254298576038
-125.253983845081
-125.253924599690
-125.253720676843
-125.253490858124
-125.253311512682
-125.252945013364
-125.252718460429
-125.252442793900
-125.251728342431
-125.251632277060
-125.251202560259
-125.250858802877
-125.250272477625
-125.250113140747
-125.249704686907
-125.249643581898
-125.249476826423
-125.248443910314
-125.248278090367
-125.247780133786
-125.247778710722
-125.247595587847
-125.247491790471
-125.247338827529
-125.247200754955
-125.247186880459
-125.246809596559
-125.246753786950
-125.246338818437
-125.246162666526
-125.244876179257
-125.244308472203
-125.244010060351
-125.243851635421
-125.243745692392
-125.243663288465
-125.242304154549
-125.240047806570
-125.238915819048
-125.237441936536
-125.237118791469
-125.237023595597
-125.236726410397
-125.236650922196
-125.236436517032
-125.236152987489
-125.235960215755
-125.235086068297
-125.234829834680
-125.234826420800
-125.234689510984
-125.234320856390
-125.234149958670
-125.233999217287
-125.233640548470
-125.233579347978
-125.233481998124
-125.233149512600
-125.233003740610
-125.232895404132
-125.232849913866
-125.230889670150
-125.230623470978
-125.229295579578
-125.228772010952
-125.228755132349
-125.228744001601
-125.228642372642
-125.228352892058
-125.227818720121
-125.227782136727
-125.226734259944
-125.226410162422
-125.226350738370
-125.226166537908
-125.226157846876
-125.225875027679
-125.225171113887
-125.225164125147
-125.225130406383
-125.225107917886
-125.225069868961
-125.224999041407
-125.224793504457
-125.224779839318
-125.224331583339
-125.224098517562
-125.224068193205
-125.224023825827
-125.223145015512
-125.223136840461
-125.222643489081
-125.222337500376
-125.222330706136
-125.221267365634
-125.220810085501
-125.220600502372
-125.220560277325
-125.220394399477
-125.220274288800
-125.220191549576
-125.219546198062
-125.219146494710
-125.219072264642
-125.218808313141
-125.217639753783
-125.217279602589
-125.217145470879
-125.216997934143
-125.216659371596
-125.216044176273
-125.216002192697
-125.215959766396
-125.215850380930
-125.215721603559
-125.215684518778
-125.215629664683
-125.215511314622
-125.215167180875
-125.215027966865
-125.214996090830
-125.214900600858
-125.214754343502
-125.214400580535
-125.214148311909
-125.213442188585
-125.213263339975
-125.213136155057
-125.212792764981
-125.212638964557
-125.212211968181
-125.212203290405
-125.212109067988
-125.211436333392
-125.211395841357
-125.211322683006
-125.211001114259
-125.210288823795
-125.210094780267
-125.209453105967
-125.208999275008
-125.208692025038
-125.208639844032
-125.208352802552
-125.208024948191
-125.207219635146
-125.207188208417
-125.207006663709
-125.206973775912
-125.206659107606
-125.206643593844
-125.206593837937
-125.206368882280
-125.206132884526
-125.205472374406
-125.205239181712
-125.204632155213
-125.204435182552
-125.204349753582
-125.204217953212
-125.203938887145
-125.203921078607
-125.203911792913
-125.203823199410
-125.203639490416
-125.203388355787
-125.203386698526
-125.203127970643
-125.202928669855
-125.202591213548
-125.202176918184
-125.201952818696
-125.201870107602
-125.201847768701
-125.201587497221
-125.200997808589
-125.200758611648
-125.200693978181
-125.200479427726
-125.200433866507
-125.200420678216
-125.200106465828
-125.199832583893
-125.199797602386
-125.199687806546
-125.199506910536
-125.199476385619
-125.199153909434
-125.199112130044
-125.199045290857
-125.199035448565
-125.198893875095
-125.198815972466
-125.198465341159
-125.198227808123
-125.197902232352
-125.197891673508
-125.197812107979
-125.197592236303
-125.197257183146
-125.197033228468
-125.196871512950
-125.196791460877
-125.196607201709
-125.196253765721
-125.195757997321
-125.195391156671
-125.195045686952
-125.194946029733
-125.194677062238
-125.194114843715
-125.193976332768
-125.193935378143
-125.193401412696
-125.193047899460
-125.192652736190
-125.192545953110
-125.192508426406
-125.192057471059
-125.191639936558
-125.191558615845
-125.191307666322
-125.191286288642
-125.190701966710
-125.190514928962
-125.189826657108
-125.189523701398
-125.189388791294
-125.189221429049
-125.188656465065
-125.188375414777
-125.188309630947
-125.186318372460
-125.184750100387
-125.184653230627
-125.184596296910
-125.184415525766
-125.184059879186
-125.183960309688
-125.183944968558
-125.183837098143
-125.182916940987
-125.182686748936
-125.182535813937
-125.182228768438
-125.182153771538
-125.182107167558
-125.181736893133
-125.181656727800
-125.181566732609
-125.181297813297
-125.181249235443
-125.181104533717
-125.180905100622
-125.180828491880
-125.180778524290
-125.180706771307
-125.180705456253
-125.180646651422
-125.180590990337
-125.180076930241
-125.180010420175
-125.179996405833
-125.179969952308
-125.179814818441
-125.179589952425
-125.179573728965
-125.179146608479
-125.179048413033
-125.178832604884
-125.178797304429
-125.178716812298
-125.178175449565
-125.178174328375
-125.177557203110
-125.177258594978
-125.177214916112
-125.177091149213
-125.177070306750
-125.176486684844
-125.176426674980
-125.176144748523
-125.176132954904
-125.175664212060
-125.175653653455
-125.175567783460
-125.175484143662
-125.175262394184
-125.174989338087
-125.174787354547
-125.174397781294
-125.174357460456
-125.173792165990
-125.173561618755
-125.173428244600
-125.173376974884
-125.173285595311
-125.172791147093
-125.172623038277
-125.172547107505
-125.172487129442
-125.172186086985
-125.172031336071
-125.171891732954
-125.171687565290
-125.171625698634
-125.171255024180
-125.171175967494
-125.170790904136
-125.170754164374
-125.170708083223
-125.170495863446
-125.170360803958
-125.170087659272
-125.169728031096
-125.169212031666
-125.168882879198
-125.168633432697
-125.168614585628
-125.167633078992
-125.167284028555
-125.167097937843
-125.166979329906
-125.166555214851
-125.166129993657
-125.165878608049
-125.165193438404
-125.165040406312
-125.164961267519
-125.164619726698
-125.164489365886
-125.164454415462
-125.164306316171
-125.164017455530
-125.163579416530
-125.163524848616
-125.163259244206
-125.163137953898
-125.163066554766
-125.162518640193
-125.161943763484
-125.161463604914
-125.161291886102
-125.161274974375
-125.160731355361
-125.159968998921
-125.159953803605
-125.159851562475
-125.159122178621
-125.158993686376
-125.158968745136
-125.158858047523
-125.158787275967
-125.158626510095
-125.158335376333
-125.158186271994
-125.157875837625
-125.157874852949
-125.157664734077
-125.157544446719
-125.156791889643
-125.156722400320
-125.156427749151
-125.156417392256
-125.155885396313
-125.155789161280
-125.155325862179
-125.154903154742
-125.154574633634
-125.154524647842
-125.154279292159
-125.154159324608
-125.154140602022
-125.154122605053
-125.153824478903
-125.153455828229
-125.153452368685
-125.153398383580
-125.153177697251
-125.153065755773
-125.152601024788
-125.152593736116
-125.152526570044
-125.152428013988
-125.152120880550
-125.151980172666
-125.151681508797
-125.151423271781
-125.151283984563
-125.151145509623
-125.150966877780
-125.150638017814
-125.149916468524
-125.149868942422
-125.149775681476
-125.149352655168
-125.149085253092
-125.149071472458
-125.148916831299
-125.148836790871
-125.148409432839
-125.148366929999
-125.147907939763
-125.147381187380
-125.147360577602
-125.146883865013
-125.146827691327
-125.146445659789
-125.146156476240
-125.146115646996
-125.145850323458
-125.145730537562
-125.145535752617
-125.145393005610
-125.144946091910
-125.144913456950
-125.144714174895
-125.144600091973
-125.143598518941
-125.143582175321
-125.142557562257
-125.142356268171
-125.142288163179
-125.142104546897
-125.141661284545
-125.141211959178
-125.141112796067
-125.140914061114
-125.140691783445
-125.140176279682
-125.139700977583
-125.139407217924
-125.139346375938
-125.139009384623
-125.138968260831
-125.138939104304
-125.138649447535
-125.138475209752
-125.138171574569
-125.138029317568
-125.137952556263
-125.137650904743
-125.137065473347
-125.136840125582
-125.136528914701
-125.136357415200
-125.136354212310
-125.136100129364
-125.135916563057
-125.135395800280
-125.135381427352
-125.135005406533
-125.134991851686
-125.134797487941
-125.134714172744
-125.134681355666
-125.134527802209
-125.134267491917
-125.134221644843
-125.133953830129
-125.133750404958
-125.133746461500
-125.133574653953
-125.133532884352
-125.133434776109
-125.133349376831
-125.132663542018
-125.132292202833
-125.132138818263
-125.132064261567
-125.131927732294
-125.131797442022
-125.131456843624
-125.131399772410
-125.131077198130
-125.130427730441
-125.130282471291
-125.130054493258
-125.129654395456
-125.129410638919
-125.129369787506
-125.129342634570
-125.129243897569
-125.129000214128
-125.128835844507
-125.128617729653
-125.128399058072
-125.128280761469
-125.128208564647
-125.127961902588
-125.127664231875
-125.127481269753
-125.127185817663
-125.127145481050
-125.126667312411
-125.126253507281
-125.126205173203
-125.126183156163
-125.125740736225
-125.125716286462
-125.124282104287
-125.124243313091
-125.124093490679
-125.123957759451
-125.123221657253
-125.123143133625
-125.123068578429
-125.122963386495
-125.122845337730
-125.121806013190
-125.121591883408
-125.120998311515
-125.120939728066
-125.120930930008
-125.120908026290
-125.120807647120
-125.120089046437
-125.119870319636
-125.119820621114
-125.119736727267
-125.119636174602
-125.119627920544
-125.119037401463
-125.119026772164
-125.118411815099
-125.118371450918
-125.118300256360
-125.117874462912
-125.117461148698
-125.117322342363
-125.116734940249
-125.116733185413
-125.116641281567
-125.116521298498
-125.116440014983
-125.115497144780
-125.115482311865
-125.115278354445
-125.115203314529
-125.115195340862
-125.115193039191
-125.114694044489
-125.114605338587
-125.114510544401
-125.114497820857
-125.113963275812
-125.113547892042
-125.113540122432
-125.113285331914
-125.112782860579
-125.112722517059
-125.112437192688
-125.112025790139
-125.111955765312
-125.111947502924
-125.111806590701
-125.111513677055
-125.111319981044
-125.111262891507
-125.111037088401
-125.110724267686
-125.110448463560
-125.110385504668
-125.110270157253
-125.110165922494
-125.109980667938
-125.109941181809
-125.109934433103
-125.109711890144
-125.109375563470
-125.109371231926
-125.109314868791
-125.108984737691
-125.108869450093
-125.108691313895
-125.108137253108
-125.108059500299
-125.107757615372
-125.107706980226
-125.107339574380
-125.106992575952
-125.106959263341
-125.106609300835
-125.106530862659
-125.104432680892
-125.104366988024
-125.103305956801
-125.103305000883
-125.103190033857
-125.102979066559
-125.102492015463
-125.102213631960
-125.102110085704
-125.101805349885
-125.101700116065
-125.101675164901
-125.101141919491
-125.101119514532
-125.100335100802
-125.100246913612
-125.100043711867
-125.100034267045
-125.099737227778
-125.099551969500
-125.099468636496
-125.099107613352
-125.098795636708
-125.098675835112
-125.098548300792
-125.098436311276
-125.098171226200
-125.097878781905
-125.097792609797
-125.097263488260
-125.097033815424
-125.096862509001
-125.096827927922
-125.096797881847
-125.096667449146
-125.096425185336
-125.096245716142
-125.095993466842
-125.095764678154
-125.095570057777
-125.095320483995
-125.095239835510
-125.095097455157
-125.094489643432
-125.094002472400
-125.093826948686
-125.093633966601
-125.093475194846
-125.093358506842
-125.092149011743
-125.092122756668
-125.091807287448
-125.091300908168
-125.091259430604
-125.090869966319
-125.090499366845
-125.089687243167
-125.089666634609
-125.089460512003
-125.089152324645
-125.089147060610
-125.088912466715
-125.088550553910
-125.088533023635
-125.088485140867
-125.088432369710
-125.087863887477
-125.087821753291
-125.087565485826
-125.087493262923
-125.086912156852
-125.086443463825
-125.086176555879
-125.086155763642
-125.085751597058
-125.085308040465
-125.085146771422
-125.085141375767
-125.084626623406
-125.084254564187
-125.083968916717
-125.083905034772
-125.083690490160
-125.082957988014
-125.082401900521
-125.082309439322
-125.082071451970
-125.082029224892
-125.081621392795
-125.081572441381
-125.081408135487
-125.081161275070
-125.080944458188
-125.080306979425
-125.080230642209
-125.079963458163
-125.079946063862
-125.079434682430
-125.079237931553
-125.079093584953
-125.079092968785
-125.078541776846
-125.078239010251
-125.077858356027
-125.077459036401
-125.077405161078
-125.077032244132
-125.076456153828
-125.076290758662
-125.076104100579
-125.075788035038
-125.075498260964
-125.074318111299
-125.073883191708
-125.073598004043
-125.073041515168
-125.072872002386
-125.072517052504
-125.072301141877
-125.072115308087
-125.071975174922
-125.071340245483
-125.071266564873
-125.070825584835
-125.070478143419
-125.070251315039
-125.069958217613
-125.069715243031
-125.069472016776
-125.069414877248
-125.069366319930
-125.069202930174
-125.068947759513
-125.068593675830
-125.068133744532
-125.067817983389
-125.067333829017
-125.067155208342
-125.067129648464
-125.066900388055
-125.066550018134
-125.066523621443
-125.066167567318
-125.065696221124
-125.065689113048
-125.065579504358
-125.064888248332
-125.064680074507
-125.064642082810
-125.064247052775
-125.064098224970
-125.063937248213
-125.063683594479
-125.063359883155
-125.062961302550
-125.062813180310
-125.062392192182
-125.062032772050
-125.062000144025
-125.061502415537
-125.061359072326
-125.061298857067
-125.061170859509
-125.061082170544
-125.060804207829
-125.060520001035
-125.060365975475
-125.059319478558
-125.059077538216
-125.058949652724
-125.058461340035
-125.058438897137
-125.057384212855
-125.056612372823
-125.056299286614
-125.056106284153
-125.055497588249
-125.055273522104
-125.054450521641
-125.054197807970
-125.053014583519
-125.052522004153
-125.052513465344
-125.052263460462
-125.050713709655
-125.050244362184
-125.050079370011
-125.049285722717
-125.049070597903
-125.048674628784
-125.048067280731
-125.047282002892
-125.047243025934
-125.046797371088
-125.046613299368
-125.046300454432
-125.045817228948
-125.044696613519
-125.044523788673
-125.044315225010
-125.044315098472
-125.043841902273
-125.043815966427
-125.043063114327
-125.042873842871
-125.042312958725
-125.042224388367
-125.042036867021
-125.041894658546
-125.041490873663
-125.041190377895
-125.041032529921
-125.040506063566
-125.040338774237
-125.039942176664
-125.039789033591
-125.039166605814
-125.038955948785
-125.038720781517
-125.038658274678
-125.038091302518
-125.037944315708
-125.037905329158
-125.036959611909
-125.036804422925
-125.036683435485
-125.036447012064
-125.035902383468
-125.035203320691
-125.034384407756
-125.034148203720
-125.033938328065
-125.033168601326
-125.033103892085
-125.032813124061
-125.032792811917
-125.032730185072
-125.032529574228
-125.032417194445
-125.031942068424
-125.031318123871
-125.031138027982
-125.031129473806
-125.030749433757
-125.030651336456
-125.030645367676
-125.030437948275
-125.030401652533
-125.030376076037
-125.029982980940
-125.029955448851
-125.029927722456
-125.029872991398
-125.029713622227
-125.029558597926
-125.029044364236
-125.027997754550
-125.027943125321
-125.027725490575
-125.027635345279
-125.027136817807
-125.026970132431
-125.026512202137
-125.026432311603
-125.025878960262
-125.025152777338
-125.024804642659
-125.024720072608
-125.024512958038
-125.023536721885
-125.023201082990
-125.022183821744
-125.021913595229
-125.021286060731
-125.020987655280
-125.020891545525
-125.020565617948
-125.019734359431
-125.018869381909
-125.018761892949
-125.018406934223
-125.018124869582
-125.017920813220
-125.017201153498
-125.016569699511
-125.016490383019
-125.015904918048
-125.015795609492
-125.015187839636
-125.015128248276
-125.014557203554
-125.014438018964
-125.014420118401
-125.014280340294
-125.014116442393
-125.013315548081
-125.013151097958
-125.013104927456
-125.012882099588
-125.012828321568
-125.012386195567
-125.012260104853
-125.012178878841
-125.011953908556
-125.011649070268
-125.011166022162
-125.011125643740
-125.010908453217
-125.010751696265
-125.010742648092
-125.010556623998
-125.010254676876
-125.010135896956
-125.010131426099
-125.009840884609
-125.009447189276
-125.009208048135
-125.008858627789
-125.008753746325
-125.008349222136
-125.008221470144
-125.007668005597
-125.007584956399
-125.007069198243
-125.007052063740
-125.006764955389
-125.006214518587
-125.006089475376
-125.005125780184
-125.005118746697
-125.005061777273
-125.004561728835
-125.003948448262
-125.003712464124
-125.003428163649
-125.003270489722
-125.003086580843
-125.002848424098
-125.002317387782
-125.001364875574
-125.001275971595
-125.001180459479
-125.000242056202
-124.999800385776
-124.999470137762
-124.998233756189
-124.997789396180
-124.996622595055
-124.996120749534
-124.995617762701
-124.995036361306
-124.994867188481
-124.994712156344
-124.994363182891
-124.994292954449
-124.994283943579
-124.993841036519
-124.993770316537
-124.993749998327
-124.993248433305
-124.992415726962
-124.992264781137
-124.992102432290
-124.991941620749
-124.991838226204
-124.991822829728
-124.991699034831
-124.991623635128
-124.991286587736
-124.990903368664
-124.990605024686
-124.990541419257
-124.990447439200
-124.989992206487
-124.989050766265
-124.988759848111
-124.988176632250
-124.988086251924
-124.987997786734
-124.987959403936
-124.987587684491
-124.987308271131
-124.986513801661
-124.986471304332
-124.986399264495
-124.986365798317
-124.986235218249
-124.986059285010
-124.985373476890
-124.985110070778
-124.984355451506
-124.984185814116
-124.984037499066
-124.983482436023
-124.983231477465
-124.982675975013
-124.982655002985
-124.982404112479
-124.982117500056
-124.981670758573
-124.981263718768
-124.981180248307
-124.980876372410
-124.980617690106
-124.979490027870
-124.979355871254
-124.979222660837
-124.977955880130
-124.977559966108
-124.977515329709
-124.976601058992
-124.976349523672
-124.976060695049
-124.975795458936
-124.974339034584
-124.974125701878
-124.973534893733
-124.973345753483
-124.973285272064
-124.973208492499
-124.973038867172
-124.972995026740
-124.972486389585
-124.971924111634
-124.971854077345
-124.971592282835
-124.971438461628
-124.970892492745
-124.968880327349
-124.968726422264
-124.968684027335
-124.968305153731
-124.968152711010
-124.967135585570
-124.966816677287
-124.966451308285
-124.965024632125
-124.963964583129
-124.963786277673
-124.963145813972
-124.963037990929
-124.962677034862
-124.961137079818
-124.960908112072
-124.960431250619
-124.960424646953
-124.958424866846
-124.957212778181
-124.956887294681
-124.956789831577
-124.956627795786
-124.955611729760
-124.955376587405
-124.954747102357
-124.954606107550
-124.954566796451
-124.954193790091
-124.953455254542
-124.953067821689
-124.953032628288
-124.952857243399
-124.952751889497
-124.952573329457
-124.951876089338
-124.951469140761
-124.951020900582
-124.950610185745
-124.950191228036
-124.950137170237
-124.948905558997
-124.948596893618
-124.948160874247
-124.947586118791
-124.947490496795
-124.947138849542
-124.946921654926
-124.946909620389
-124.946159710559
-124.945552578186
-124.945356894305
-124.944446643425
-124.943696838043
-124.943691793652
-124.943458311649
-124.942657406722
-124.942620003838
-124.942532243997
-124.942439220891
-124.942145336629
-124.942117069063
-124.941715730807
-124.941140296599
-124.940917047643
-124.940822221670
-124.940406624855
-124.940029846361
-124.939998103761
-124.939519652174
-124.938221890016
-124.937920249424
-124.937369356407
-124.936378651354
-124.935958137810
-124.935882029725
-124.935493289267
-124.935096061157
-124.934816993418
-124.934739391251
-124.933991433753
-124.933934177613
-124.933847583874
-124.933778705199
-124.933631279963
-124.933067769773
-124.932746163117
-124.932455541639
-124.931898879012
-124.931341912916
-124.931317045471
-124.930589158260
-124.930462882489
-124.930369869210
-124.929020193285
-124.928857149506
-124.928671676737
-124.928221129232
-124.926786254496
-124.926109903143
-124.925607982664
-124.925509828204
-124.925291171720
-124.924994322233
-124.924858002604
-124.924342403133
-124.924296178272
-124.923948500314
-124.921671388244
-124.921394936697
-124.921111141257
-124.921031494149
-124.920353205285
-124.919994586487
-124.918423035151
-124.918209880327
-124.917786099615
-124.917434889461
-124.917366018241
-124.916528066879
-124.916297454234
-124.916235863797
-124.915011494364
-124.914479784543
-124.914149278365
-124.913357492213
-124.913296925818
-124.912770254367
-124.910401584001
-124.910110608168
-124.909887197500
-124.909055586922
-124.907944188798
-124.907898406887
-124.907398549933
-124.907140950406
-124.906580866322
-124.905330248208
-124.904378060528
-124.903744928999
-124.903007549702
-124.900543522625
-124.900464339348
-124.899830145156
-124.898523099589
-124.898505153806
-124.897971348556
-124.897097502810
-124.889639144972
-124.888650547484
-124.886001071055
-124.885544594800
-124.884184922618
-124.883962233487
-124.882784017735
-124.882566379451
-124.882349898090
-124.881867342095
-124.881547624877
-124.881162038905
-124.880107878446
-124.880023546814
-124.880018608312
-124.879440752174
-124.877237773290
-124.875955564054
-124.875772994908
-124.871603389568
-124.871011343037
-124.869107241136
-124.868744619231
-124.867905415076
-124.867199297063
-124.866923956158
-124.866549232318
-124.866440700845
-124.866375747351
-124.865871472793
-124.865170368111
-124.864412643532
-124.864405150770
-124.864224897716
-124.863970883935
-124.863214807554
-124.862641986628
-124.862288116520
-124.861658046031
-124.861439513281
-124.861375547581
-124.860968194325
-124.860730463029
-124.860688166863
-124.859896853081
-124.859816914151
-124.858934342250
-124.858577584969
-124.858090644168
-124.857587087224
-124.857553653556
-124.857509080907
-124.856893113094
-124.856541448258
-124.856105061338
-124.855817381905
-124.855739046383
-124.855146242913
-124.854801244538
-124.854293155157
-124.854002334170
-124.852561910549
-124.851909747683
-124.849133371489
-124.848612334881
-124.847906722484
-124.847642845650
-124.847582214798
-124.847395138963
-124.847243257857
-124.845848381274
-124.845568797225
-124.845468731140
-124.845224251966
-124.844922100479
-124.843713365189
-124.843703294057
-124.843632937740
-124.843529329236
-124.843483055368
-124.843030991039
-124.842375948334
-124.841099471192
-124.841004640107
-124.841003671047
-124.840606579861
-124.840389417784
-124.839948118871
-124.839772734593
-124.839727711352
-124.839384499243
-124.838865775076
-124.838773602762
-124.838468306706
-124.838041009445
-124.837859738397
-124.837280379330
-124.837028184062
-124.836556837459
-124.836529161427
-124.835918089963
-124.835746674021
-124.835712741187
-124.835570650265
-124.835521735461
-124.835187561482
-124.834418966927
-124.834257252798
-124.833325396284
-124.832533975160
-124.832320516678
-124.831077373744
-124.831003983030
-124.830574475738
-124.829942159180
-124.829126914226
-124.828340334854
-124.828185366614
-124.828131819823
-124.828073039137
-124.828001763944
-124.826406939774
-124.826129417283
-124.825966358966
-124.825674623851
-124.824813192570
-124.823933424698
-124.823590403077
-124.823330414203
-124.822768293874
-124.821942649012
-124.821696545516
-124.821567958453
-124.820489083659
-124.819635638884
-124.819532984110
-124.819325049329
-124.818845001757
-124.818684970757
-124.817823229787
-124.817644982879
-124.817578586965
-124.816432101140
-124.815577813416
-124.813520575767
-124.813025205440
-124.812743956354
-124.809468769228
-124.808829817344
-124.807518696443
-124.807075163320
-124.806473763431
-124.804499360763
-124.803553748327
-124.803334097185
-124.803122921187
-124.802854305887
-124.802355132442
-124.802041478901
-124.800666271658
-124.800554494682
-124.800115591071
-124.798680449162
-124.795364587665
-124.795269484864
-124.779297513756
-124.779258122914
-124.779092995723
-124.777333473208
-124.776678547327
-124.775454767488
-124.773809094211
-124.769051437242
-124.768643631407
-124.768208674845
-124.768037020081
-124.767696265377
-124.767528877966
-124.763972790647
-124.763179345150
-124.758389807838
-124.758093004039
-124.757659605879
-124.757028324152
-124.756617931581
-124.756578003589
-124.756434973669
-124.754999269933
-124.754685777918
-124.754661423254
-124.754074339200
-124.752919463990
-124.751847904627
-124.751329335927
-124.751168923955
-124.750111786312
-124.750077355643
-124.748705022881
-124.747242062515
-124.746950472579
-124.746596362905
-124.746328199345
-124.746170275662
-124.745625005253
-124.744458016329
-124.744127189334
-124.744070403355
-124.743663559517
-124.743289773088
-124.743081259422
-124.739852327210
-124.739410206850
-124.739110131180
-124.738067011813
-124.737704067169
-124.736985892120
-124.736575786556
-124.736310541984
-124.736119366219
-124.736088273471
-124.735114929736
-124.734993044078
-124.734447513757
-124.734100089249
-124.733982883286
-124.733810394920
-124.732941712269
-124.732569702016
-124.732274278030
-124.732019767523
-124.730900131342
-124.729639119943
-124.727835557332
-124.726721062059
-124.722327168083
-124.721019118751
-124.719306142828
-124.718541640401
-124.718180809691
-124.717040558344
-124.714657213781
-124.713983281091
-124.709755520136
-124.708406921310
-124.693554057094
-124.693262029180
-124.692934844205
-124.690583700762
-124.689941865595
-124.689069722964
-124.686804363027
-124.683894804933
-124.676618813725
-124.676335216031
-124.675363995160
-124.674246325984
-124.672554782575
-124.672010344571
-124.671887648228
-124.670919181072
-124.670519351092
-124.670241674840
-124.669700093672
-124.668279784801
-124.667071021885
-124.667028022765
-124.665932767930
-124.665373690942
-124.658637120922
-124.655221174284
-124.654464452159
-124.653974326526
-124.651806428309
-124.651764788628
-124.651424314434
-124.651394533191
-124.649769327089
-124.649056233978
-124.648738469283
-124.648682623901
-124.647513976905
-124.647269616812
-124.644441365874
-124.644267921103
-124.641827062316
-124.641369677190
-124.632824075127
-124.631824923767
-124.622862777505
-124.622850509688
-124.622447618061
-124.618580751170
-124.614696225634
-124.612175398481
-124.610640655629
-124.610486149957
-124.608709915709
-124.608259267767
-124.608091865897
-124.605855714231
-124.604613004900
-124.604141771988
-124.598744436080
-124.594477781635
-124.590186721030
-124.590138553140
-124.589756841797
-124.588538516857
-124.588321129281
-124.587978243622
-124.586182761918
-124.585574508950
-124.585349372383
-124.584435829145
-124.582407073031
-124.581234115234
-124.581034503152
-124.580086399452
-124.578869310833
-124.578021971478
-124.577882880123
-124.574340770667
-124.572557314700
-124.564745899542
-124.561771749343
-124.559998540786
-124.559481071682
-124.557925250974
-124.553820046791
-124.546685480165
-124.544688552228
-124.543485983205
-124.540106515930
-124.513709480434
-124.511240952854
-124.499350387024
-124.494792300015
-124.485010737578
-124.482987218783
-124.452101610776
-124.450762931459
-124.433481668557
-124.433103542216
-124.432178781243
-124.431660567558
-124.282550176035
-124.263733104337
