-126.284873087010
-126.284635518371
-126.282819788352
-126.278713920345
-126.274443603197
-126.272905789397
-126.271064615463
-126.270442843142
-126.269973542253
-126.268587188924
-126.267076688340
-126.265586186313
-126.262047646835
-126.261741445142
-126.260734663802
-126.259350318962
-126.257754651276
-126.257629838679
-126.256516683472
-126.254284417335
-126.252417197118
-126.252090118841
-126.250830586783
-126.249349988911
-126.246954060855
-126.245087629035
-126.243686797919
-126.242705606546
-126.242137924401
-126.236471112632
-126.236066541634
-126.231382502845
-126.231114375755
-126.230499530023
-126.225744318470
-126.224236793518
-126.223572366454
-126.221695930245
-126.221415184745
-126.218354917760
-126.218344494262
-126.216498918400
-126.215982944823
-126.214205571183
-126.211520263261
-126.210995589029
-126.208244284208
-126.207018338002
-126.206239992749
-126.205662613772
-126.204150048936
-126.199408287840
-126.195236908006
-126.195207902594
-126.192974880329
-126.186787878514
-126.181190617750
-126.159037865237
-126.158219988739
-126.156474687973
-126.153853749888
-126.138738828006
-126.136299456175
-126.136040235712
-126.136000601271
-126.134211208399
-126.133677487594
-126.128775760251
-126.126617370296
-126.125219508538
-126.125085095730
-126.124265271251
-126.124014558691
-126.123816035182
-126.122871205362
-126.122781149068
-126.122011641696
-126.121834706314
-126.120954190901
-126.120455750450
-126.120340500439
-126.119737831025
-126.119092657683
-126.119060604904
-126.118611162886
-126.118366183552
-126.118174611747
-126.118050006673
-126.117453067635
-126.116765973371
-126.116658787610
-126.116529089772
-126.116366511120
-126.116025352655
-126.115601742937
-126.114883166702
-126.114638499157
-126.114127193851
-126.113917323747
-126.112958735456
-126.112783290233
-126.112649374311
-126.112040470559
-126.111854471453
-126.111494429704
-126.111452940953
-126.111023449606
-126.111002890584
-126.110921615890
-126.110682928234
-126.110515033268
-126.110133402772
-126.109857291957
-126.109818423062
-126.109601280464
-126.109569629417
-126.109346798224
-126.108780462255
-126.108334954950
-126.108098153643
-126.106880113441
-126.106858426504
-126.106696270618
-126.104851362176
-126.103956561931
-126.103809771974
-126.103329880451
-126.102693507028
-126.102656907322
-126.101153466287
-126.100759117309
-126.099888636481
-126.098344203919
-126.097905330186
-126.097512224612
-126.097167017955
-126.096647250695
-126.096532720816
-126.096359510455
-126.096237254259
-126.096219349620
-126.095102961183
-126.095061089728
-126.094795726883
-126.094535214377
-126.094409659081
-126.093528613926
-126.093470405060
-126.093285573883
-126.092752922097
-126.092732671114
-126.092361445440
-126.091654735778
-126.091445444764
-126.091033284192
-126.090121805684
-126.089973970635
-126.089710819379
-126.089657247595
-126.089222311513
-126.089199020238
-126.088620641948
-126.088468892131
-126.087990138703
-126.087154437176
-126.086779114175
-126.086628391725
-126.086060305499
-126.085934750480
-126.085715216490
-126.085033216408
-126.084693492908
-126.084106194276
-126.083876641178
-126.083493543060
-126.083042474656
-126.082716493493
-126.082595376846
-126.082453442505
-126.081935694757
-126.081933106332
-126.081745730822
-126.081320958989
-126.081294828220
-126.081294823969
-126.081243443478
-126.079750532971
-126.079207671504
-126.078982161953
-126.078413520904
-126.077779682167
-126.077755858903
-126.077541879255
-126.077514168312
-126.077509364184
-126.076987474902
-126.076269549778
-126.075039193201
-126.074813923080
-126.074584456622
-126.074493865212
-126.074210666288
-126.073947323681
-126.073652976255
-126.072464714625
-126.072365936196
-126.071581493286
-126.071138601449
-126.070797922808
-126.070758229227
-126.070590594872
-126.070371476607
-126.070275682088
-126.069889256144
-126.069624556771
-126.069166351978
-126.069141879705
-126.069103836794
-126.068886039154
-126.068568690876
-126.067677230223
-126.067409633996
-126.067029591107
-126.066889594250
-126.066839124191
-126.066354367151
-126.066097605636
-126.065851188816
-126.064968869481
-126.064857732079
-126.064742428568
-126.064464140566
-126.063349211705
-126.063067579642
-126.062746945342
-126.062736523675
-126.062375616693
-126.061538210463
-126.060452474708
-126.060202164100
-126.060196333343
-126.060080119689
-126.059083332713
-126.058911874161
-126.058520039507
-126.058428536905
-126.057890826020
-126.057399497611
-126.057273461271
-126.057133743044
-126.056784777002
-126.056516127175
-126.056338543649
-126.056009120907
-126.055816629547
-126.054549908319
-126.054485680713
-126.054459074783
-126.053674136618
-126.053626162813
-126.053042837712
-126.052968323579
-126.052285540946
-126.051919493625
-126.051633009754
-126.051318390180
-126.051217941550
-126.050486371987
-126.049258409919
-126.049125791113
-126.048915146054
-126.048894098567
-126.048788744793
-126.048771681230
-126.047962879031
-126.047578147604
-126.047535395899
-126.045584591900
-126.045152965871
-126.045125043329
-126.044987366680
-126.044961072609
-126.044906286188
-126.044299821812
-126.043922326881
-126.043746367771
-126.043103820877
-126.042920971751
-126.042822755454
-126.042255522002
-126.042030162055
-126.041682385122
-126.041045770068
-126.040846749886
-126.040805025715
-126.040749529317
-126.040173477224
-126.039964008619
-126.039958870002
-126.039790753664
-126.039274267583
-126.039216297298
-126.039194780598
-126.039120572066
-126.038822638439
-126.038320216441
-126.037943309290
-126.037829521468
-126.037450891628
-126.037376324265
-126.037132860993
-126.037011401084
-126.036832652748
-126.036108405696
-126.036067395373
-126.035927659377
-126.035850048489
-126.035846785977
-126.035584027905
-126.035564764375
-126.035320472714
-126.034976527496
-126.034426307743
-126.034178940050
-126.034158600448
-126.033595120694
-126.033419192660
-126.032610183867
-126.032516186677
-126.031773669128
-126.031379548662
-126.031296144967
-126.031029937070
-126.031019965241
-126.030823921913
-126.030223307166
-126.030028253378
-126.029972018212
-126.029608396917
-126.028761339822
-126.028664535036
-126.028559008843
-126.028186509336
-126.028177891391
-126.028045359788
-126.027718129320
-126.027587828764
-126.027454760040
-126.027280293713
-126.027192645359
-126.027190889273
-126.026841872180
-126.026494371952
-126.026477372899
-126.025965384122
-126.025881642961
-126.025819297167
-126.025588460424
-126.025298938921
-126.025137086008
-126.024765985864
-126.024599408591
-126.024592870519
-126.024477526085
-126.024456005165
-126.024453705634
-126.024453361718
-126.024317096361
-126.023977047189
-126.023767743348
-126.023496425349
-126.023363068001
-126.023273438102
-126.022327170969
-126.022196210297
-126.021969533739
-126.021907631411
-126.021723232425
-126.021606665589
-126.021583232676
-126.021462115242
-126.021430523540
-126.021220018101
-126.021130198401
-126.020814555141
-126.020768677930
-126.020399616989
-126.020328355280
-126.020124938308
-126.019871191131
-126.019706416734
-126.019451837146
-126.019427907928
-126.019364535800
-126.019245785395
-126.019122485500
-126.019075918932
-126.019038316589
-126.018454166520
-126.018398625433
-126.018159109105
-126.017975954302
-126.017717510950
-126.017695102274
-126.017463495285
-126.017196868331
-126.016904374746
-126.016478929591
-126.016374671709
-126.016341118568
-126.016328236711
-126.015852273845
-126.015669781929
-126.015431896041
-126.015320002547
-126.015233772376
-126.015113538166
-126.014704032824
-126.014567633507
-126.014334657102
-126.014185195837
-126.014049362752
-126.013977571818
-126.013877376952
-126.013733727678
-126.013486560299
-126.013284413190
-126.013015109329
-126.013014737852
-126.013003324341
-126.012980514746
-126.012914894968
-126.012676142413
-126.012557185449
-126.012231957597
-126.012133934660
-126.011695373988
-126.011566444448
-126.011076947103
-126.010941677332
-126.010790169402
-126.010775697262
-126.010620306631
-126.010584560250
-126.010513213151
-126.010248429047
-126.010246792743
-126.010026995002
-126.009968365826
-126.009683751654
-126.009301518068
-126.008893191690
-126.008563117797
-126.008360930731
-126.008148657883
-126.007988049386
-126.007769767874
-126.007693204209
-126.007645972474
-126.007336204276
-126.007181471565
-126.006645023907
-126.006135964327
-126.006087040658
-126.006063268639
-126.005965607119
-126.005702906786
-126.005388029535
-126.005154240502
-126.005077036599
-126.005074445916
-126.004921884506
-126.004703850744
-126.004579116512
-126.004319378150
-126.004309682357
-126.004088131129
-126.003924462634
-126.003833439521
-126.003445078199
-126.003320279985
-126.002821359480
-126.002802788609
-126.002658892632
-126.002425659882
-126.002346142331
-126.001950258800
-126.001515030643
-126.001472050528
-126.001464110723
-126.001308987942
-126.001026734970
-126.001003079904
-126.000830666447
-126.000818258186
-126.000713415560
-126.000590037117
-126.000423433211
-126.000089469024
-125.999846477422
-125.999401944877
-125.998937051830
-125.998497385520
-125.998360011376
-125.998096883898
-125.997869168247
-125.997786754850
-125.997754365393
-125.997550297210
-125.997209213980
-125.997000531774
-125.996799640709
-125.996567623824
-125.996519739779
-125.996340245382
-125.996065053379
-125.995921620892
-125.995870149562
-125.995470855430
-125.995075177250
-125.995009228063
-125.994897747495
-125.994703141216
-125.994668358514
-125.994515221372
-125.994287777801
-125.994080643485
-125.994016953119
-125.993862172190
-125.993786483555
-125.993707036952
-125.993648940476
-125.993620039671
-125.993612133064
-125.993572567021
-125.993155925804
-125.993038273634
-125.992486692691
-125.992465401048
-125.992133556195
-125.992090872900
-125.992038186042
-125.992018637370
-125.991137217093
-125.990730212865
-125.990393300412
-125.990065528020
-125.989980530972
-125.989951880345
-125.989865377804
-125.989697757561
-125.989652490144
-125.989228852631
-125.988834488585
-125.988594736504
-125.988535208446
-125.988455173967
-125.988338978842
-125.988235507723
-125.988129815105
-125.987915854943
-125.987672487000
-125.987612974642
-125.987283631805
-125.987179654136
-125.986974248548
-125.986952453052
-125.986928619702
-125.986811296352
-125.986526063256
-125.986313901757
-125.986141657373
-125.986081949904
-125.986037848710
-125.985820680681
-125.985665767160
-125.985605584428
-125.985264467163
-125.984874474218
-125.984544203408
-125.984448982602
-125.984409665208
-125.984370675658
-125.984065128589
-125.984013399405
-125.984010855620
-125.983603213732
-125.983315266027
-125.983304164796
-125.983193468330
-125.983154922554
-125.983102438033
-125.982961259419
-125.982865149121
-125.982842774956
-125.982699856560
-125.982478402679
-125.982353723758
-125.982253894477
-125.982195508599
-125.982154985297
-125.982142573081
-125.981785767763
-125.981782856200
-125.981594244747
-125.981546531746
-125.981425392675
-125.981304525748
-125.981242144608
-125.981221078939
-125.981048065015
-125.980931389248
-125.980873666945
-125.980389467547
-125.980351549550
-125.980163214864
-125.980094363501
-125.980043554464
-125.979798030926
-125.979596242290
-125.979558400803
-125.979260718572
-125.979109026682
-125.978906141984
-125.978761814072
-125.978626251084
-125.978475098363
-125.978387692965
-125.978206349827
-125.978024117477
-125.977749742605
-125.977710384165
-125.977630449449
-125.977611870553
-125.977308808576
-125.977172200420
-125.976933197321
-125.976826638987
-125.976727583225
-125.976605033450
-125.976563602409
-125.976236139231
-125.976216182746
-125.976146515980
-125.975920317953
-125.975899020198
-125.975572240762
-125.975527101198
-125.975420472530
-125.975323876481
-125.975218073328
-125.974935925278
-125.974765885804
-125.974331915924
-125.974247140298
-125.974178547442
-125.973890059027
-125.973883407860
-125.973669787359
-125.973588249459
-125.973407701494
-125.973400243143
-125.973154221154
-125.972761179129
-125.972587452596
-125.972573847059
-125.972526992990
-125.972495053754
-125.972170656539
-125.972082269573
-125.971946010344
-125.971920530333
-125.971521631139
-125.971476531855
-125.971356435169
-125.971037948224
-125.971004822259
-125.970785921860
-125.970544821737
-125.970488431288
-125.970432649878
-125.970218875837
-125.970107705242
-125.969873537367
-125.969692454783
-125.969543039727
-125.969521520529
-125.969397961467
-125.969197221017
-125.969101706358
-125.969079887929
-125.968967399122
-125.968965878754
-125.968604971303
-125.968295928148
-125.968050489534
-125.967974915308
-125.967967349600
-125.967504137770
-125.967451006702
-125.967249710375
-125.967249342311
-125.967032353465
-125.966628231450
-125.966546984663
-125.966202799152
-125.965675170794
-125.965667005755
-125.965538702298
-125.965425620999
-125.965291236770
-125.965226727846
-125.964590315067
-125.964526560835
-125.964389185084
-125.964371657514
-125.964371130984
-125.964203693199
-125.964143153913
-125.964070926295
-125.963486428198
-125.963403532074
-125.963341590232
-125.963329726847
-125.963253670778
-125.963250916147
-125.962567348481
-125.962537321007
-125.962123721292
-125.962102289577
-125.962043197305
-125.961881508890
-125.961711990539
-125.961674118248
-125.961594443971
-125.961418299986
-125.961279094166
-125.960984121711
-125.960941636087
-125.960640721848
-125.960429554754
-125.960423535856
-125.960292800751
-125.960276561532
-125.960227903710
-125.960219514454
-125.960159118233
-125.960124583996
-125.959724455890
-125.959552774242
-125.959504967176
-125.959277128710
-125.959122588853
-125.958651905359
-125.958644463249
-125.958403535528
-125.958339694438
-125.958316719524
-125.958150670416
-125.957825308859
-125.957631805149
-125.957414086719
-125.957221449868
-125.956924565652
-125.956880931132
-125.956744393016
-125.956736051534
-125.956608192520
-125.956314729842
-125.955512583549
-125.955472776597
-125.955274051683
-125.955219714284
-125.955147020857
-125.955084007056
-125.955062907069
-125.955056115073
-125.954971321674
-125.954885875265
-125.954603905949
-125.954552640866
-125.954455365449
-125.953922304145
-125.953679583887
-125.953601157842
-125.953577075986
-125.953546534327
-125.953519815163
-125.953478006987
-125.953048575999
-125.953047048188
-125.953007303671
-125.952980671252
-125.952897814351
-125.952835011697
-125.952644318953
-125.952625754423
-125.952623422627
-125.952540657088
-125.952501696383
-125.951989439548
-125.951913740345
-125.951883658842
-125.951787624486
-125.951449201520
-125.951356327871
-125.951268548928
-125.950921071207
-125.950744644476
-125.950534932639
-125.950518510663
-125.950432496854
-125.949993034621
-125.949989665799
-125.949972368785
-125.949762230477
-125.949717930013
-125.949688487476
-125.949150092837
-125.948994252026
-125.948958983966
-125.948766384249
-125.948745972876
-125.948454829925
-125.948378014665
-125.948313609331
-125.948172189971
-125.948119767621
-125.948043727459
-125.948028046679
-125.948015180087
-125.947643506377
-125.947338971919
-125.947098858211
-125.947053343721
-125.946857648838
-125.946574482881
-125.946532339088
-125.946419508659
-125.946173503741
-125.946115866039
-125.945987343424
-125.945934045102
-125.945844020128
-125.945654433133
-125.945531303215
-125.944954662498
-125.944910221489
-125.944300358371
-125.944266263539
-125.944086510905
-125.943962641572
-125.943912902582
-125.943754220910
-125.943711482440
-125.943586279611
-125.943516522441
-125.943471063500
-125.943160328810
-125.942796197421
-125.942733164322
-125.942641315216
-125.942310784454
-125.942094358671
-125.941671851237
-125.941610242166
-125.941564199557
-125.941558796136
-125.941154050528
-125.941077014179
-125.940331245953
-125.940134681399
-125.940129609185
-125.939866470427
-125.939829059669
-125.939286490302
-125.939248914346
-125.939030813881
-125.938978059988
-125.938804340147
-125.938515751464
-125.938374230243
-125.938294808606
-125.938034843519
-125.937965652071
-125.937766798071
-125.937740839877
-125.937687068917
-125.937670397654
-125.937563329905
-125.937528350167
-125.937217796006
-125.937143974899
-125.937074758225
-125.937073774257
-125.936849757969
-125.936775450685
-125.936531262073
-125.936447704003
-125.936208705055
-125.936123327164
-125.936108372270
-125.935953690756
-125.935779498487
-125.935492775351
-125.935405993229
-125.935305356612
-125.935115617378
-125.935049347123
-125.934966667459
-125.934769760730
-125.934720375358
-125.934706166842
-125.934680776067
-125.934097437437
-125.934024624099
-125.933978945181
-125.933966364821
-125.933696274170
-125.933488870346
-125.933296060379
-125.933177499678
-125.932830119016
-125.932781501951
-125.932689598787
-125.932580208781
-125.932570998916
-125.932486878673
-125.932313804727
-125.932031540757
-125.931946877753
-125.931690934286
-125.931605570935
-125.931247918691
-125.931165305340
-125.931086232539
-125.930881602261
-125.930487194827
-125.930461546157
-125.930307758677
-125.930173158624
-125.929935223963
-125.929902144487
-125.929587992437
-125.929314538593
-125.929260619486
-125.929196446610
-125.929183076140
-125.928818001802
-125.928744137371
-125.928694601773
-125.928672585384
-125.928416532656
-125.928241995894
-125.928197353168
-125.928028175736
-125.927843461429
-125.927766748001
-125.927760804441
-125.927752260431
-125.927200885841
-125.926825866653
-125.926515906403
-125.926441971801
-125.926212613797
-125.926201001439
-125.926158981318
-125.926149590840
-125.926064504942
-125.925956937520
-125.925752971981
-125.925651443621
-125.925222789379
-125.924958895234
-125.924770013552
-125.924757250987
-125.924714456841
-125.924553321621
-125.924430152513
-125.924346895986
-125.924278569081
-125.924082789163
-125.923964367945
-125.923706728870
-125.923550325909
-125.923523631720
-125.923306669802
-125.923170345631
-125.923150498572
-125.923077173827
-125.922859146321
-125.922727326631
-125.922696259116
-125.922574962656
-125.922104359265
-125.922096161211
-125.922007100056
-125.921996779871
-125.921940451259
-125.921852274165
-125.921472120829
-125.921359259549
-125.921055082424
-125.921010147925
-125.920950870695
-125.920878878241
-125.920699034761
-125.920547013087
-125.920275483132
-125.920064563749
-125.919942699709
-125.919655492973
-125.919631706063
-125.919526003805
-125.919082877797
-125.919072017908
-125.918968929896
-125.918708628170
-125.918616499118
-125.918381978645
-125.918259836648
-125.918043310414
-125.917912456959
-125.917717413137
-125.917700884287
-125.917678555299
-125.917578923526
-125.917343009226
-125.917282911420
-125.917104523741
-125.916932072007
-125.916884910317
-125.916874239295
-125.916748101363
-125.916435993284
-125.916253827086
-125.915992853640
-125.915972266387
-125.915886931688
-125.915861409157
-125.915802347162
-125.915527383717
-125.915504637707
-125.915394804511
-125.915154199454
-125.914943753271
-125.914881111731
-125.914752923459
-125.914532905319
-125.914418093665
-125.914257416960
-125.913922682229
-125.913793464771
-125.913253255104
-125.913158889093
-125.912937685617
-125.912904985368
-125.912763213827
-125.912640897140
-125.912365403033
-125.912361104840
-125.912315801208
-125.912205002205
-125.912009692031
-125.911689325023
-125.911568948875
-125.911472263999
-125.911450472439
-125.911435729346
-125.911183722513
-125.911103679126
-125.911007389899
-125.910955343315
-125.910432581785
-125.910120020414
-125.909991382189
-125.909763835335
-125.909680569613
-125.909606186028
-125.909598783461
-125.909429585739
-125.909205220956
-125.908948243256
-125.908853796428
-125.908403919048
-125.908349157733
-125.908226293746
-125.907977179500
-125.907881999707
-125.907878020496
-125.907499674152
-125.907287420802
-125.907063232221
-125.907038375215
-125.906685268132
-125.906663632241
-125.906506470245
-125.906422085883
-125.906304783873
-125.906190140949
-125.905979872873
-125.905970885477
-125.905940530319
-125.905868715026
-125.905505846629
-125.905447203270
-125.905375731671
-125.905080916830
-125.904885319896
-125.904802493237
-125.904790687628
-125.904640691027
-125.904573186402
-125.904340815424
-125.904196506145
-125.903969864103
-125.903926299743
-125.903827574224
-125.903822508778
-125.903508569430
-125.903497460042
-125.903361229287
-125.902991372789
-125.902919572744
-125.902856915557
-125.902245005560
-125.901850526475
-125.901657246646
-125.901564832451
-125.901102709537
-125.900822440816
-125.900789221310
-125.900651147113
-125.900461702689
-125.900430730780
-125.900387344481
-125.900235643038
-125.899944326481
-125.899901196537
-125.899635501888
-125.899618713150
-125.899610415066
-125.899517978133
-125.899299479176
-125.899137435820
-125.899009629544
-125.898502187406
-125.898314222189
-125.898200086447
-125.898138759801
-125.897976964920
-125.897891855064
-125.897801807730
-125.897392770767
-125.897118617291
-125.897107619798
-125.897082573334
-125.897037608704
-125.896821276050
-125.896756946624
-125.896739153263
-125.896572153878
-125.896525274058
-125.896078304107
-125.895977575625
-125.895704998618
-125.895652241266
-125.895526670516
-125.895504170066
-125.895322460215
-125.895244599031
-125.894969630889
-125.894733825410
-125.894674187420
-125.894474606877
-125.894452876451
-125.894318095572
-125.894233785373
-125.894167615416
-125.894154608518
-125.893930838059
-125.893868677672
-125.893776566864
-125.893710367787
-125.893595917204
-125.893595398469
-125.893128143017
-125.892938944320
-125.892837673408
-125.892725603218
-125.892259570161
-125.892243234962
-125.892215625803
-125.891696595922
-125.891621782907
-125.891231580982
-125.891171388801
-125.891043854540
-125.891027118570
-125.890946625624
-125.890725504276
-125.890506461974
-125.890356142177
-125.890241127725
-125.890205959773
-125.889904917765
-125.889833425863
-125.889655835129
-125.889543137204
-125.889349229478
-125.889191595633
-125.888990147545
-125.888922476728
-125.888884313479
-125.888866281634
-125.888831989395
-125.888809469505
-125.888692175918
-125.888569972829
-125.888331645560
-125.888126099373
-125.887926036456
-125.887773533808
-125.887359932664
-125.887006960501
-125.886916326658
-125.886840090344
-125.886126039685
-125.886124877507
-125.886075821139
-125.886035898429
-125.885677685159
-125.885675088699
-125.885260936886
-125.885214073102
-125.885176650940
-125.884793276859
-125.884713070381
-125.884468079788
-125.884392513856
-125.884374501977
-125.884077196207
-125.884008407857
-125.883605518973
-125.883600587970
-125.883598149955
-125.883564199737
-125.883488576096
-125.883469175607
-125.883001319124
-125.882868894094
-125.882835291407
-125.882606238353
-125.882360648999
-125.882265663826
-125.881874509401
-125.881811516920
-125.881772079338
-125.881685384560
-125.881573459971
-125.881551363880
-125.881322196584
-125.881161574169
-125.880901529947
-125.880668759917
-125.880186576837
-125.880038254257
-125.879968422847
-125.879856722937
-125.879713878995
-125.879481178351
-125.879440455974
-125.879305145609
-125.879048498331
-125.878978271470
-125.878890305669
-125.878880862894
-125.878834487591
-125.878765405194
-125.878671502603
-125.878552814700
-125.878516201155
-125.878480760448
-125.878313900619
-125.877612427498
-125.877564701464
-125.877223767153
-125.877023523113
-125.876838484564
-125.876789021086
-125.876679827948
-125.876648789186
-125.876359306753
-125.876234850193
-125.876217923469
-125.876133042379
-125.876046242304
-125.875879761371
-125.875825138273
-125.875502602365
-125.874882595620
-125.874869275527
-125.874619255404
-125.874581138024
-125.874519306786
-125.874372483928
-125.874241165047
-125.874201694306
-125.873996369445
-125.873899373871
-125.873830734133
-125.873688788742
-125.873649394785
-125.873449547856
-125.873337616964
-125.873089270002
-125.873032311854
-125.872766181848
-125.872501304276
-125.872372601311
-125.872303254316
-125.872134473242
-125.872079742741
-125.871828729016
-125.871396000168
-125.871351779751
-125.870947325936
-125.870923508920
-125.870900444884
-125.870735690879
-125.870655107138
-125.870627541830
-125.870609967305
-125.870543666608
-125.870354292961
-125.869965606438
-125.869908259138
-125.869758729916
-125.869693049587
-125.869645984456
-125.869478341466
-125.869305323726
-125.868917503213
-125.868907309775
-125.868648085306
-125.868642878167
-125.868496058236
-125.868278723262
-125.868209339605
-125.868110183560
-125.867910040454
-125.867760236315
-125.867508227359
-125.867434625990
-125.867434170131
-125.867274399511
-125.867192850371
-125.867169298952
-125.866934985593
-125.866769366863
-125.865960592540
-125.865910294965
-125.865791317070
-125.865743018424
-125.865733343258
-125.865727270071
-125.865472812371
-125.865351685311
-125.865283169444
-125.865249541170
-125.865067406203
-125.864756025647
-125.864241555782
-125.864213432960
-125.864203178189
-125.864020172739
-125.863661036130
-125.863628905039
-125.863324250538
-125.862670104850
-125.862478115191
-125.862249425127
-125.862129907714
-125.861851994389
-125.861618551390
-125.861364970303
-125.861350223239
-125.861247983567
-125.861239249125
-125.861035549887
-125.860829664775
-125.860626385145
-125.860590262971
-125.860372622084
-125.860361875952
-125.860102526981
-125.859993310791
-125.859642119388
-125.859626002135
-125.858688899906
-125.858608692091
-125.858463267998
-125.858394853345
-125.858369383559
-125.857839863405
-125.857742862704
-125.857371005204
-125.856761013264
-125.856667188180
-125.856461664921
-125.856275722688
-125.856051338640
-125.855973080150
-125.855786417706
-125.855611301985
-125.855541612854
-125.855479186101
-125.855282519120
-125.854953658519
-125.854833517748
-125.854421865146
-125.854271123605
-125.854183973825
-125.854128090566
-125.853076436189
-125.852601212551
-125.852587950809
-125.852282836450
-125.851920092267
-125.851904671540
-125.851837930178
-125.851731329621
-125.851503498994
-125.851421225635
-125.851347788980
-125.851312622700
-125.850690189151
-125.850642370718
-125.850427636340
-125.850006949183
-125.849741086796
-125.849733683705
-125.849699659356
-125.849666550051
-125.849545789608
-125.849319288820
-125.848938276504
-125.848861832502
-125.848690821742
-125.848617242510
-125.848607714211
-125.848512974729
-125.848416585374
-125.847996442981
-125.847319308583
-125.847120179883
-125.847100360116
-125.846711958215
-125.846059541302
-125.845964679058
-125.845873140755
-125.845497889543
-125.845445959883
-125.845351630951
-125.845325799576
-125.845165868230
-125.845151114287
-125.845069401118
-125.844679681025
-125.844673366027
-125.844571184952
-125.844068823609
-125.843820904543
-125.843678951731
-125.843023063463
-125.842936742999
-125.842888663195
-125.842641697760
-125.842464925293
-125.842460864716
-125.842287561329
-125.842103327161
-125.841593256800
-125.841543354690
-125.841506665244
-125.841371221153
-125.841141707788
-125.840837677650
-125.840787537183
-125.840710359744
-125.840485340995
-125.840371500053
-125.840254991207
-125.840138764143
-125.839964557047
-125.839671886530
-125.839589140761
-125.839437955999
-125.839205601622
-125.839065162569
-125.838718845381
-125.838333050375
-125.838072700016
-125.837922672070
-125.837261940094
-125.836903877091
-125.836760476492
-125.836437156176
-125.836222145972
-125.836156213869
-125.835852550327
-125.835699802604
-125.835369647853
-125.835269295711
-125.835263350810
-125.835046337904
-125.834876762296
-125.834677602858
-125.834359462222
-125.833494951969
-125.833470750741
-125.833244605507
-125.833035211353
-125.832841071123
-125.832665915142
-125.832490007304
-125.832420238796
-125.832404777019
-125.832101376992
-125.831913105161
-125.831829892729
-125.831573865509
-125.831398191760
-125.831335383867
-125.831035883810
-125.830905886401
-125.830771495187
-125.830548016813
-125.830422800401
-125.830038666496
-125.829874874817
-125.829342139240
-125.829055018630
-125.828868461524
-125.828521671191
-125.828485296294
-125.828446430899
-125.828303395762
-125.828196926058
-125.828159796525
-125.828105164052
-125.827566157733
-125.827375802779
-125.827174774431
-125.827139162381
-125.827037267460
-125.826671133925
-125.826669722206
-125.826548273280
-125.826283535170
-125.825845019980
-125.825717344143
-125.825539405436
-125.825512247756
-125.825510910640
-125.825020124820
-125.824916651182
-125.824904841256
-125.824217863396
-125.823969971211
-125.823899762671
-125.823617214604
-125.823496711909
-125.823418097671
-125.823159099347
-125.823083984253
-125.823025567992
-125.822173155685
-125.822089346622
-125.821648089280
-125.821369805535
-125.821289758903
-125.821181744667
-125.821053762571
-125.820989392457
-125.820641625000
-125.820048506256
-125.820042150440
-125.819910504273
-125.819476483622
-125.819225667155
-125.819074107768
-125.819026575307
-125.818789625077
-125.818737042391
-125.818600552153
-125.818339598722
-125.818333957750
-125.818316440602
-125.817924932466
-125.817810590422
-125.817734864441
-125.817712129654
-125.817570558127
-125.817488387698
-125.816944954935
-125.816750872559
-125.816451596152
-125.816250588538
-125.816150487493
-125.816053126332
-125.815974167373
-125.815748685788
-125.815574215937
-125.815224967026
-125.814900110208
-125.814748192286
-125.814629369089
-125.814416457232
-125.814318763867
-125.814278752570
-125.814114930380
-125.813765016689
-125.813736627936
-125.813706300513
-125.813188163174
-125.813061446763
-125.812947729438
-125.812853384063
-125.812804745347
-125.812638263557
-125.812407201490
-125.812283662201
-125.812141697197
-125.812107245648
-125.811749849919
-125.811686332105
-125.810906266565
-125.810891793373
-125.810705661613
-125.810658481205
-125.810154125443
-125.810141384859
-125.810025362220
-125.809760683277
-125.809660526746
-125.809587815314
-125.808983085573
-125.808945490231
-125.808898838364
-125.808684524465
-125.808658163119
-125.808266212869
-125.808167633809
-125.808133925633
-125.808044661561
-125.807580299933
-125.807551908735
-125.807429306634
-125.807230190972
-125.806941296230
-125.806832425859
-125.806808605590
-125.806719061945
-125.806529840712
-125.806059899556
-125.805834307904
-125.805235869928
-125.805106106131
-125.804977201379
-125.804478502831
-125.804413613263
-125.804120553809
-125.804114382099
-125.803958073709
-125.803686597698
-125.803195666739
-125.802986298024
-125.802826336425
-125.802633885938
-125.802603910506
-125.802473644925
-125.802403307623
-125.802196522567
-125.801835587675
-125.801622416443
-125.801010779576
-125.800479151122
-125.800425208366
-125.800002247503
-125.799927733912
-125.799871794527
-125.799735238470
-125.799577353544
-125.799141174479
-125.799134389194
-125.799034323016
-125.798929156473
-125.798912782782
-125.798724691519
-125.797970166848
-125.797824704595
-125.797730172260
-125.797457344959
-125.797424661887
-125.797284584587
-125.797203511459
-125.796922036412
-125.796918234454
-125.796650282960
-125.796454286862
-125.796099056423
-125.795707643817
-125.795549196053
-125.795545540021
-125.795341449565
-125.795061626127
-125.794734016349
-125.794575536326
-125.794549743511
-125.794527690344
-125.794181798558
-125.794095296421
-125.793195696375
-125.793176742521
-125.792713219215
-125.792598357031
-125.792272902117
-125.792105280217
-125.792073531029
-125.791913186241
-125.791776562777
-125.791718827244
-125.791441455058
-125.791302933966
-125.791061144798
-125.791052731394
-125.791006385431
-125.790452060359
-125.790449067213
-125.790122540021
-125.789963500799
-125.789616334166
-125.789360975501
-125.789256789163
-125.788530030312
-125.788365877992
-125.788331122615
-125.788328663044
-125.788088555566
-125.788007744810
-125.787112205129
-125.786693613397
-125.786600779487
-125.786592649156
-125.786548080796
-125.786437418469
-125.786134672896
-125.785982876076
-125.785979711038
-125.785928708532
-125.785801788828
-125.785773384265
-125.785123005551
-125.784931637274
-125.784873045120
-125.784698903275
-125.784554432774
-125.784352246633
-125.784103110872
-125.783945065469
-125.783513874592
-125.783390522450
-125.783026912731
-125.782741786164
-125.782652656942
-125.782409854975
-125.782168785073
-125.781673311530
-125.781494661140
-125.781484840630
-125.781317016922
-125.781200507978
-125.780652587861
-125.780542451356
-125.780443221378
-125.779751341831
-125.779668919711
-125.779607965258
-125.779484858205
-125.778963268693
-125.778943191065
-125.778899384496
-125.778697430423
-125.778476144666
-125.778465925300
-125.778042186890
-125.777952210601
-125.777927926269
-125.777917237120
-125.777715157889
-125.777293700793
-125.777227299626
-125.776947071440
-125.776695629485
-125.776651362760
-125.776442558988
-125.776213442110
-125.775812698766
-125.775808224815
-125.775688403933
-125.775572838161
-125.775367059451
-125.774967238801
-125.774778227739
-125.774714479490
-125.774584824480
-125.774561110121
-125.774475007848
-125.774134555235
-125.774078973264
-125.774013959994
-125.773652913792
-125.773473766153
-125.773431913070
-125.773370237518
-125.772957339088
-125.772488031381
-125.772322338831
-125.771793690321
-125.771740382758
-125.771501455861
-125.770932202545
-125.770887577756
-125.770817933524
-125.770622509904
-125.770113702401
-125.769971666125
-125.769677781255
-125.769410625205
-125.768979119251
-125.768889245977
-125.768757182769
-125.768548293848
-125.768453211944
-125.768174277212
-125.768060168357
-125.767631173323
-125.767069248491
-125.767065438801
-125.766627409617
-125.766290340695
-125.765808478847
-125.765729327697
-125.765626517210
-125.765487771213
-125.765448751141
-125.765365324826
-125.765106487038
-125.764776792611
-125.764678662207
-125.764568714082
-125.764208540314
-125.764188062236
-125.764130126876
-125.763852038894
-125.763651800920
-125.763615815015
-125.763107868020
-125.762723521686
-125.762703966101
-125.762287918856
-125.761926247963
-125.761843151823
-125.761307057059
-125.760964289971
-125.760898604697
-125.760765754169
-125.760756719804
-125.760240917106
-125.759416091488
-125.759112507290
-125.758959362231
-125.758919247201
-125.758754169210
-125.758432374467
-125.758190726086
-125.757643482141
-125.757362692498
-125.757041367229
-125.756708766981
-125.756583725260
-125.756576546167
-125.756396868771
-125.755751590178
-125.755744555347
-125.755603963910
-125.755542523988
-125.755479167283
-125.754980884786
-125.754962570220
-125.754757224931
-125.754636032632
-125.754174907097
-125.753689893323
-125.753672102705
-125.753642381384
-125.753599234480
-125.752920316084
-125.752861009093
-125.752327522294
-125.752285071756
-125.752186235002
-125.751933600159
-125.751180987636
-125.750729916265
-125.750605394355
-125.750327790734
-125.749757980291
-125.749705949240
-125.749442315610
-125.749420761862
-125.749229960420
-125.749136423357
-125.748999257141
-125.747818135977
-125.747604826784
-125.747394344590
-125.747154573945
-125.746853350257
-125.746763847683
-125.746647747735
-125.746634610716
-125.746596876577
-125.746435526161
-125.746033109343
-125.745660954814
-125.745532518919
-125.745488146352
-125.745233662033
-125.744993591749
-125.744553266117
-125.744158195260
-125.744066404038
-125.743741135664
-125.743649150797
-125.743319689206
-125.742892257612
-125.742364498627
-125.742195931069
-125.741872428320
-125.741544006851
-125.741469813673
-125.740906706206
-125.740748021598
-125.740292562221
-125.739326528458
-125.739130735794
-125.738447056216
-125.738439747403
-125.738057029542
-125.738018230482
-125.737520492678
-125.737440486373
-125.737365715474
-125.737083387439
-125.736927664796
-125.736919436545
-125.736726861864
-125.736227327854
-125.735980615015
-125.735929937135
-125.735827653900
-125.735675058004
-125.735429937763
-125.735385114214
-125.735255499944
-125.734973358178
-125.734904680809
-125.734831552050
-125.734498361184
-125.734121578048
-125.733887620649
-125.733784022992
-125.733076968841
-125.732863270333
-125.732204752620
-125.732037500762
-125.731951480659
-125.731673259165
-125.731226478932
-125.731176624456
-125.730882487211
-125.730741937013
-125.730395867453
-125.730179921022
-125.730063347268
-125.729938296312
-125.729826788355
-125.729375956265
-125.729312237954
-125.729125224573
-125.728924305435
-125.728651974955
-125.728635125200
-125.727702063704
-125.727337904999
-125.727337892098
-125.727258470132
-125.727106562273
-125.726982902546
-125.726859651909
-125.726703357592
-125.726632504621
-125.726501204960
-125.726357841720
-125.726280400912
-125.725571527174
-125.725546153963
-125.725544462412
-125.725387002519
-125.724216102173
-125.724203923211
-125.724165745658
-125.724066372804
-125.724036640725
-125.723660460824
-125.723559808339
-125.722825617808
-125.722036601280
-125.721163854364
-125.720879898605
-125.720675635778
-125.720359964142
-125.720219284253
-125.720154634202
-125.719635123814
-125.719222931587
-125.719145459282
-125.718929335547
-125.718569244397
-125.718500176001
-125.718469831652
-125.718383480069
-125.718272887830
-125.718183570933
-125.717943489220
-125.717381864402
-125.716506024271
-125.716313470620
-125.716255722896
-125.715992465060
-125.715842597860
-125.715810782287
-125.715413277226
-125.714339405428
-125.714312154384
-125.713518223951
-125.713511247758
-125.713504606151
-125.713293732764
-125.713243985474
-125.712769688723
-125.712507206343
-125.712489827484
-125.712388686872
-125.712354322214
-125.711896077186
-125.711545629758
-125.711210007858
-125.711090843037
-125.710341933163
-125.709983017745
-125.709766922610
-125.709210548581
-125.708910484047
-125.708560827457
-125.708243184820
-125.707652831164
-125.707263849065
-125.707169010845
-125.707151121437
-125.707110420678
-125.706781304117
-125.706271046521
-125.706023592250
-125.705769915870
-125.705517646388
-125.705375832897
-125.704739543526
-125.704217073065
-125.703821189639
-125.703578274936
-125.703240775186
-125.703213780107
-125.703015250149
-125.702543110544
-125.702466012301
-125.702453304746
-125.702204063000
-125.701990109825
-125.701539242682
-125.701342078275
-125.701303984562
-125.701168994310
-125.700668677214
-125.700301256816
-125.699284483683
-125.698969851621
-125.698901106670
-125.698754525835
-125.698439972471
-125.698229575890
-125.697894148127
-125.697704145176
-125.697529814800
-125.697446884480
-125.696748747587
-125.696535279712
-125.696166669867
-125.695405796579
-125.695197689154
-125.694665210749
-125.694619257106
-125.693797111497
-125.693619756374
-125.693173941628
-125.693035846047
-125.691995312280
-125.691819625036
-125.691579926276
-125.691261663931
-125.690767223768
-125.689534803357
-125.689291556668
-125.689158125851
-125.688943320415
-125.687806630607
-125.687716981910
-125.687406748432
-125.687190599207
-125.687048268824
-125.687022217181
-125.686383653007
-125.685829163172
-125.685192864690
-125.685104069214
-125.684896759087
-125.683892173810
-125.683348854864
-125.683331651089
-125.682758253808
-125.682648820109
-125.682432378849
-125.681978892568
-125.680986223001
-125.680517521396
-125.680153841242
-125.679153705502
-125.679093647646
-125.678663939904
-125.678023400332
-125.677571325938
-125.677074885529
-125.676996590171
-125.676842034967
-125.676526741338
-125.676027195161
-125.673588762088
-125.672979015157
-125.672421162116
-125.671501859645
-125.671018912237
-125.670994509806
-125.670849126684
-125.670467612963
-125.668288437570
-125.668240310442
-125.668178666771
-125.667830284974
-125.667820083985
-125.667395058225
-125.666357946515
-125.666305819417
-125.665993481536
-125.664662163263
-125.664210711702
-125.664024948844
-125.662669261163
-125.662222632054
-125.661580998619
-125.661194400580
-125.660949782783
-125.660807140416
-125.660682945289
-125.660506022040
-125.660209019544
-125.660123321513
-125.659483133934
-125.658731080461
-125.658144211326
-125.657867965057
-125.657682607379
-125.657306565695
-125.657031039271
-125.656621285181
-125.655032344839
-125.654859638930
-125.654797734731
-125.654633029616
-125.653417871390
-125.653332780194
-125.653285722290
-125.652845685905
-125.652570352887
-125.652321202558
-125.650918132021
-125.650388716782
-125.650048923680
-125.649460439743
-125.649449233797
-125.649035114475
-125.648544101719
-125.647857774641
-125.647583103943
-125.647243942701
-125.647071291951
-125.647000552928
-125.646872725101
-125.646305098472
-125.645846116768
-125.645649117113
-125.644886145249
-125.644205467539
-125.643973011335
-125.643865023219
-125.643295815762
-125.643084226575
-125.642038493247
-125.641997879098
-125.641799902567
-125.641677741894
-125.641611892682
-125.641162377028
-125.640977274789
-125.640375773768
-125.639661243555
-125.639466011253
-125.639455081770
-125.639237741836
-125.639187464460
-125.638997673628
-125.638966354709
-125.637924045724
-125.637778337586
-125.636729119893
-125.636659429996
-125.636330062180
-125.636067573530
-125.636044703980
-125.635701075800
-125.635658330419
-125.635427872216
-125.635129145178
-125.635110114743
-125.634507698012
-125.634346331719
-125.633967705671
-125.633760237869
-125.633680203910
-125.633646890383
-125.633401406621
-125.633231316716
-125.633107491874
-125.632774961101
-125.632032747594
-125.631957395633
-125.631912195954
-125.631305269102
-125.631091161899
-125.630985797961
-125.630810283938
-125.630650681126
-125.630317559160
-125.630152282892
-125.630026831499
-125.629478346845
-125.629393367034
-125.628878933824
-125.628219331733
-125.627734685207
-125.627611531186
-125.627335336369
-125.627246594569
-125.626644529211
-125.626387236878
-125.626247672778
-125.626208466609
-125.626208057397
-125.626013504671
-125.625789743976
-125.625166828182
-125.624631476495
-125.624629077406
-125.624390268614
-125.623307246721
-125.622770401954
-125.622703851555
-125.622459744570
-125.622212309840
-125.621862090206
-125.621695479692
-125.621686020596
-125.620867635022
-125.620864070425
-125.620206951387
-125.620074301794
-125.620011411877
-125.619857562217
-125.619216104121
-125.619089642726
-125.618889845471
-125.618348764658
-125.618277168365
-125.618023827335
-125.617911466295
-125.617406699544
-125.616680775889
-125.616541942328
-125.616442776970
-125.616436503232
-125.616064529796
-125.615834609584
-125.615179775919
-125.615102603242
-125.614758185446
-125.614737994744
-125.614651144065
-125.614423569456
-125.613424428985
-125.613226064455
-125.613208527680
-125.612384484233
-125.612009387364
-125.612001108103
-125.611989376076
-125.611919855007
-125.611663325129
-125.611273070628
-125.611070189241
-125.610848712798
-125.610369153575
-125.609798693574
-125.609759509319
-125.608581893761
-125.608522390264
-125.608359390787
-125.608165927198
-125.607745192659
-125.607599482923
-125.607388073796
-125.607200245541
-125.606841704790
-125.606766997522
-125.606688656359
-125.606596890588
-125.605653780148
-125.605224877931
-125.605028283943
-125.604980135516
-125.603376212946
-125.603250762098
-125.603129833291
-125.602923778945
-125.602873496307
-125.602421860911
-125.601851166331
-125.600793035037
-125.600491936999
-125.599961438998
-125.599820702566
-125.599765918841
-125.599579724312
-125.599125742661
-125.599038711021
-125.598853046304
-125.598134478292
-125.597200058160
-125.597144246886
-125.597066149403
-125.596252280220
-125.596237898290
-125.595822817020
-125.595769177863
-125.595432600981
-125.595081667869
-125.594239543051
-125.594213341672
-125.593841524496
-125.593696297280
-125.593271251817
-125.593022458491
-125.592953732055
-125.592696696679
-125.592272978960
-125.591758338596
-125.591511387769
-125.590934298618
-125.590562450508
-125.588997519898
-125.588756104382
-125.588179838895
-125.587736153575
-125.587675218659
-125.586345448218
-125.586307760224
-125.584492351485
-125.584411862534
-125.583135331183
-125.582998284087
-125.582736337784
-125.581091363090
-125.580607820260
-125.580597150672
-125.578448308878
-125.578175631884
-125.577818805830
-125.576248977523
-125.573067312042
-125.573033056587
-125.572581261017
-125.570480074927
-125.570440106485
-125.569305156172
-125.566464015860
-125.565890663315
-125.565431440945
-125.565327517662
-125.564871727646
-125.563886953767
-125.560825331605
-125.559142661722
-125.558911701769
-125.557941355070
-125.556631104264
-125.556570065358
-125.554914418356
-125.554811949739
-125.553218200726
-125.553120946501
-125.552429916817
-125.550914658634
-125.550858796328
-125.550658589481
-125.550274295496
-125.549714283665
-125.548972482235
-125.548073670263
-125.546716069487
-125.546339854275
-125.546272027995
-125.546118466045
-125.546107650952
-125.545912255466
-125.545716323998
-125.544452669223
-125.544103972257
-125.543416324152
-125.543380989207
-125.542693023039
-125.542264426667
-125.541058454186
-125.540011793537
-125.539764639861
-125.539696249100
-125.539271141924
-125.538274409518
-125.538177173990
-125.537220269620
-125.537046409503
-125.536918298180
-125.535469046043
-125.535435074397
-125.535348252234
-125.535153141407
-125.535047004497
-125.534522283939
-125.533705415462
-125.533502664479
-125.532331875513
-125.531818236906
-125.530899011503
-125.530330491802
-125.529657615403
-125.529291315697
-125.528551208780
-125.527955121904
-125.527698785068
-125.527601558392
-125.527373480502
-125.526971270363
-125.526200416070
-125.525635833736
-125.525036972109
-125.524293095029
-125.523894806936
-125.523793086209
-125.522563889888
-125.522495602720
-125.522372255230
-125.521960474391
-125.521834692369
-125.521706585155
-125.520760768591
-125.520078464303
-125.519339881381
-125.519202492117
-125.518761355147
-125.518487666920
-125.517482008851
-125.517432408835
-125.516957192603
-125.516816595067
-125.515573629389
-125.514921205417
-125.514766974454
-125.514090887430
-125.514047455569
-125.513307486234
-125.513022791075
-125.512330200244
-125.512019969351
-125.511474189558
-125.510809829859
-125.509543384869
-125.508943940570
-125.508272666573
-125.507434367224
-125.506468726215
-125.505782305958
-125.504664448298
-125.503396304377
-125.502223561924
-125.501114281038
-125.500942069113
-125.500380646106
-125.500075397621
-125.498256897238
-125.497419181683
-125.497289211046
-125.495013080529
-125.493604415565
-125.490738991457
-125.488912803723
-125.488642822017
-125.487948150381
-125.487509805771
-125.486124093385
-125.486116876927
-125.485962983013
-125.484870818303
-125.484630985702
-125.481297792438
-125.480339179694
-125.480024142302
-125.476487585269
-125.474146272791
-125.474103310932
-125.473780384544
-125.473380374112
-125.470920827886
-125.469357039348
-125.468502686115
-125.467725585995
-125.467375742617
-125.465176100196
-125.463247837327
-125.461334741560
-125.461269200551
-125.460053678696
-125.459498721852
-125.456986020787
-125.455613822613
-125.455539733199
-125.455134988331
-125.455043000597
-125.454850513956
-125.453746722773
-125.452523864710
-125.451704006673
-125.450732193363
-125.450645001409
-125.447374893999
-125.447146244577
-125.447024422009
-125.446961512021
-125.446916568549
-125.446195966320
-125.445854060501
-125.445679107069
-125.444190150903
-125.442996185529
-125.442934870573
-125.442661567209
-125.442090785199
-125.440618709901
-125.440569760158
-125.439394754580
-125.438986647216
-125.438886409500
-125.438567969601
-125.437412190654
-125.436946804307
-125.436540967856
-125.436198136743
-125.433509452662
-125.433352138975
-125.433008219783
-125.432492462144
-125.432271031495
-125.428825617475
-125.426959314101
-125.426171180625
-125.425255382352
-125.422959208214
-125.422795224417
-125.419280623094
-125.419227035073
-125.417157973709
-125.417019884471
-125.416581197047
-125.416379686634
-125.415509391430
-125.414302996949
-125.414247555348
-125.412201453617
-125.403373326560
-125.400996802335
-125.398408930968
-125.398059663919
-125.397225938970
-125.396820277345
-125.396378051921
-125.395291683556
-125.394760878580
-125.393582344171
-125.392855869486
-125.392098626988
-125.391982618184
-125.388636965822
-125.387659553950
-125.385852623795
-125.385754758935
-125.384093837718
-125.383565925316
-125.382707579065
-125.382413532749
-125.382156345820
-125.381292844758
-125.381079202107
-125.377507457270
-125.375737837178
-125.374980894414
-125.374837070795
-125.374334870431
-125.373684419340
-125.368509194389
-125.367770906991
-125.367363996089
-125.366797702887
-125.365825839769
-125.365790532262
-125.364860445015
-125.363912498162
-125.363896659009
-125.362405221633
-125.362050063865
-125.359967956798
-125.359490922845
-125.359156274422
-125.358635007727
-125.358144560278
-125.356660794310
-125.355358129489
-125.354947671469
-125.353210197431
-125.352834940148
-125.345868917399
-125.345046737136
-125.343339177706
-125.342186183396
-125.341652353540
-125.340024559140
-125.337397498540
-125.336996563619
-125.335864036627
-125.334594873960
-125.328665918449
-125.326613753120
-125.318364782516
-125.317349323949
-125.311042858684
-125.307543248236
-125.302566860996
-125.298470067936
-125.293749472747
-125.281764652598
-125.277379745135
-125.274753299354
-125.273431579419
-125.271629281796
-125.268186667536
-125.267682701720
-125.267288940383
-125.226117615783
-125.223398747636
-125.220904990803
-125.219800817902
-125.218526138874
-125.216165741683
-125.213875980927
-125.213482879508
-125.211940551073
-125.055508096822
-125.051984586489
