-125.566194260025
-125.552939087023
-125.543307818487
-125.535869697467
-125.530134193160
-125.525863397773
-125.524983389091
-125.519206962963
-125.511991135837
-125.506442156589
-125.502938449287
-125.500785192046
-125.459404196538
-125.455302945169
-125.447251779023
-125.445703427329
-125.441474270083
-125.439579160904
-125.439458975325
-125.439431868143
-125.432337368513
-125.431552427873
-125.425496075722
-125.424838793174
-125.423283113708
-125.420875734035
-125.419069883908
-125.416365752426
-125.415890725968
-125.412750731046
-125.408111686134
-125.407986671591
-125.407739204641
-125.406855960539
-125.405727231449
-125.404322823420
-125.401772806794
-125.399668247341
-125.399142807256
-125.397362908292
-125.397115113517
-125.395159938066
-125.393170365955
-125.392842309862
-125.391782135994
-125.390496327946
-125.387153839032
-125.386047323325
-125.385895565611
-125.380484339400
-125.377935341978
-125.377054197019
-125.376782507308
-125.373748566508
-125.370519008654
-125.367821600343
-125.366986069585
-125.364323042136
-125.363069826707
-125.359140252057
-125.359107482407
-125.358640832485
-125.356098187517
-125.354454425782
-125.354142661967
-125.347970713424
-125.347585534926
-125.347306901456
-125.344674335509
-125.341795473355
-125.340693554555
-125.340504808277
-125.339876784125
-125.338345709118
-125.334392901352
-125.331180208512
-125.328631103880
-125.323262459404
-125.322847982476
-125.320766829203
-125.319757488287
-125.318319292307
-125.315223644811
-125.309485215488
-125.303741260068
-125.301707128336
-125.299953724122
-125.299373518156
-125.298290014770
-125.297002688901
-125.295249347630
-125.293016814568
-125.292871580975
-125.291119585754
-125.291050938519
-125.290580273647
-125.289875258760
-125.285101371067
-125.285046426831
-125.284473637106
-125.283614969030
-125.283505156223
-125.282681840802
-125.276139850248
-125.273546547696
-125.271207754206
-125.267419050039
-125.267268343637
-125.266174683256
-125.265379667718
-125.263706130905
-125.258563260536
-125.255840158737
-125.255259277988
-125.254539293862
-125.250937293306
-125.244572473507
-125.243142087699
-125.235712766763
-125.233402495906
-125.233225101656
-125.232941251265
-125.232383784579
-125.230395331873
-125.222354432317
-125.218492431052
-125.211697751081
-125.206396845165
-125.206232458045
-125.205998731665
-125.205294516024
-125.204078198939
-125.203420758990
-125.199640861604
-125.189735000121
-125.189554842930
-125.188966871708
-125.188025997756
-125.186208425765
-125.185052232338
-125.182193224737
-125.178255014574
-125.170910777142
-125.169167081702
-125.165776172674
-125.164332108496
-125.162837530162
-125.160172253799
-125.159504139736
-125.158210620777
-125.157224654180
-125.147798861568
-125.139588586866
-125.132760541401
-125.131318538189
-125.130461963719
-125.119679177110
-125.119051923969
-125.113443212893
-125.113441549174
-125.112376804021
-125.110872769835
-125.107605340808
-125.104949900206
-125.101876911492
-125.100915467838
-125.100739124455
-125.100313960189
-125.096024584926
-125.092911351796
-125.087639741844
-125.079682760799
-125.078425810281
-125.078236521183
-125.074725302667
-125.063671121838
-125.059566040071
-125.055258502275
-125.049597881897
-125.042737155367
-125.040835395743
-125.030258767295
-125.008671925545
-125.001531281222
-124.994528801419
-124.988455975761
-124.957863273531
-124.943559638833
-124.923869143691
-124.911977451281
-124.910205600299
-124.900356693507
-124.896596312445
-124.881587347736
-124.771778032317
-124.753971164079
-124.753342399271
-124.741065300594
