-125.960593041735
-125.953071919248
-125.944718833688
-125.942193799808
-125.934299868893
-125.932717385027
-125.928223248572
-125.923593560993
-125.923534017997
-125.920241875263
-125.919467008807
-125.916441298740
-125.914595957474
-125.911068073388
-125.908933589997
-125.908376074022
-125.903224328031
-125.901115916572
-125.899094695375
-125.896539454904
-125.895234282635
-125.894061207243
-125.889136172282
-125.886032681277
-125.852235777636
-125.847822038350
-125.847541740620
-125.844299399893
-125.840233727856
-125.838675226093
-125.835085404755
-125.834954722852
-125.832435821493
-125.832350059983
-125.832008431970
-125.830602209572
-125.829868809657
-125.829658556469
-125.829191092484
-125.827580504299
-125.824189717832
-125.823362729017
-125.821367846461
-125.820361617772
-125.818417990668
-125.815936670514
-125.814728434847
-125.814718800133
-125.813207570076
-125.813053100064
-125.812535157957
-125.810766828829
-125.810757491400
-125.808721188944
-125.808498134018
-125.807086868219
-125.806612887229
-125.804426836291
-125.803990948376
-125.802381658233
-125.801422888246
-125.800762419817
-125.799774561508
-125.799483129872
-125.798531610233
-125.798078122616
-125.797023419405
-125.796247432821
-125.794732066755
-125.794232013736
-125.794023273784
-125.793990925393
-125.792856274301
-125.792123069876
-125.792026560595
-125.790013370224
-125.789983800125
-125.789979700371
-125.789616293664
-125.787403708277
-125.786951872009
-125.786551706168
-125.785549103866
-125.784718218189
-125.784602808976
-125.783668876977
-125.783625308994
-125.782604893043
-125.782515377563
-125.781106720177
-125.780676220446
-125.779259845834
-125.778946080183
-125.776476674146
-125.776320168050
-125.775619507813
-125.775571881764
-125.775320015063
-125.771872398880
-125.770561060819
-125.769855580840
-125.769499851806
-125.768749160003
-125.765481198096
-125.765476683303
-125.765305735013
-125.765131576692
-125.763345729570
-125.762546030493
-125.761975273083
-125.759075227590
-125.758360817801
-125.755711072139
-125.755668843266
-125.755552813096
-125.754677765492
-125.754414432228
-125.752748362714
-125.750756149469
-125.750585957278
-125.750128027552
-125.749802730416
-125.748694481427
-125.748475018539
-125.747424434729
-125.747087077277
-125.746140562630
-125.745378723224
-125.743630608142
-125.742689331868
-125.739978596291
-125.739576640783
-125.738531989199
-125.738153547152
-125.737522857305
-125.736390945845
-125.735004891522
-125.734652683393
-125.732451182062
-125.732081854066
-125.731564972065
-125.731341868672
-125.730961006651
-125.730688811544
-125.730675361033
-125.729800437835
-125.729649864464
-125.728003045221
-125.724847388880
-125.724242723314
-125.722776458687
-125.721078048447
-125.719335338534
-125.719149285424
-125.714533890176
-125.713614312157
-125.713605778859
-125.713544099047
-125.712017973477
-125.711271676248
-125.710795171265
-125.709957003362
-125.709910713808
-125.708171106045
-125.706413040840
-125.705290720124
-125.700750248706
-125.700150501597
-125.696230343043
-125.693787271224
-125.692788503466
-125.692062729477
-125.691425274348
-125.691245181861
-125.690845367643
-125.690382524311
-125.690124795490
-125.689207505553
-125.687001027102
-125.686969326843
-125.686005631668
-125.685826065775
-125.685281601982
-125.683628556888
-125.683535126397
-125.683370267479
-125.682663116730
-125.682467959345
-125.682013807778
-125.681803459563
-125.681368579113
-125.680674831227
-125.679700095062
-125.679531086198
-125.676631652528
-125.676368637254
-125.676183085542
-125.675996632014
-125.675736119082
-125.675510548561
-125.674779064416
-125.674536136545
-125.674329199883
-125.674210532770
-125.671986622733
-125.671700706555
-125.667282174420
-125.666868999698
-125.666314878912
-125.663091173829
-125.662689758354
-125.660681920456
-125.658758162328
-125.658576658596
-125.658501974457
-125.657976929007
-125.657528263724
-125.656972600331
-125.655979479044
-125.655275911657
-125.654788124181
-125.652398869000
-125.650726423953
-125.648861723790
-125.647249072679
-125.647245464852
-125.646442569024
-125.646096267559
-125.644329711512
-125.643307465919
-125.641649009404
-125.640947434035
-125.636353996471
-125.634657573761
-125.634599456539
-125.631239161976
-125.627215409368
-125.626567167619
-125.626324780921
-125.625099087955
-125.624745760713
-125.623862550641
-125.623792615401
-125.623484021749
-125.622871405526
-125.621964225919
-125.621756198447
-125.619919530874
-125.613995784554
-125.613174161906
-125.609220645889
-125.608287192995
-125.603548613108
-125.602192432004
-125.599908753456
-125.599318721037
-125.598208193098
-125.597933589092
-125.597922082859
-125.597725614163
-125.597129353288
-125.595951381738
-125.595074443228
-125.593290845226
-125.592645512948
-125.592001611858
-125.590937372876
-125.588149294294
-125.581835231879
-125.581406307624
-125.581059982451
-125.580487930326
-125.580459891227
-125.579671370716
-125.579144298827
-125.578325143877
-125.578165151270
-125.577251369982
-125.576989534375
-125.574625694045
-125.573283483565
-125.571937198327
-125.568299186385
-125.567561621291
-125.564595576899
-125.562263271936
-125.561617561805
-125.559701881222
-125.558041936369
-125.556726476576
-125.556458170608
-125.554569737136
-125.554225028250
-125.553834719306
-125.551799949694
-125.551585457922
-125.550637975348
-125.549634229672
-125.549283978616
-125.548487937113
-125.546904633594
-125.546646839492
-125.541309621064
-125.536960578280
-125.531498284776
-125.530025524723
-125.524603110415
-125.524050615125
-125.522753963457
-125.521982047701
-125.521344413678
-125.520957838275
-125.511338302440
-125.510799338430
-125.510691460827
-125.510320367984
-125.507203278422
-125.505892761055
-125.505369939462
-125.504328493775
-125.503674649712
-125.503661703400
-125.502985953213
-125.500610805802
-125.499335923819
-125.496997876351
-125.495847769920
-125.495663362426
-125.493704193254
-125.493041083398
-125.492802629031
-125.492477168562
-125.492043360318
-125.491553615078
-125.491036211664
-125.490330876000
-125.489261305347
-125.484403741546
-125.484187990199
-125.484185574886
-125.479676807681
-125.478072952424
-125.472650699071
-125.472018594997
-125.471714256635
-125.470424858525
-125.468746082230
-125.466819707127
-125.466680657420
-125.464443665297
-125.455365799801
-125.454821113067
-125.452579977788
-125.449243381132
-125.446770019503
-125.445096778833
-125.441774259457
-125.440714768629
-125.434290141115
-125.433292301385
-125.433161985612
-125.432215055648
-125.422502415272
-125.420200154642
-125.401010100981
-125.399851633879
-125.393895256952
-125.391684721956
-125.386835901317
-125.385423584163
-125.380694873584
-125.379127616318
-125.350335364256
-125.349122050840
-125.336012923132
-125.333945751530
-125.316417477693
-125.314860653738
-125.304510902652
-125.302859624797
-125.302824031144
-125.300832305759
-125.292977300445
-125.291556364389
-125.289266933601
-125.287553823277
-125.274152217725
-125.272582505674
-125.164673116741
-125.163023312439
-125.146939551427
-125.146365588082
-125.145465961428
-125.144602120877
-125.133897541763
-125.132520280797
