-126.134445490801
-126.121178214751
-126.111553962253
-126.104124133731
-126.098396404108
-126.094132374668
-126.093345986104
-126.087598661225
-126.080376192834
-126.074825506025
-126.071328085747
-126.069175569090
-126.028110764910
-126.024047465388
-126.015973194505
-126.014386319616
-126.010185091618
-126.008284590450
-126.008189144635
-126.008157458169
-126.001046412300
-126.000286880950
-125.994209943762
-125.993548004324
-125.991995389751
-125.989559993123
-125.987983489647
-125.985117470136
-125.984635819890
-125.981480166112
-125.976865923393
-125.976756885072
-125.976572311980
-125.975720776378
-125.974419872876
-125.973167541943
-125.970541888445
-125.968430771624
-125.967982314449
-125.966125038071
-125.965967461359
-125.963999587112
-125.961942780497
-125.961700334003
-125.960589612564
-125.959317882344
-125.955974958112
-125.954958368867
-125.954737850049
-125.949390395267
-125.946793039489
-125.945962024051
-125.945733897902
-125.942610959460
-125.939458823587
-125.936706158978
-125.935928144016
-125.933304112614
-125.932050799532
-125.928178161737
-125.928095901970
-125.927532022150
-125.925022097843
-125.923427249331
-125.923169015988
-125.916893629615
-125.916615808190
-125.916303560863
-125.913673918997
-125.910642568213
-125.909587703851
-125.909474649822
-125.908901267856
-125.907332463260
-125.903406403130
-125.900252745505
-125.897596919786
-125.892384775972
-125.891952911013
-125.889811705353
-125.888664277694
-125.887450659487
-125.884275829064
-125.878663607075
-125.872946576191
-125.870920010343
-125.868920486890
-125.868581961941
-125.867470837162
-125.866239365640
-125.864455437649
-125.862287754910
-125.861998896780
-125.860341355041
-125.860264411607
-125.859720406714
-125.859083755134
-125.854339095231
-125.854308232927
-125.853717859989
-125.852879209783
-125.852744437925
-125.851876256537
-125.845347288675
-125.842803398027
-125.840385520229
-125.836661391255
-125.836519757005
-125.835468216622
-125.834655805715
-125.833002725477
-125.827895353269
-125.825121545440
-125.824515480353
-125.823965969768
-125.820312054653
-125.813947915728
-125.812540856193
-125.805227542910
-125.802805035652
-125.802741096346
-125.802367526130
-125.801852765229
-125.799827161781
-125.791789894714
-125.787953529095
-125.781226843628
-125.775977336610
-125.775723234130
-125.775536881027
-125.774740298040
-125.773626114804
-125.772966004883
-125.769193366526
-125.759361638192
-125.759200629539
-125.758578740256
-125.757585946460
-125.755739938741
-125.754653634864
-125.751774799830
-125.747745042096
-125.740639325805
-125.738904626808
-125.735489209590
-125.733976199006
-125.732542970659
-125.729774629498
-125.729285602664
-125.727910965305
-125.726931275643
-125.717592309911
-125.709266155821
-125.702618085932
-125.701015553000
-125.700315818598
-125.689576018561
-125.688947464638
-125.683381254474
-125.683305424740
-125.682287708913
-125.680801708189
-125.677519464599
-125.674890951801
-125.671775498735
-125.670907412708
-125.670601080286
-125.670133881882
-125.665881254357
-125.662874685778
-125.657584364116
-125.649741487343
-125.648382682252
-125.648321452130
-125.644752191887
-125.633744088221
-125.629497286252
-125.625251625653
-125.619726787801
-125.612790241336
-125.611046968940
-125.600452240833
-125.578986416931
-125.571785782209
-125.564864064023
-125.558764862549
-125.528375668288
-125.514017420715
-125.494502800874
-125.482598053900
-125.480879923720
-125.471024051907
-125.467321976180
-125.452323727082
-125.343011070854
-125.325188809785
-125.324609648922
-125.312356502401
