17 5
8 8 8 8 4
2 2.52270007   -28.48190117
2 2.95079994   98.51782227
2 3.92389989   -206.84092712
2 5.92140007   457.16946411
2 9.53390026   -384.66342163
2 16.08679962  389.39016724
1 46.95880127  28.70732689
0 39.62530136  6.73599482
2 2.18729997   -32.93295670
2 2.54640007   108.04138947
2 3.35279989   -213.19577026
2 4.92460012   419.07299805
2 7.71029997   -382.39443970
2 12.32499981  340.84274292
1 33.08100128  51.53657913
0 63.94940186  5.29221916
2 1.62119997   -32.97980499
2 1.84819996   92.38909149
2 2.43589997   -168.03038025
2 3.48830009   302.14080811
2 5.28469992   -324.87911987
2 8.07320023   295.09466553
1 20.40609932  27.30807304
0 23.80649948  7.89976501
2 1.69110000   -62.39103699
2 1.98189998   210.25509644
2 2.63700008   -335.25369263
2 3.81979990   374.69042969
2 5.81199980   -257.36740112
2 9.10079956   215.63255310
1 21.42609978  34.77194977
0 35.98310089  4.84190178
2 1.70930004   -0.77600998
2 4.47060013   -12.55831528
2 11.48029995  -70.03989410
2 32.14350128  -133.59544373
2 102.84519959 -394.30059814
1 348.19989014 -51.70143127
