exp1, coeff1, exp2, coeff2
11.69433887296928  , 227.294977 , 14.546408    ,       672.940323
2.68695191535280   ,   6.363469 , 3.040330     ,         5.864466
9.11992339356297   , 146.346951 , 9.935565     ,       189.212650
2.78906107375250   ,   6.292184 , 3.040330     ,         5.864466
5.50422823128628   ,  57.826037 , 6.347377     ,        52.441978
3.173688           ,   4.377924 , 3.040330     ,         5.864466
1.96027964349017   ,   6.726593 , 2.017881     ,         6.008980
3.04663955217115   ,   6.466748 , 3.040330     ,         5.864466
3.13245224289365   ,  3.245294  , 3.040330     ,        5.864466
