   1.3822751979752665E-006   23.746893999885529     
   1.3947998477444208E-006   23.746893999883447     
   1.4074379820440571E-006   23.746893999881323     
   1.4201906291455367E-006   23.746893999879163     
   1.4330588266372786E-006   23.746893999876967     
   1.4460436215091809E-006   23.746893999874722     
   1.4591460702378062E-006   23.746893999872441     
   1.4723672388723408E-006   23.746893999870121     
   1.4857082031213301E-006   23.746893999867758     
   1.4991700484402000E-006   23.746893999865350     
   1.5127538701195753E-006   23.746893999862898     
   1.5264607733743922E-006   23.746893999860404     
   1.5402918734338238E-006   23.746893999857861     
   1.5542482956320160E-006   23.746893999855274     
   1.5683311754996499E-006   23.746893999852638     
   1.5825416588563296E-006   23.746893999849956     
   1.5968809019038098E-006   23.746893999847224     
   1.6113500713200681E-006   23.746893999844445     
   1.6259503443542271E-006   23.746893999841614     
   1.6406829089223402E-006   23.746893999838733     
   1.6555489637040427E-006   23.746893999835795     
   1.6705497182400797E-006   23.746893999832803     
   1.6856863930307173E-006   23.746893999829762     
   1.7009602196350457E-006   23.746893999826661     
   1.7163724407711826E-006   23.746893999823506     
   1.7319243104173829E-006   23.746893999820294     
   1.7476170939140666E-006   23.746893999817026     
   1.7634520680667692E-006   23.746893999813693     
   1.7794305212500273E-006   23.746893999810300     
   1.7955537535122026E-006   23.746893999806847     
   1.8118230766812585E-006   23.746893999803333     
   1.8282398144714926E-006   23.746893999799752     
   1.8448053025912382E-006   23.746893999796107     
   1.8615208888515413E-006   23.746893999792391     
   1.8783879332758217E-006   23.746893999788611     
   1.8954078082105273E-006   23.746893999784767     
   1.9125818984367932E-006   23.746893999780845     
   1.9299116012831093E-006   23.746893999776859     
   1.9473983267390128E-006   23.746893999772794     
   1.9650434975698066E-006   23.746893999768663     
   1.9828485494323194E-006   23.746893999764449     
   2.0008149309917165E-006   23.746893999760161     
   2.0189441040393643E-006   23.746893999755798     
   2.0372375436117671E-006   23.746893999751350     
   2.0556967381105788E-006   23.746893999746824     
   2.0743231894237040E-006   23.746893999742216     
   2.0931184130474958E-006   23.746893999737523     
   2.1120839382100596E-006   23.746893999732745     
   2.1312213079956740E-006   23.746893999727881     
   2.1505320794703438E-006   23.746893999722928     
   2.1700178238084827E-006   23.746893999717880     
   2.1896801264207510E-006   23.746893999712746     
   2.2095205870830478E-006   23.746893999707517     
   2.2295408200666723E-006   23.746893999702191     
   2.2497424542696664E-006   23.746893999696773     
   2.2701271333493445E-006   23.746893999691252     
   2.2906965158560273E-006   23.746893999685625     
   2.3114522753679846E-006   23.746893999679905     
   2.3323961006276029E-006   23.746893999674079     
   2.3535296956787845E-006   23.746893999668146     
   2.3748547800055940E-006   23.746893999662110     
   2.3963730886721607E-006   23.746893999655960     
   2.4180863724638457E-006   23.746893999649696     
   2.4399963980296921E-006   23.746893999643316     
   2.4621049480261643E-006   23.746893999636825     
   2.4844138212621871E-006   23.746893999630210     
   2.5069248328455049E-006   23.746893999623481     
   2.5296398143303616E-006   23.746893999616624     
   2.5525606138665207E-006   23.746893999609647     
   2.5756890963496353E-006   23.746893999602541     
   2.5990271435729817E-006   23.746893999595308     
   2.6225766543805676E-006   23.746893999587940     
   2.6463395448216243E-006   23.746893999580440     
   2.6703177483065036E-006   23.746893999572798     
   2.6945132157639856E-006   23.746893999565025     
   2.7189279158000091E-006   23.746893999557102     
   2.7435638348578430E-006   23.746893999549041     
   2.7684229773797120E-006   23.746893999540831     
   2.7935073659698772E-006   23.746893999532475     
   2.8188190415592056E-006   23.746893999523966     
   2.8443600635712224E-006   23.746893999515301     
   2.8701325100896731E-006   23.746893999506476     
   2.8961384780275994E-006   23.746893999497491     
   2.9223800832979528E-006   23.746893999488343     
   2.9488594609857475E-006   23.746893999479028     
   2.9755787655217773E-006   23.746893999469545     
   3.0025401708579087E-006   23.746893999459893     
   3.0297458706439531E-006   23.746893999450059     
   3.0571980784061550E-006   23.746893999440047     
   3.0848990277272852E-006   23.746893999429851     
   3.1128509724283716E-006   23.746893999419477     
   3.1410561867520776E-006   23.746893999408904     
   3.1695169655477397E-006   23.746893999398146     
   3.1982356244580815E-006   23.746893999387190     
   3.2272145001076222E-006   23.746893999376038     
   3.2564559502927873E-006   23.746893999364680     
   3.2859623541737489E-006   23.746893999353112     
   3.3157361124679980E-006   23.746893999341335     
   3.3457796476456731E-006   23.746893999329345     
   3.3760954041266594E-006   23.746893999317138     
   3.4066858484794730E-006   23.746893999304707     
   3.4375534696219467E-006   23.746893999292048     
   3.4687007790237363E-006   23.746893999279159     
   3.5001303109106568E-006   23.746893999266042     
   3.5318446224708797E-006   23.746893999252677     
   3.5638462940629855E-006   23.746893999239077     
   3.5961379294259132E-006   23.746893999225222     
   3.6287221558908056E-006   23.746893999211117     
   3.6616016245947757E-006   23.746893999196757     
   3.6947790106966097E-006   23.746893999182138     
   3.7282570135944263E-006   23.746893999167245     
   3.7620383571453054E-006   23.746893999152086     
   3.7961257898869085E-006   23.746893999136653     
   3.8305220852611085E-006   23.746893999120935     
   3.8652300418396374E-006   23.746893999104934     
   3.9002524835517982E-006   23.746893999088641     
   3.9355922599142137E-006   23.746893999072050     
   3.9712522462626778E-006   23.746893999055160     
   4.0072353439860992E-006   23.746893999037958     
   4.0435444807625659E-006   23.746893999020443     
   4.0801826107975465E-006   23.746893999002616     
   4.1171527150642558E-006   23.746893998984458     
   4.1544578015461909E-006   23.746893998965973     
   4.1921009054818705E-006   23.746893998947147     
   4.2300850896117898E-006   23.746893998927980     
   4.2684134444276133E-006   23.746893998908469     
   4.3070890884236215E-006   23.746893998888595     
   4.3461151683504469E-006   23.746893998868366     
   4.3854948594710933E-006   23.746893998847764     
   4.4252313658192907E-006   23.746893998826788     
   4.4653279204601802E-006   23.746893998805433     
   4.5057877857533648E-006   23.746893998783687     
   4.5466142536183423E-006   23.746893998761539     
   4.5878106458023476E-006   23.746893998739001     
   4.6293803141506173E-006   23.746893998716047     
   4.6713266408791030E-006   23.746893998692670     
   4.7136530388496575E-006   23.746893998668874     
   4.7563629518477181E-006   23.746893998644644     
   4.7994598548624953E-006   23.746893998619967     
   4.8429472543697116E-006   23.746893998594846     
   4.8868286886168969E-006   23.746893998569270     
   4.9311077279112676E-006   23.746893998543221     
   4.9757879749102179E-006   23.746893998516704     
   5.0208730649144392E-006   23.746893998489703     
   5.0663666661637013E-006   23.746893998462205     
   5.1122724801353070E-006   23.746893998434217     
   5.1585942418452531E-006   23.746893998405710     
   5.2053357201521228E-006   23.746893998376692     
   5.2525007180637320E-006   23.746893998347140     
   5.3000930730465462E-006   23.746893998317049     
   5.3481166573379097E-006   23.746893998286414     
   5.3965753782611034E-006   23.746893998255217     
   5.4454731785432502E-006   23.746893998223459     
   5.4948140366361082E-006   23.746893998191119     
   5.5446019670397693E-006   23.746893998158193     
   5.5948410206292831E-006   23.746893998124662     
   5.6455352849842541E-006   23.746893998090524     
   5.6966888847214120E-006   23.746893998055761     
   5.7483059818302076E-006   23.746893998020369     
   5.8003907760114341E-006   23.746893997984333     
   5.8529475050189339E-006   23.746893997947641     
   5.9059804450043885E-006   23.746893997910281     
   5.9594939108652420E-006   23.746893997872235     
   6.0134922565957623E-006   23.746893997833503     
   6.0679798756413074E-006   23.746893997794068     
   6.1229612012557750E-006   23.746893997753912     
   6.1784407068623126E-006   23.746893997713023     
   6.2344229064172805E-006   23.746893997671393     
   6.2909123547775236E-006   23.746893997629002     
   6.3479136480709604E-006   23.746893997585843     
   6.4054314240705436E-006   23.746893997541889     
   6.4634703625715955E-006   23.746893997497146     
   6.5220351857725724E-006   23.746893997451579     
   6.5811306586592691E-006   23.746893997405191     
   6.6407615893925162E-006   23.746893997357958     
   6.7009328296993833E-006   23.746893997309861     
   6.7616492752679249E-006   23.746893997260891     
   6.8229158661455110E-006   23.746893997211025     
   6.8847375871407578E-006   23.746893997160257     
   6.9471194682291062E-006   23.746893997108565     
   7.0100665849620794E-006   23.746893997055928     
   7.0735840588802289E-006   23.746893997002331     
   7.1376770579298511E-006   23.746893996947769     
   7.2023507968834567E-006   23.746893996892204     
   7.2676105377640611E-006   23.746893996835631     
   7.3334615902733138E-006   23.746893996778027     
   7.3999093122235133E-006   23.746893996719376     
   7.4669591099735259E-006   23.746893996659658     
   7.5346164388686691E-006   23.746893996598843     
   7.6028868036845680E-006   23.746893996536933     
   7.6717757590750385E-006   23.746893996473894     
   7.7412889100240283E-006   23.746893996409703     
   7.8114319123016564E-006   23.746893996344347     
   7.8822104729243725E-006   23.746893996277798     
   7.9536303506193070E-006   23.746893996210037     
   8.0256973562928051E-006   23.746893996141047     
   8.0984173535032240E-006   23.746893996070796     
   8.1717962589380035E-006   23.746893995999272     
   8.2458400428950607E-006   23.746893995926442     
   8.3205547297685613E-006   23.746893995852290     
   8.3959463985390606E-006   23.746893995776780     
   8.4720211832681230E-006   23.746893995699903     
   8.5487852735973959E-006   23.746893995621626     
   8.6262449152522143E-006   23.746893995541924     
   8.7044064105497754E-006   23.746893995460770     
   8.7832761189119066E-006   23.746893995378137     
   8.8628604573824823E-006   23.746893995293998     
   8.9431659011495386E-006   23.746893995208332     
   9.0241989840721059E-006   23.746893995121106     
   9.1059662992118230E-006   23.746893995032295     
   9.1884744993693641E-006   23.746893994941857     
   9.2717302976257276E-006   23.746893994849781     
   9.3557404678884304E-006   23.746893994756029     
   9.4405118454426553E-006   23.746893994660567     
   9.5260513275073807E-006   23.746893994563365     
   9.6123658737965547E-006   23.746893994464401     
   9.6994625070853662E-006   23.746893994363631     
   9.7873483137816222E-006   23.746893994261029     
   9.8760304445023285E-006   23.746893994156558     
   9.9655161146554793E-006   23.746893994050183     
   1.0055812605027112E-005   23.746893993941871     
   1.0146927262373702E-005   23.746893993831591     
   1.0238867500019914E-005   23.746893993719304     
   1.0331640798461763E-005   23.746893993604971     
   1.0425254705975242E-005   23.746893993488555     
   1.0519716839230490E-005   23.746893993370019     
   1.0615034883911482E-005   23.746893993249330     
   1.0711216595341366E-005   23.746893993126442     
   1.0808269799113457E-005   23.746893993001319     
   1.0906202391727943E-005   23.746893992873915     
   1.1005022341234371E-005   23.746893992744191     
   1.1104737687879937E-005   23.746893992612108     
   1.1205356544763683E-005   23.746893992477617     
   1.1306887098496567E-005   23.746893992340681     
   1.1409337609867580E-005   23.746893992201255     
   1.1512716414515845E-005   23.746893992059285     
   1.1617031923608834E-005   23.746893991914732     
   1.1722292624526717E-005   23.746893991767550     
   1.1828507081552923E-005   23.746893991617689     
   1.1935683936570947E-005   23.746893991465097     
   1.2043831909767485E-005   23.746893991309726     
   1.2152959800341919E-005   23.746893991151531     
   1.2263076487222249E-005   23.746893990990454     
   1.2374190929787507E-005   23.746893990826443     
   1.2486312168596716E-005   23.746893990659451     
   1.2599449326124445E-005   23.746893990489415     
   1.2713611607503044E-005   23.746893990316288     
   1.2828808301271600E-005   23.746893990140002     
   1.2945048780131668E-005   23.746893989960515     
   1.3062342501709870E-005   23.746893989777760     
   1.3180699009327377E-005   23.746893989591676     
   1.3300127932776392E-005   23.746893989402203     
   1.3420638989103646E-005   23.746893989209280     
   1.3542241983401013E-005   23.746893989012847     
   1.3664946809603259E-005   23.746893988812840     
   1.3788763451293057E-005   23.746893988609187     
   1.3913701982513268E-005   23.746893988401830     
   1.4039772568586593E-005   23.746893988190703     
   1.4166985466942646E-005   23.746893987975724     
   1.4295351027952534E-005   23.746893987756835     
   1.4424879695770983E-005   23.746893987533966     
   1.4555582009186105E-005   23.746893987307036     
   1.4687468602476855E-005   23.746893987075971     
   1.4820550206278272E-005   23.746893986840703     
   1.4954837648454542E-005   23.746893986601155     
   1.5090341854979996E-005   23.746893986357243     
   1.5227073850828053E-005   23.746893986108891     
   1.5365044760868266E-005   23.746893985856023     
   1.5504265810771454E-005   23.746893985598547     
   1.5644748327923043E-005   23.746893985336381     
   1.5786503742344724E-005   23.746893985069445     
   1.5929543587624392E-005   23.746893984797651     
   1.6073879501854578E-005   23.746893984520909     
   1.6219523228579328E-005   23.746893984239129     
   1.6366486617749716E-005   23.746893983952219     
   1.6514781626687963E-005   23.746893983660090     
   1.6664420321060331E-005   23.746893983362639     
   1.6815414875858807E-005   23.746893983059774     
   1.6967777576391701E-005   23.746893982751395     
   1.7121520819283203E-005   23.746893982437406     
   1.7276657113482007E-005   23.746893982117697     
   1.7433199081279071E-005   23.746893981792169     
   1.7591159459334603E-005   23.746893981460715     
   1.7750551099714343E-005   23.746893981123229     
   1.7911386970935241E-005   23.746893980779600     
   1.8073680159020618E-005   23.746893980429711     
   1.8237443868564864E-005   23.746893980073459     
   1.8402691423807817E-005   23.746893979710716     
   1.8569436269718835E-005   23.746893979341372     
   1.8737691973090729E-005   23.746893978965307     
   1.8907472223643591E-005   23.746893978582392     
   1.9078790835138623E-005   23.746893978192510     
   1.9251661746502057E-005   23.746893977795530     
   1.9426099022959269E-005   23.746893977391323     
   1.9602116857179152E-005   23.746893976979756     
   1.9779729570428886E-005   23.746893976560699     
   1.9958951613739127E-005   23.746893976134015     
   2.0139797569079812E-005   23.746893975699557     
   2.0322282150546562E-005   23.746893975257194     
   2.0506420205557863E-005   23.746893974806781     
   2.0692226716063096E-005   23.746893974348165     
   2.0879716799761505E-005   23.746893973881200     
   2.1068905711332219E-005   23.746893973405740     
   2.1259808843675395E-005   23.746893972921619     
   2.1452441729164644E-005   23.746893972428687     
   2.1646820040910769E-005   23.746893971926784     
   2.1842959594036978E-005   23.746893971415737     
   2.2040876346965643E-005   23.746893970895393     
   2.2240586402716723E-005   23.746893970365580     
   2.2442106010217934E-005   23.746893969826118     
   2.2645451565626814E-005   23.746893969276833     
   2.2850639613664767E-005   23.746893968717558     
   2.3057686848963149E-005   23.746893968148093     
   2.3266610117421632E-005   23.746893967568262     
   2.3477426417578801E-005   23.746893966977879     
   2.3690152901995198E-005   23.746893966376749     
   2.3904806878648918E-005   23.746893965764670     
   2.4121405812343807E-005   23.746893965141453     
   2.4339967326130477E-005   23.746893964506899     
   2.4560509202740122E-005   23.746893963860785     
   2.4783049386031404E-005   23.746893963202911     
   2.5007605982450376E-005   23.746893962533061     
   2.5234197262503708E-005   23.746893961851018     
   2.5462841662245197E-005   23.746893961156559     
   2.5693557784775775E-005   23.746893960449455     
   2.5926364401757117E-005   23.746893959729476     
   2.6161280454938938E-005   23.746893958996402     
   2.6398325057700148E-005   23.746893958249977     
   2.6637517496603979E-005   23.746893957489966     
   2.6878877232967157E-005   23.746893956716114     
   2.7122423904443373E-005   23.746893955928179     
   2.7368177326621001E-005   23.746893955125898     
   2.7616157494635390E-005   23.746893954309019     
   2.7866384584795695E-005   23.746893953477265     
   2.8118878956226468E-005   23.746893952630369     
   2.8373661152524165E-005   23.746893951768058     
   2.8630751903428580E-005   23.746893950890048     
   2.8890172126509511E-005   23.746893949996057     
   2.9151942928868638E-005   23.746893949085795     
   2.9416085608856868E-005   23.746893948158956     
   2.9682621657807210E-005   23.746893947215248     
   2.9951572761783387E-005   23.746893946254360     
   3.0222960803344257E-005   23.746893945275978     
   3.0496807863324222E-005   23.746893944279790     
   3.0773136222629814E-005   23.746893943265469     
   3.1051968364052497E-005   23.746893942232674     
   3.1333326974097937E-005   23.746893941181085     
   3.1617234944831838E-005   23.746893940110354     
   3.1903715375742499E-005   23.746893939020126     
   3.2192791575620243E-005   23.746893937910059     
   3.2484487064453883E-005   23.746893936779777     
   3.2778825575344372E-005   23.746893935628925     
   3.3075831056435790E-005   23.746893934457120     
   3.3375527672863810E-005   23.746893933263987     
   3.3677939808721876E-005   23.746893932049133     
   3.3983092069045099E-005   23.746893930812163     
   3.4291009281812251E-005   23.746893929552673     
   3.4601716499965773E-005   23.746893928270261     
   3.4915239003450196E-005   23.746893926964496     
   3.5231602301268947E-005   23.746893925634971     
   3.5550832133559843E-005   23.746893924281238     
   3.5872954473689387E-005   23.746893922902860     
   3.6197995530366001E-005   23.746893921499392     
   3.6525981749772474E-005   23.746893920070374     
   3.6856939817717634E-005   23.746893918615346     
   3.7190896661807630E-005   23.746893917133828     
   3.7527879453636816E-005   23.746893915625343     
   3.7867915610998466E-005   23.746893914089398     
   3.8211032800115621E-005   23.746893912525490     
   3.8557258937892033E-005   23.746893910933110     
   3.8906622194183582E-005   23.746893909311748     
   3.9259150994090222E-005   23.746893907660869     
   3.9614874020268775E-005   23.746893905979938     
   3.9973820215266547E-005   23.746893904268408     
   4.0336018783876257E-005   23.746893902525720     
   4.0701499195512139E-005   23.746893900751306     
   4.1070291186607681E-005   23.746893898944595     
   4.1442424763035089E-005   23.746893897104997     
   4.1817930202546571E-005   23.746893895231906     
   4.2196838057237885E-005   23.746893893324717     
   4.2579179156034097E-005   23.746893891382811     
   4.2964984607197902E-005   23.746893889405555     
   4.3354285800860698E-005   23.746893887392311     
   4.3747114411576533E-005   23.746893885342416     
   4.4143502400899272E-005   23.746893883255197     
   4.4543482019983027E-005   23.746893881129989     
   4.4947085812206226E-005   23.746893878966098     
   4.5354346615819427E-005   23.746893876762805     
   4.5765297566617071E-005   23.746893874519408     
   4.6179972100633604E-005   23.746893872235173     
   4.6598403956863778E-005   23.746893869909357     
   4.7020627180007893E-005   23.746893867541203     
   4.7446676123241629E-005   23.746893865129941     
   4.7876585451011184E-005   23.746893862674774     
   4.8310390141853662E-005   23.746893860174925     
   4.8748125491242989E-005   23.746893857629566     
   4.9189827114461665E-005   23.746893855037868     
   4.9635530949498487E-005   23.746893852398994     
   5.0085273259972605E-005   23.746893849712080     
   5.0539090638083998E-005   23.746893846976256     
   5.0997020007590670E-005   23.746893844190630     
   5.1459098626812944E-005   23.746893841354293     
   5.1925364091664839E-005   23.746893838466320     
   5.2395854338712990E-005   23.746893835525782     
   5.2870607648263230E-005   23.746893832531715     
   5.3349662647475269E-005   23.746893829483142     
   5.3833058313505369E-005   23.746893826379068     
   5.4320833976677737E-005   23.746893823218493     
   5.4813029323684470E-005   23.746893820000381     
   5.5309684400814628E-005   23.746893816723691     
   5.5810839617212456E-005   23.746893813387352     
   5.6316535748165179E-005   23.746893809990272     
   5.6826813938420631E-005   23.746893806531354     
   5.7341715705534834E-005   23.746893803009474     
   5.7861282943250020E-005   23.746893799423482     
   5.8385557924903201E-005   23.746893795772209     
   5.8914583306865631E-005   23.746893792054472     
   5.9448402132013450E-005   23.746893788269052     
   5.9987057833229769E-005   23.746893784414723     
   6.0530594236938456E-005   23.746893780490232     
   6.1079055566669988E-005   23.746893776494304     
   6.1632486446659574E-005   23.746893772425629     
   6.2190931905477942E-005   23.746893768282892     
   6.2754437379694910E-005   23.746893764064737     
   6.3323048717576295E-005   23.746893759769797     
   6.3896812182814220E-005   23.746893755396677     
   6.4475774458291207E-005   23.746893750943940     
   6.5059982649878475E-005   23.746893746410159     
   6.5649484290268554E-005   23.746893741793833     
   6.6244327342842744E-005   23.746893737093480     
   6.6844560205573403E-005   23.746893732307555     
   6.7450231714961888E-005   23.746893727434511     
   6.8061391150011873E-005   23.746893722472763     
   6.8678088236238949E-005   23.746893717420683     
   6.9300373149716303E-005   23.746893712276645     
   6.9928296521157290E-005   23.746893707038957     
   7.0561909440034759E-005   23.746893701705929     
   7.1201263458737924E-005   23.746893696275816     
   7.1846410596766727E-005   23.746893690746855     
   7.2497403344964356E-005   23.746893685117247     
   7.3154294669787958E-005   23.746893679385156     
   7.3817138017618156E-005   23.746893673548719     
   7.4485987319107617E-005   23.746893667606031     
   7.5160896993568959E-005   23.746893661555173     
   7.5841921953402424E-005   23.746893655394160     
   7.6529117608563756E-005   23.746893649120995     
   7.7222539871072448E-005   23.746893642733632     
   7.7922245159560896E-005   23.746893636229991     
   7.8628290403864781E-005   23.746893629607968     
   7.9340733049655031E-005   23.746893622865393     
   8.0059631063111706E-005   23.746893616000072     
   8.0785042935640361E-005   23.746893609009781     
   8.1517027688630969E-005   23.746893601892239     
   8.2255644878260090E-005   23.746893594645130     
   8.3000954600336547E-005   23.746893587266101     
   8.3753017495190907E-005   23.746893579752733     
   8.4511894752609397E-005   23.746893572102600     
   8.5277648116812473E-005   23.746893564313204     
   8.6050339891478425E-005   23.746893556382009     
   8.6830032944812589E-005   23.746893548306439     
   8.7616790714662511E-005   23.746893540083860     
   8.8410677213679356E-005   23.746893531711592     
   8.9211757034526196E-005   23.746893523186927     
   9.0020095355133385E-005   23.746893514507072     
   9.0835757944001636E-005   23.746893505669217     
   9.1658811165553126E-005   23.746893496670474     
   9.2489321985531053E-005   23.746893487507919     
   9.3327357976448109E-005   23.746893478178567     
   9.4172987323084474E-005   23.746893468679389     
   9.5026278828035362E-005   23.746893459007289     
   9.5887301917309091E-005   23.746893449159117     
   9.6756126645975682E-005   23.746893439131671     
   9.7632823703866782E-005   23.746893428921688     
   9.8517464421327139E-005   23.746893418525840     
   9.9410120775018200E-005   23.746893407940746     
   1.0031086539377442E-004   23.746893397162967     
   1.0121977156451238E-004   23.746893386188987     
   1.0213691323819375E-004   23.746893375015240     
   1.0306236503584203E-004   23.746893363638090     
   1.0399620225461395E-004   23.746893352053828     
   1.0493850087392582E-004   23.746893340258687     
   1.0588933756163547E-004   23.746893328248831     
   1.0684878968028002E-004   23.746893316020348     
   1.0781693529337047E-004   23.746893303569259     
   1.0879385317174304E-004   23.746893290891514     
   1.0977962279996813E-004   23.746893277982981     
   1.1077432438281750E-004   23.746893264839464     
   1.1177803885178988E-004   23.746893251456680     
   1.1279084787169577E-004   23.746893237830285     
   1.1381283384730190E-004   23.746893223955830     
   1.1484407993003591E-004   23.746893209828805     
   1.1588467002475174E-004   23.746893195444621     
   1.1693468879655637E-004   23.746893180798587     
   1.1799422167769838E-004   23.746893165885929     
   1.1906335487451895E-004   23.746893150701816     
   1.2014217537446582E-004   23.746893135241283     
   1.2123077095317083E-004   23.746893119499312     
   1.2232923018159152E-004   23.746893103470775     
   1.2343764243321760E-004   23.746893087150458     
   1.2455609789134250E-004   23.746893070533044     
   1.2568468755640099E-004   23.746893053613132     
   1.2682350325337309E-004   23.746893036385210     
   1.2797263763925540E-004   23.746893018843679     
   1.2913218421059972E-004   23.746893000982816     
   1.3030223731112027E-004   23.746892982796815     
   1.3148289213936974E-004   23.746892964279766     
   1.3267424475648477E-004   23.746892945425628     
   1.3387639209400194E-004   23.746892926228277     
   1.3508943196174420E-004   23.746892906681456     
   1.3631346305577896E-004   23.746892886778809     
   1.3754858496644836E-004   23.746892866513853     
   1.3879489818647208E-004   23.746892845879998     
   1.4005250411912374E-004   23.746892824870525     
   1.4132150508648134E-004   23.746892803478602     
   1.4260200433775241E-004   23.746892781697255     
   1.4389410605767465E-004   23.746892759519408     
   1.4519791537499275E-004   23.746892736937838     
   1.4651353837101180E-004   23.746892713945197     
   1.4784108208822842E-004   23.746892690534001     
   1.4918065453904000E-004   23.746892666696624     
   1.5053236471453292E-004   23.746892642425323     
   1.5189632259335017E-004   23.746892617712184     
   1.5327263915063981E-004   23.746892592549166     
   1.5466142636708381E-004   23.746892566928093     
   1.5606279723800947E-004   23.746892540840609     
   1.5747686578258271E-004   23.746892514278237     
   1.5890374705308509E-004   23.746892487232330     
   1.6034355714427485E-004   23.746892459694074     
   1.6179641320283254E-004   23.746892431654512     
   1.6326243343689237E-004   23.746892403104525     
   1.6474173712566003E-004   23.746892374034822     
   1.6623444462911756E-004   23.746892344435928     
   1.6774067739781605E-004   23.746892314298229     
   1.6926055798275718E-004   23.746892283611903     
   1.7079421004536445E-004   23.746892252366965     
   1.7234175836754434E-004   23.746892220553249     
   1.7390332886183909E-004   23.746892188160398     
   1.7547904858167130E-004   23.746892155177875     
   1.7706904573168097E-004   23.746892121594939     
   1.7867344967815714E-004   23.746892087400667     
   1.8029239095956290E-004   23.746892052583917     
   1.8192600129715667E-004   23.746892017133376     
   1.8357441360570938E-004   23.746891981037493     
   1.8523776200431852E-004   23.746891944284528     
   1.8691618182732072E-004   23.746891906862512     
   1.8860980963530271E-004   23.746891868759270     
   1.9031878322621224E-004   23.746891829962401     
   1.9204324164656978E-004   23.746891790459280     
   1.9378332520278167E-004   23.746891750237047     
   1.9553917547255573E-004   23.746891709282622     
   1.9731093531642058E-004   23.746891667582656     
   1.9909874888934890E-004   23.746891625123588     
   2.0090276165248642E-004   23.746891581891610     
   2.0272312038498700E-004   23.746891537872635     
   2.0455997319595480E-004   23.746891493052345     
   2.0641346953649521E-004   23.746891447416147     
   2.0828376021187397E-004   23.746891400949202     
   2.1017099739378779E-004   23.746891353636371     
   2.1207533463274479E-004   23.746891305462263     
   2.1399692687055816E-004   23.746891256411203     
   2.1593593045295261E-004   23.746891206467218     
   2.1789250314228477E-004   23.746891155614062     
   2.1986680413037951E-004   23.746891103835182     
   2.2185899405148191E-004   23.746891051113721     
   2.2386923499532712E-004   23.746890997432523     
   2.2589769052032820E-004   23.746890942774126     
   2.2794452566688377E-004   23.746890887120728     
   2.3000990697080609E-004   23.746890830454227     
   2.3209400247687086E-004   23.746890772756167     
   2.3419698175248971E-004   23.746890714007790     
   2.3631901590150684E-004   23.746890654189954     
   2.3846027757812009E-004   23.746890593283204     
   2.4062094100092910E-004   23.746890531267717     
   2.4280118196710957E-004   23.746890468123304     
   2.4500117786671702E-004   23.746890403829418     
   2.4722110769711950E-004   23.746890338365134     
   2.4946115207756140E-004   23.746890271709145     
   2.5172149326385896E-004   23.746890203839754     
   2.5400231516322920E-004   23.746890134734883     
   2.5630380334925294E-004   23.746890064372032     
   2.5862614507697374E-004   23.746889992728306     
   2.6096952929813332E-004   23.746889919780383     
   2.6333414667654525E-004   23.746889845504526     
   2.6572018960360771E-004   23.746889769876560     
   2.6812785221395712E-004   23.746889692871871     
   2.7055733040126336E-004   23.746889614465395     
   2.7300882183416809E-004   23.746889534631620     
   2.7548252597236784E-004   23.746889453344558     
   2.7797864408284236E-004   23.746889370577755     
   2.8049737925623015E-004   23.746889286304274     
   2.8303893642335276E-004   23.746889200496689     
   2.8560352237188815E-004   23.746889113127075     
   2.8819134576319561E-004   23.746889024166997     
   2.9080261714929320E-004   23.746888933587496     
   2.9343754898998836E-004   23.746888841359095     
   2.9609635567016463E-004   23.746888747451777     
   2.9877925351722419E-004   23.746888651834986     
   3.0148646081868910E-004   23.746888554477593     
   3.0421819783996157E-004   23.746888455347921     
   3.0697468684224557E-004   23.746888354413709     
   3.0975615210063011E-004   23.746888251642094     
   3.1256281992233733E-004   23.746888146999641     
   3.1539491866513521E-004   23.746888040452287     
   3.1825267875591729E-004   23.746887931965354     
   3.2113633270945094E-004   23.746887821503542     
   3.2404611514729538E-004   23.746887709030894     
   3.2698226281689094E-004   23.746887594510810     
   3.2994501461082156E-004   23.746887477906011     
   3.3293461158625165E-004   23.746887359178551     
   3.3595129698453931E-004   23.746887238289798     
   3.3899531625102670E-004   23.746887115200394     
   3.4206691705501052E-004   23.746886989870287     
   3.4516634930989269E-004   23.746886862258684     
   3.4829386519351433E-004   23.746886732324057     
   3.5144971916867312E-004   23.746886600024112     
   3.5463416800382753E-004   23.746886465315796     
   3.5784747079398778E-004   23.746886328155266     
   3.6108988898179680E-004   23.746886188497882     
   3.6436168637880156E-004   23.746886046298187     
   3.6766312918691768E-004   23.746885901509913     
   3.7099448602008847E-004   23.746885754085923     
   3.7435602792613949E-004   23.746885603978249     
   3.7774802840883238E-004   23.746885451138027     
   3.8117076345011737E-004   23.746885295515529     
   3.8462451153258790E-004   23.746885137060090     
   3.8810955366213917E-004   23.746884975720150     
   3.9162617339083078E-004   23.746884811443195     
   3.9517465683995789E-004   23.746884644175761     
   3.9875529272333042E-004   23.746884473863414     
   4.0236837237076368E-004   23.746884300450716     
   4.0601418975178168E-004   23.746884123881244     
   4.0969304149953540E-004   23.746883944097512     
   4.1340522693493730E-004   23.746883761041023     
   4.1715104809101532E-004   23.746883574652195     
   4.2093080973748672E-004   23.746883384870365     
   4.2474481940555476E-004   23.746883191633771     
   4.2859338741293090E-004   23.746882994879520     
   4.3247682688908238E-004   23.746882794543581     
   4.3639545380070970E-004   23.746882590560745     
   4.4034958697745404E-004   23.746882382864637     
   4.4433954813783859E-004   23.746882171387654     
   4.4836566191544411E-004   23.746881956060960     
   4.5242825588532183E-004   23.746881736814494     
   4.5652766059064602E-004   23.746881513576888     
   4.6066420956960798E-004   23.746881286275496     
   4.6483823938255325E-004   23.746881054836329     
   4.6905008963936499E-004   23.746880819184078     
   4.7330010302709587E-004   23.746880579242045     
   4.7758862533784990E-004   23.746880334932129     
   4.8191600549691671E-004   23.746880086174830     
   4.8628259559116107E-004   23.746879832889185     
   4.9068875089767008E-004   23.746879574992754     
   4.9513482991265861E-004   23.746879312401603     
   4.9962119438063811E-004   23.746879045030283     
   5.0414820932384900E-004   23.746878772791767     
   5.0871624307195968E-004   23.746878495597457     
   5.1332566729203459E-004   23.746878213357135     
   5.1797685701877459E-004   23.746877925978943     
   5.2267019068503008E-004   23.746877633369358     
   5.2740605015259184E-004   23.746877335433140     
   5.3218482074325981E-004   23.746877032073328     
   5.3700689127019450E-004   23.746876723191200     
   5.4187265406955112E-004   23.746876408686212     
   5.4678250503240153E-004   23.746876088456016     
   5.5173684363694464E-004   23.746875762396385     
   5.5673607298100975E-004   23.746875430401218     
   5.6178059981485231E-004   23.746875092362441     
   5.6687083457424936E-004   23.746874748170054     
   5.7200719141389334E-004   23.746874397712034     
   5.7719008824108848E-004   23.746874040874317     
   5.8241994674975285E-004   23.746873677540776     
   5.8769719245472889E-004   23.746873307593148     
   5.9302225472640416E-004   23.746872930911053     
   5.9839556682564593E-004   23.746872547371879     
   6.0381756593905233E-004   23.746872156850809     
   6.0928869321452337E-004   23.746871759220742     
   6.1480939379715365E-004   23.746871354352272     
   6.2038011686545028E-004   23.746870942113624     
   6.2600131566787980E-004   23.746870522370639     
   6.3167344755974504E-004   23.746870094986708     
   6.3739697404039688E-004   23.746869659822735     
   6.4317236079078366E-004   23.746869216737096     
   6.4900007771133905E-004   23.746868765585582     
   6.5488059896021535E-004   23.746868306221366     
   6.6081440299186169E-004   23.746867838494943     
   6.6680197259595274E-004   23.746867362254093     
   6.7284379493666923E-004   23.746866877343813     
   6.7894036159233534E-004   23.746866383606292     
   6.8509216859541442E-004   23.746865880880843     
   6.9129971647286772E-004   23.746865369003842     
   6.9756351028687862E-004   23.746864847808702     
   7.0388405967594539E-004   23.746864317125798     
   7.1026187889634731E-004   23.746863776782412     
   7.1669748686398519E-004   23.746863226602692     
   7.2319140719660270E-004   23.746862666407569     
   7.2974416825638761E-004   23.746862096014738     
   7.3635630319296300E-004   23.746861515238550     
   7.4302834998676338E-004   23.746860923889990     
   7.4976085149280815E-004   23.746860321776605     
   7.5655435548486766E-004   23.746859708702431     
   7.6340941470003391E-004   23.746859084467935     
   7.7032658688369030E-004   23.746858448869968     
   7.7730643483489299E-004   23.746857801701662     
   7.8434952645216078E-004   23.746857142752393     
   7.9145643477968096E-004   23.746856471807710     
   7.9862773805393404E-004   23.746855788649242     
   8.0586401975073988E-004   23.746855093054652     
   8.1316586863273174E-004   23.746854384797558     
   8.2053387879725819E-004   23.746853663647450     
   8.2796864972472237E-004   23.746852929369634     
   8.3547078632735484E-004   23.746852181725128     
   8.4304089899843318E-004   23.746851420470612     
   8.5067960366194337E-004   23.746850645358329     
   8.5838752182269384E-004   23.746849856136013     
   8.6616528061688261E-004   23.746849052546811     
   8.7401351286312272E-004   23.746848234329192     
   8.8193285711392962E-004   23.746847401216861     
   8.8992395770767622E-004   23.746846552938667     
   8.9798746482101690E-004   23.746845689218553     
   9.0612403452178865E-004   23.746844809775403     
   9.1433432882238950E-004   23.746843914323009     
   9.2261901573364221E-004   23.746843002569932     
   9.3097876931914501E-004   23.746842074219437     
   9.3941426975011554E-004   23.746841128969393     
   9.4792620336073090E-004   23.746840166512165     
   9.5651526270396992E-004   23.746839186534515     
   9.6518214660796077E-004   23.746838188717504     
   9.7392756023283959E-004   23.746837172736385     
   9.8275221512812401E-004   23.746836138260505     
   9.9165682929060737E-004   23.746835084953190     
   1.0006421272227757E-003   23.746834012471638     
   1.0097088399917554E-003   23.746832920466801     
   1.0188577052887956E-003   23.746831808583284     
   1.0280894674892880E-003   23.746830676459219     
   1.0374048777133306E-003   23.746829523726149     
   1.0468046938868420E-003   23.746828350008915     
   1.0562896808032271E-003   23.746827154925526     
   1.0658606101856037E-003   23.746825938087035     
   1.0755182607495909E-003   23.746824699097417     
   1.0852634182666682E-003   23.746823437553441     
   1.0950968756281076E-003   23.746822153044526     
   1.1050194329094848E-003   23.746820845152634     
   1.1150318974357768E-003   23.746819513452095     
   1.1251350838470463E-003   23.746818157509512     
   1.1353298141647235E-003   23.746816776883588     
   1.1456169178584890E-003   23.746815371124978     
   1.1559972319137599E-003   23.746813939776189     
   1.1664716008997905E-003   23.746812482371375     
   1.1770408770383873E-003   23.746810998436224     
   1.1877059202732494E-003   23.746809487487781     
   1.1984675983399342E-003   23.746807949034306     
   1.2093267868364607E-003   23.746806382575098     
   1.2202843692945479E-003   23.746804787600354     
   1.2313412372515038E-003   23.746803163590982     
   1.2424982903227603E-003   23.746801510018436     
   1.2537564362750712E-003   23.746799826344571     
   1.2651165911003687E-003   23.746798112021416     
   1.2765796790902913E-003   23.746796366491047     
   1.2881466329113865E-003   23.746794589185377     
   1.2998183936809944E-003   23.746792779525968     
   1.3115959110438214E-003   23.746790936923873     
   1.3234801432492032E-003   23.746789060779406     
   1.3354720572290725E-003   23.746787150481971     
   1.3475726286766294E-003   23.746785205409864     
   1.3597828421257278E-003   23.746783224930041     
   1.3721036910309791E-003   23.746781208397969     
   1.3845361778485818E-003   23.746779155157348     
   1.3970813141178839E-003   23.746777064539963     
   1.4097401205436860E-003   23.746774935865396     
   1.4225136270792854E-003   23.746772768440884     
   1.4354028730102799E-003   23.746770561561025     
   1.4484089070391224E-003   23.746768314507591     
   1.4615327873704490E-003   23.746766026549274     
   1.4747755817971760E-003   23.746763696941457     
   1.4881383677873797E-003   23.746761324925963     
   1.5016222325719602E-003   23.746758909730811     
   1.5152282732331013E-003   23.746756450569983     
   1.5289575967935348E-003   23.746753946643132     
   1.5428113203066068E-003   23.746751397135359     
   1.5567905709471671E-003   23.746748801216924     
   1.5708964861032774E-003   23.746746158042981     
   1.5851302134687524E-003   23.746743466753308     
   1.5994929111365402E-003   23.746740726472019     
   1.6139857476929465E-003   23.746737936307301     
   1.6286099023127144E-003   23.746735095351085     
   1.6433665648549645E-003   23.746732202678771     
   1.6582569359600056E-003   23.746729257348953     
   1.6732822271470222E-003   23.746726258403072     
   1.6884436609126460E-003   23.746723204865120     
   1.7037424708304214E-003   23.746720095741317     
   1.7191799016511729E-003   23.746716930019808     
   1.7347572094042812E-003   23.746713706670306     
   1.7504756614998764E-003   23.746710424643780     
   1.7663365368319581E-003   23.746707082872092     
   1.7823411258824492E-003   23.746703680267665     
   1.7984907308261941E-003   23.746700215723131     
   1.8147866656369053E-003   23.746696688110948     
   1.8312302561940730E-003   23.746693096283067     
   1.8478228403908410E-003   23.746689439070536     
   1.8645657682428624E-003   23.746685715283110     
   1.8814604019981396E-003   23.746681923708898     
   1.8985081162478600E-003   23.746678063113944     
   1.9157102980382375E-003   23.746674132241814     
   1.9330683469833650E-003   23.746670129813221     
   1.9505836753790913E-003   23.746666054525591     
   1.9682577083179283E-003   23.746661905052619     
   1.9860918838050011E-003   23.746657680043874     
   2.0040876528750486E-003   23.746653378124350     
   2.0222464797104811E-003   23.746648997893995     
   2.0405698417605114E-003   23.746644537927278     
   2.0590592298613646E-003   23.746639996772718     
   2.0777161483575748E-003   23.746635372952412     
   2.0965421152243837E-003   23.746630664961557     
   2.1155386621912464E-003   23.746625871267966     
   2.1347073348664571E-003   23.746620990311534     
   2.1540496928629032E-003   23.746616020503794     
   2.1735673099249615E-003   23.746610960227336     
   2.1932617740565382E-003   23.746605807835323     
   2.2131346876502777E-003   23.746600561650933     
   2.2331876676179338E-003   23.746595219966824     
   2.2534223455219268E-003   23.746589781044577     
   2.2738403677080941E-003   23.746584243114128     
   2.2944433954396369E-003   23.746578604373191     
   2.3152331050322879E-003   23.746572862986671     
   2.3362111879906998E-003   23.746567017086072     
   2.3573793511460703E-003   23.746561064768891     
   2.3787393167950151E-003   23.746555004097985     
   2.4002928228396970E-003   23.746548833100952     
   2.4220416229292284E-003   23.746542549769494     
   2.4439874866023495E-003   23.746536152058741     
   2.4661321994314056E-003   23.746529637886624     
   2.4884775631676252E-003   23.746523005133149     
   2.5110253958877124E-003   23.746516251639747     
   2.5337775321417752E-003   23.746509375208557     
   2.5567358231025849E-003   23.746502373601707     
   2.5799021367161946E-003   23.746495244540597     
   2.6032783578539198E-003   23.746487985705137     
   2.6268663884656948E-003   23.746480594733015     
   2.6506681477348241E-003   23.746473069218919     
   2.6746855722341277E-003   23.746465406713753     
   2.6989206160835080E-003   23.746457604723837     
   2.7233752511089423E-003   23.746449660710113     
   2.7480514670029147E-003   23.746441572087285     
   2.7729512714863031E-003   23.746433336223014     
   2.7980766904717328E-003   23.746424950437039     
   2.8234297682284090E-003   23.746416412000315     
   2.8490125675484450E-003   23.746407718134122     
   2.8748271699146964E-003   23.746398866009159     
   2.9008756756701134E-003   23.746389852744628     
   2.9271602041886350E-003   23.746380675407288     
   2.9536828940476220E-003   23.746371331010515     
   2.9804459032018596E-003   23.746361816513314     
   3.0074514091591332E-003   23.746352128819346     
   3.0347016091573980E-003   23.746342264775897     
   3.0621987203435486E-003   23.746332221172878     
   3.0899449799538154E-003   23.746321994741773     
   3.1179426454957895E-003   23.746311582154568     
   3.1461939949320992E-003   23.746300980022660     
   3.1747013268657543E-003   23.746290184895788     
   3.2034669607271622E-003   23.746279193260872     
   3.2324932369628455E-003   23.746268001540901     
   3.2617825172258654E-003   23.746256606093745     
   3.2913371845679721E-003   23.746245003210984     
   3.3211596436334961E-003   23.746233189116701     
   3.3512523208549983E-003   23.746221159966247     
   3.3816176646506873E-003   23.746208911844988     
   3.4122581456236321E-003   23.746196440767058     
   3.4431762567627739E-003   23.746183742674006     
   3.4743745136457654E-003   23.746170813433551     
   3.5058554546436422E-003   23.746157648838164     
   3.5376216411273525E-003   23.746144244603755     
   3.5696756576761557E-003   23.746130596368243     
   3.6020201122879125E-003   23.746116699690162     
   3.6346576365912766E-003   23.746102550047198     
   3.6675908860598102E-003   23.746088142834722     
   3.7008225402280436E-003   23.746073473364305     
   3.7343553029094852E-003   23.746058536862169     
   3.7681919024166125E-003   23.746043328467660     
   3.8023350917828548E-003   23.746027843231644     
   3.8367876489865879E-003   23.746012076114919     
   3.8715523771771553E-003   23.745996021986549     
   3.9066321049029407E-003   23.745979675622220     
   3.9420296863415093E-003   23.745963031702530     
   3.9777480015318238E-003   23.745946084811251     
   4.0137899566085791E-003   23.745928829433588     
   4.0501584840386502E-003   23.745911259954362     
   4.0868565428596832E-003   23.745893370656184     
   4.1238871189208538E-003   23.745875155717634     
   4.1612532251258019E-003   23.745856609211309     
   4.1989579016777686E-003   23.745837725101943     
   4.2370042163269563E-003   23.745818497244407     
   4.2753952646201300E-003   23.745798919381752     
   4.3141341701524736E-003   23.745778985143119     
   4.3532240848217427E-003   23.745758688041725     
   4.3926681890847008E-003   23.745738021472711     
   4.4324696922158988E-003   23.745716978711013     
   4.4726318325687834E-003   23.745695552909165     
   4.5131578778391810E-003   23.745673737095078     
   4.5540511253311646E-003   23.745651524169777     
   4.5953149022253332E-003   23.745628906905079     
   4.6369525658495172E-003   23.745605877941252     
   4.6789675039519401E-003   23.745582429784612     
   4.7213631349768553E-003   23.745558554805115     
   4.7641429083426778E-003   23.745534245233806     
   4.8073103047226408E-003   23.745509493160391     
   4.8508688363279899E-003   23.745484290530580     
   4.8948220471937455E-003   23.745458629143506     
   4.9391735134670578E-003   23.745432500649066     
   4.9839268436981648E-003   23.745405896545165     
   5.0290856791340025E-003   23.745378808174998     
   5.0746536940144580E-003   23.745351226724207     
   5.1206345958713191E-003   23.745323143218016     
   5.1670321258299292E-003   23.745294548518331     
   5.2138500589135736E-003   23.745265433320739     
   5.2610922043506234E-003   23.745235788151518     
   5.3087624058844700E-003   23.745205603364518     
   5.3568645420862537E-003   23.745174869138054     
   5.4054025266704426E-003   23.745143575471701     
   5.4543803088132553E-003   23.745111712183032     
   5.5038018734739841E-003   23.745079268904338     
   5.5536712417192128E-003   23.745046235079219     
   5.6039924710499884E-003   23.745012599959182     
   5.6547696557319440E-003   23.744978352600107     
   5.7060069271284231E-003   23.744943481858762     
   5.7577084540366193E-003   23.744907976389090     
   5.8098784430267543E-003   23.744871824638579     
   5.8625211387843381E-003   23.744835014844504     
   5.9156408244555349E-003   23.744797535030063     
   5.9692418219956349E-003   23.744759373000520     
   6.0233284925207175E-003   23.744720516339243     
   6.0779052366624724E-003   23.744680952403641     
   6.1329764949262441E-003   23.744640668321065     
   6.1885467480523367E-003   23.744599650984632     
   6.2446205173805631E-003   23.744557887048952     
   6.3012023652181193E-003   23.744515362925807     
   6.3582968952107877E-003   23.744472064779707     
   6.4159087527175000E-003   23.744427978523426     
   6.4740426251882937E-003   23.744383089813390     
   6.5327032425456988E-003   23.744337384045039     
   6.5918953775695706E-003   23.744290846348072     
   6.6516238462854226E-003   23.744243461581597     
   6.7118935083562668E-003   23.744195214329256     
   6.7727092674780068E-003   23.744146088894166     
   6.8340760717784223E-003   23.744096069293825     
   6.8959989142197524E-003   23.744045139254954     
   6.9584828330049421E-003   23.743993282208166     
   7.0215329119875606E-003   23.743940481282607     
   7.0851542810854420E-003   23.743886719300466     
   7.1493521166980621E-003   23.743831978771382     
   7.2141316421277038E-003   23.743776241886785     
   7.2794981280044470E-003   23.743719490514088     
   7.3454568927149872E-003   23.743661706190800     
   7.4120133028353690E-003   23.743602870118544     
   7.4791727735676111E-003   23.743542963156912     
   7.5469407691803065E-003   23.743481965817288     
   7.6153228034532127E-003   23.743419858256487     
   7.6843244401258613E-003   23.743356620270333     
   7.7539512933502428E-003   23.743292231287064     
   7.8242090281475853E-003   23.743226670360681     
   7.8951033608692777E-003   23.743159916164117     
   7.9666400596619634E-003   23.743091946982332     
   8.0388249449368579E-003   23.743022740705243     
   8.1116638898433100E-003   23.742952274820553     
   8.1851628207466453E-003   23.742880526406427     
   8.2593277177103741E-003   23.742807472124063     
   8.3341646149827208E-003   23.742733088210102     
   8.4096796014876025E-003   23.742657350468903     
   8.4858788213200299E-003   23.742580234264715     
   8.5627684742460141E-003   23.742501714513629     
   8.6403548162069903E-003   23.742421765675491     
   8.7186441598288179E-003   23.742340361745555     
   8.7976428749353928E-003   23.742257476246067     
   8.8773573890669217E-003   23.742173082217676     
   8.9577941880028614E-003   23.742087152210651     
   9.0389598162896444E-003   23.741999658275997     
   9.1208608777731404E-003   23.741910571956375     
   9.2035040361359739E-003   23.741819864276842     
   9.2868960154396923E-003   23.741727505735497     
   9.3710436006718585E-003   23.741633466293841     
   9.4559536382980910E-003   23.741537715367066     
   9.5416330368191075E-003   23.741440221814138     
   9.6280887673328274E-003   23.741340953927640     
   9.7153278641015500E-003   23.741239879423539     
   9.8033574251242834E-003   23.741136965430684     
   9.8921846127142561E-003   23.741032178480125     
   9.9818166540816631E-003   23.740925484494284     
   1.0072260841921688E-002   23.740816848775872     
   1.0163524535007852E-002   23.740706235996647     
   1.0255615158790754E-002   23.740593610185943     
   1.0348540206002213E-002   23.740478934719015     
   1.0442307237264902E-002   23.740362172305140     
   1.0536923881707499E-002   23.740243284975527     
   1.0632397837585409E-002   23.740122234071023     
   1.0728736872907122E-002   23.739998980229529     
   1.0825948826066231E-002   23.739873483373295     
   1.0924041606479187E-002   23.739745702695856     
   1.1023023195228829E-002   23.739615596648857     
   1.1122901645713746E-002   23.739483122928554     
   1.1223685084303521E-002   23.739348238462110     
   1.1325381710999919E-002   23.739210899393605     
   1.1427999800104050E-002   23.739071061069858     
   1.1531547700889596E-002   23.738928678025911     
   1.1636033838282128E-002   23.738783703970334     
   1.1741466713544582E-002   23.738636091770189     
   1.1847854904968931E-002   23.738485793435778     
   1.1955207068574159E-002   23.738332760105074     
   1.2063531938810516E-002   23.738176942027888     
   1.2172838329270188E-002   23.738018288549775     
   1.2283135133404389E-002   23.737856748095602     
   1.2394431325246957E-002   23.737692268152827     
   1.2506735960144507E-002   23.737524795254526     
   1.2620058175493188E-002   23.737354274962044     
   1.2734407191482135E-002   23.737180651847382     
   1.2849792311843649E-002   23.737003869475235     
   1.2966222924610157E-002   23.736823870384718     
   1.3083708502878070E-002   23.736640596070792     
   1.3202258605578518E-002   23.736453986965266     
   1.3321882878255099E-002   23.736263982417572     
   1.3442591053848669E-002   23.736070520675089     
   1.3564392953489227E-002   23.735873538863185     
   1.3687298487295002E-002   23.735672972964863     
   1.3811317655178753E-002   23.735468757800028     
   1.3936460547661400E-002   23.735260827004424     
   1.4062737346692999E-002   23.735049113008159     
   1.4190158326481198E-002   23.734833547013821     
   1.4318733854327137E-002   23.734614058974266     
   1.4448474391468994E-002   23.734390577569933     
   1.4579390493933111E-002   23.734163030185790     
   1.4711492813392880E-002   23.733931342887871     
   1.4844792098035379E-002   23.733695440399337     
   1.4979299193435873E-002   23.733455246076204     
   1.5115025043440247E-002   23.733210681882483     
   1.5251980691055407E-002   23.732961668365046     
   1.5390177279347798E-002   23.732708124627905     
   1.5529626052349997E-002   23.732449968306085     
   1.5670338355975581E-002   23.732187115539013     
   1.5812325638942259E-002   23.731919480943439     
   1.5955599453703354E-002   23.731646977585861     
   1.6100171457387760E-002   23.731369516954445     
   1.6246053412748370E-002   23.731087008930444     
   1.6393257189119163E-002   23.730799361759125     
   1.6541794763380878E-002   23.730506482020139     
   1.6691678220935528E-002   23.730208274597366     
   1.6842919756689664E-002   23.729904642648243     
   1.6995531676046605E-002   23.729595487572503     
   1.7149526395907635E-002   23.729280708980376     
   1.7304916445682259E-002   23.728960204660211     
   1.7461714468307649E-002   23.728633870545515     
   1.7619933221277296E-002   23.728301600681412     
   1.7779585577678999E-002   23.727963287190470     
   1.7940684527242234E-002   23.727618820237943     
   1.8103243177395062E-002   23.727268087996375     
   1.8267274754330549E-002   23.726910976609574     
   1.8432792604082919E-002   23.726547370155934     
   1.8599810193613397E-002   23.726177150611093     
   1.8768341111905916E-002   23.725800197809960     
   1.8938399071072774E-002   23.725416389407975     
   1.9109997907470255E-002   23.725025600841796     
   1.9283151582824426E-002   23.724627705289144     
   1.9457874185367065E-002   23.724222573628076     
   1.9634179930981946E-002   23.723810074395367     
   1.9812083164361453E-002   23.723390073744298     
   1.9991598360173727E-002   23.722962435401591     
   2.0172740124240342E-002   23.722527020623591     
   2.0355523194724681E-002   23.722083688151713     
   2.0539962443331079E-002   23.721632294167016     
   2.0726072876514803E-002   23.721172692244004     
   2.0913869636703043E-002   23.720704733303641     
   2.1103368003526909E-002   23.720228265565442     
   2.1294583395064647E-002   23.719743134498756     
   2.1487531369096081E-002   23.719249182773190     
   2.1682227624368434E-002   23.718746250208120     
   2.1878688001873630E-002   23.718234173721317     
   2.2076928486137144E-002   23.717712787276646     
   2.2276965206518545E-002   23.717181921830839     
   2.2478814438523839E-002   23.716641405279319     
   2.2682492605129667E-002   23.716091062401055     
   2.2888016278119535E-002   23.715530714802441     
   2.3095402179432126E-002   23.714960180860153     
   2.3304667182521849E-002   23.714379275663049     
   2.3515828313731703E-002   23.713787810952940     
   2.3728902753678588E-002   23.713185595064392     
   2.3943907838651145E-002   23.712572432863421     
   2.4160861062020332E-002   23.711948125685112     
   2.4379780075662653E-002   23.711312471270091     
   2.4600682691396439E-002   23.710665263699941     
   2.4823586882431008E-002   23.710006293331404     
   2.5048510784829045E-002   23.709335346729453     
   2.5275472698982171E-002   23.708652206599162     
   2.5504491091099937E-002   23.707956651716383     
   2.5735584594712271E-002   23.707248456857165     
   2.5968772012185538E-002   23.706527392725985     
   2.6204072316252384E-002   23.705793225882619     
   2.6441504651555349E-002   23.705045718667812     
   2.6681088336204601E-002   23.704284629127560     
   2.6922842863349641E-002   23.703509710936125     
   2.7166787902765339E-002   23.702720713317603     
   2.7412943302452333E-002   23.701917380966218     
   2.7661329090251902E-002   23.701099453965089     
   2.7911965475475468E-002   23.700266667703666     
   2.8164872850548913E-002   23.699418752793676     
   2.8420071792671718E-002   23.698555434983554     
   2.8677583065491206E-002   23.697676435071436     
   2.8937427620791926E-002   23.696781468816564     
   2.9199626600200326E-002   23.695870246849182     
   2.9464201336904913E-002   23.694942474578806     
   2.9731173357391946E-002   23.693997852100917     
   3.0000564383196926E-002   23.693036074102007     
   3.0272396332671880E-002   23.692056829762958     
   3.0546691322768722E-002   23.691059802660735     
   3.0823471670838726E-002   23.690044670668378     
   3.1102759896448343E-002   23.689011105853179     
   3.1384578723211431E-002   23.687958774373186     
   3.1668951080638115E-002   23.686887336371804     
   3.1955900106000398E-002   23.685796445870618     
   3.2245449146214668E-002   23.684685750660307     
   3.2537621759741245E-002   23.683554892189701     
   3.2832441718501193E-002   23.682403505452889     
   3.3129933009810424E-002   23.681231218874345     
   3.3430119838331405E-002   23.680037654192091     
   3.3733026628042492E-002   23.678822426338829     
   3.4038678024225139E-002   23.677585143320989     
   3.4347098895469073E-002   23.676325406095707     
   3.4658314335695717E-002   23.675042808445674     
   3.4972349666199859E-002   23.673736936851803     
   3.5289230437709859E-002   23.672407370363722     
   3.5608982432466546E-002   23.671053680468010     
   3.5931631666320900E-002   23.669675430954197     
   3.6257204390850797E-002   23.668272177778412     
   3.6585727095496887E-002   23.666843468924739     
   3.6917226509717828E-002   23.665388844264136     
   3.7251729605165124E-002   23.663907835410985     
   3.7589263597877523E-002   23.662399965577166     
   3.7929855950495459E-002   23.660864749423617     
   3.8273534374495453E-002   23.659301692909384     
   3.8620326832444776E-002   23.657710293138084     
   3.8970261540276580E-002   23.656090038201739     
   3.9323366969585619E-002   23.654440407021980     
   3.9679671849944760E-002   23.652760869188512     
   4.0039205171242480E-002   23.651050884794870     
   4.0401996186041608E-002   23.649309904271394     
   4.0768074411959336E-002   23.647537368215318     
   4.1137469634068891E-002   23.645732707218066     
   4.1510211907322889E-002   23.643895341689586     
   4.1886331558998707E-002   23.642024681679718     
   4.2265859191165996E-002   23.640120126696580     
   4.2648825683176510E-002   23.638181065521884     
   4.3035262194176575E-002   23.636206876023170     
   4.3425200165642240E-002   23.634196924962865     
   4.3818671323937457E-002   23.632150567804182     
   4.4215707682895407E-002   23.630067148513774     
   4.4616341546423258E-002   23.627945999361049     
   4.5020605511130456E-002   23.625786440714243     
   4.5428532468980883E-002   23.623587780833006     
   4.5840155609969055E-002   23.621349315657596     
   4.6255508424820506E-002   23.619070328594624     
   4.6674624707716730E-002   23.616750090299170     
   4.7097538559044701E-002   23.614387858453391     
   4.7524284388171419E-002   23.611982877541440     
   4.7954896916243543E-002   23.609534378620715     
   4.8389411179012354E-002   23.607041579089355     
   4.8827862529684386E-002   23.604503682449923     
   4.9270286641797861E-002   23.601919878069264     
   4.9716719512125168E-002   23.599289340934440     
   5.0167197463601640E-002   23.596611231404687     
   5.0621757148280898E-002   23.593884694959385     
   5.1080435550316966E-002   23.591108861941954     
   5.1543269988973378E-002   23.588282847299595     
   5.2010298121659575E-002   23.585405750318881     
   5.2481557946994828E-002   23.582476654357109     
   5.2957087807899872E-002   23.579494626569300     
   5.3436926394716602E-002   23.576458717630963     
   5.3921112748356051E-002   23.573367961456313     
   5.4409686263474789E-002   23.570221374912144     
   5.4902686691680233E-002   23.567017957527078     
   5.5400154144764915E-002   23.563756691196325     
   5.5902129097970099E-002   23.560436539881721     
   5.6408652393278941E-002   23.557056449307147     
   5.6919765242739472E-002   23.553615346649124     
   5.7435509231817783E-002   23.550112140222652     
   5.7955926322781459E-002   23.546545719162125     
   5.8481058858113770E-002   23.542914953097373     
   5.9010949563958776E-002   23.539218691824665     
   5.9545641553597602E-002   23.535455764972703     
   6.0085178330956265E-002   23.531624981663509     
   6.0629603794145288E-002   23.527725130168108     
   6.1178962239031340E-002   23.523754977557061     
   6.1733298362841228E-002   23.519713269345665     
   6.2292657267798666E-002   23.515598729133856     
   6.2857084464793836E-002   23.511410058240667     
   6.3426625877086293E-002   23.507145935333341     
   6.4001327844041417E-002   23.502805016050822     
   6.4581237124900673E-002   23.498385932621751     
   6.5166400902586089E-002   23.493887293476860     
   6.5756866787539170E-002   23.489307682855681     
   6.6352682821594622E-002   23.484645660407487     
   6.6953897481889138E-002   23.479899760786559     
   6.7560559684805635E-002   23.475068493241508     
   6.8172718789953193E-002   23.470150341198831     
   6.8790424604183151E-002   23.465143761840466     
   6.9413727385641430E-002   23.460047185675379     
   7.0042677847857754E-002   23.454859016105146     
   7.0677327163871734E-002   23.449577628983477     
   7.1317726970396539E-002   23.444201372169562     
   7.1963929372020147E-002   23.438728565075312     
   7.2615986945444688E-002   23.433157498206384     
   7.3273952743764276E-002   23.427486432696931     
   7.3937880300781467E-002   23.421713599838135     
   7.4607823635363016E-002   23.415837200600333     
   7.5283837255834873E-002   23.409855405148839     
   7.5965976164417248E-002   23.403766352353404     
   7.6654295861699584E-002   23.397568149291182     
   7.7348852351156377E-002   23.391258870743293     
   7.8049702143703673E-002   23.384836558684945     
   7.8756902262296966E-002   23.378299221768955     
   7.9470510246570744E-002   23.371644834802893     
   8.0190584157520020E-002   23.364871338219558     
   8.0917182582224439E-002   23.357976637541000     
   8.1650364638614900E-002   23.350958602835924     
   8.2390189980283704E-002   23.343815068170578     
   8.3136718801338036E-002   23.336543831053021     
   8.3890011841297532E-002   23.329142651870846     
   8.4650130390036216E-002   23.321609253322336     
   8.5417136292769175E-002   23.313941319841071     
   8.6191091955084537E-002   23.306136497013977     
   8.6972060348020769E-002   23.298192390992831     
   8.7760105013190384E-002   23.290106567899301     
   8.8555290067949682E-002   23.281876553223501     
   8.9357680210615575E-002   23.273499831216078     
   9.0167340725729614E-002   23.264973844273921     
   9.0984337489369710E-002   23.256295992319501     
   9.1808736974509891E-002   23.247463632173904     
   9.2640606256428878E-002   23.238474076923623     
   9.3480013018167385E-002   23.229324595281167     
   9.4327025556035005E-002   23.220012410939518     
   9.5181712785167016E-002   23.210534701920629     
   9.6044144245131427E-002   23.200888599917903     
   9.6914390105587001E-002   23.191071189632847     
   9.7792521171992303E-002   23.181079508105995     
   9.8678608891366759E-002   23.170910544042179     
   9.9572725358103673E-002   23.160561237130260     
  0.10047494331983599        23.150028477357530     
  0.10138533618335538        23.139309104318812     
  0.10230397802058468        23.128399906520528     
  0.10323094357460451        23.117297620679757     
  0.10416630826573482        23.105998931018640     
  0.10511014819767101        23.094500468554106     
  0.10606254016367607        23.082798810383288     
  0.10702356165282864        23.070890478964781     
  0.10799329085632776        23.058771941395896     
  0.10897180667385463        23.046439608686267     
  0.10995918871999218        23.033889835027978     
  0.11095551733070262        23.021118917062488     
  0.11196087356986391        23.008123093144654     
  0.11297533923586522        22.994898542604169     
  0.11399899686826230        22.981441385004640     
  0.11503192975449311        22.967747679400713     
  0.11607422193665431        22.953813423593616     
  0.11712595821833913        22.939634553385375     
  0.11818722417153718        22.925206941832201     
  0.11925810614359691        22.910526398497367     
  0.12033869126425091        22.895588668704065     
  0.12142906745270514        22.880389432788654     
  0.12252932342479218        22.864924305354748     
  0.12363954870018946        22.849188834528686     
  0.12475983360970271        22.833178501216839     
  0.12589026930261560        22.816888718365341     
  0.12703094775410578        22.800314830222767     
  0.12818196177272839        22.783452111606366     
  0.12934340500796701        22.766295767172441     
  0.13051537195785337        22.748840930691564     
  0.13169795797665584        22.731082664329225     
  0.13289125928263781        22.713015957932697     
  0.13409537296588617        22.694635728324741     
  0.13531039699621089        22.675936818605010     
  0.13653643023111600        22.656913997459931     
  0.13777357242384300        22.637561958481761     
  0.13902192423148693        22.617875319497905     
  0.14028158722318620        22.597848621911155     
  0.14155266388838647        22.577476330051940     
  0.14283525764517943        22.556752830543491     
  0.14412947284871716        22.535672431680936     
  0.14543541479970287        22.514229362825347     
  0.14675318975295823        22.492417773813877     
  0.14808290492606868        22.470231734387088     
  0.14942466850810696        22.447665233634577     
  0.15077858966843546        22.424712179460251     
  0.15214477856558870        22.401366398068365     
  0.15352334635623613        22.377621633471740     
  0.15491440520422595        22.353471547023432     
  0.15631806828971120        22.328909716973328     
  0.15773444981835841        22.303929638051045     
  0.15916366503063953        22.278524721076689     
  0.16060583021120828        22.252688292601036     
  0.16206106269836137        22.226413594576680     
  0.16352948089358546        22.199693784061896     
  0.16501120427119059        22.172521932958858     
  0.16650635338803091        22.144891027788095     
  0.16801504989331348        22.116793969500883     
  0.16953741653849605        22.088223573331618     
  0.17107357718727437        22.059172568692016     
  0.17262365682566000        22.029633599109239     
  0.17418778157214967        21.999599222209994     
  0.17576607868798644        21.969061909752732     
  0.17735867658751409        21.938014047710272     
  0.17896570484862523        21.906447936405026     
  0.18058729422330408        21.874355790699187     
  0.18222357664826483        21.841729740242414     
  0.18387468525568623        21.808561829779379     
  0.18554075438404380        21.774844019519836     
  0.18722191958903961        21.740568185573792     
  0.18891831765463191        21.705726120454557     
  0.19063008660416372        21.670309533652443     
  0.19235736571159323        21.634310052281926     
  0.19410029551282512        21.597719221805306     
  0.19585901781714507        21.560528506835865     
  0.19763367571875790        21.522729292023552     
  0.19942441360842975        21.484312883026469     
  0.20123137718523640        21.445270507571401     
  0.20305471346841744        21.405593316606669     
  0.20489457080933846        21.365272385550803     
  0.20675109890356097        21.324298715640502     
  0.20862444880302228        21.282663235381470     
  0.21051477292832529        21.240356802105769     
  0.21242222508113998        21.197370203639487     
  0.21434696045671695        21.153694160084495     
  0.21628913565651470        21.109319325718182     
  0.21824890870094094        21.064236291015281     
  0.22022643904220968        21.018435584795590     
  0.22222188757731459        20.971907676502049     
  0.22423541666112007        20.924642978613100     
  0.22626719011957078        20.876631849193782     
  0.22831737326302098        20.827864594589862     
  0.23038613289968468        20.778331472269475     
  0.23247363734920742        20.728022693816683     
  0.23458005645636140        20.676928428081617     
  0.23670556160486428        20.625038804491773     
  0.23885032573132361        20.572343916529135     
  0.24101452333930723        20.518833825377918     
  0.24319833051354148        20.464498563747696     
  0.24540192493423768        20.409328139876727     
  0.24762548589154898        20.353312541720396     
  0.24986919430015755        20.296441741329726     
  0.25213323271399457        20.238705699424834     
  0.25441778534109299        20.180094370168376     
  0.25672303805857538        20.120597706143990     
  0.25904917842777730        20.060205663544689     
  0.26139639570950779        19.998908207576299     
  0.26376488087944810        19.936695318080936     
  0.26615482664369006        19.873556995385513     
  0.26856642745441500        19.809483266380326     
  0.27099987952571497        19.744464190832613     
  0.27345538084955712        19.678489867940062     
  0.27593313121189317        19.611550443129133     
  0.27843333220891403        19.543636115103020     
  0.28095618726345256        19.474737143143940     
  0.28350190164153438        19.404843854674468     
  0.28607068246907902        19.333946653082453     
  0.28866273874875209        19.262036025813948     
  0.29127828137697015        19.189102552738451     
  0.29391752316106018        19.115136914790618     
  0.29658067883657374        19.040129902892538     
  0.29926796508475867        18.964072427160200     
  0.30197960055018863        18.886955526398005     
  0.30471580585855285        18.808770377884507     
  0.30747680363460661        18.729508307452704     
  0.31026281852028442        18.649160799867694     
  0.31307407719297797        18.567719509504325     
  0.31591080838397861        18.485176271327180     
  0.31877324289708814        18.401523112174832     
  0.32166161362739687        18.316752262350036     
  0.32457615558023323        18.230856167517040     
  0.32751710589028399        18.143827500906944     
  0.33048470384088841        18.055659175831352     
  0.33347919088350680        17.966344358504408     
  0.33650081065736565        17.875876481172483     
  0.33954980900928089        17.784249255550566     
  0.34262643401366044        17.691456686563566     
  0.34573093599268817        17.597493086390351     
  0.34886356753669112        17.502353088807595     
  0.35202458352469035        17.406031663829921     
  0.35521424114513905        17.308524132642070     
  0.35843279991684773        17.209826182818119     
  0.36168052171009957        17.109933883821984     
  0.36495767076795665        17.008843702782674     
  0.36826451372775970        16.906552520536842     
  0.37160131964282211        16.803057647930348     
  0.37496836000432116        16.698356842369588     
  0.37836590876338688        16.592448324612402     
  0.38179424235339166        16.485330795787306     
  0.38525363971244142        16.377003454628827     
  0.38874438230607117        16.267466014915534     
  0.39226675415014500        16.156718723096315     
  0.39582104183396499        16.044762376089150     
  0.39940753454358874        15.931598339235606     
  0.40302652408535816        15.817228564392769     
  0.40667830490964152        15.701655608143316     
  0.41036317413479101        15.584882650102799     
  0.41408143157131672        15.466913511302096     
  0.41783337974628021        15.347752672621432     
  0.42161932392790891        15.227405293250918     
  0.42543957215043327        15.105877229151162     
  0.42929443523914962        14.983175051485931     
  0.43318422683570929        14.859306064997289     
  0.43710926342363771        14.734278326292122     
  0.44106986435408424        14.608100662007303     
  0.44506635187180504        14.480782686819200     
  0.44909905114138210        14.352334821261518     
  0.45316829027367955        14.222768309313851     
  0.45727440035253930        14.092095235721727     
  0.46141771546171911        13.960328543007098     
  0.46559857271207444        13.827482048126733     
  0.46981731226898649        13.693570458734225     
  0.47407427738003927        13.558609388999592     
  0.47836981440294690        13.422615374939008     
  0.48270427283373424        13.285605889205396     
  0.48707800533517259        13.147599355289081     
  0.49149136776547381        13.008615161076213     
  0.49594471920724303        12.868673671711084     
  0.50043842199669530        12.727796241707003     
  0.50497284175313573        12.586005226249060     
  0.50954834740870747        12.443323991630727     
  0.51416531123840903        12.299776924764991     
  0.51882410889038300        12.155389441709639     
  0.52352511941648072        12.010187995145074     
  0.52826872530310187        11.864200080742377     
  0.53305531250231541        11.717454242358180     
  0.53788527046326107        11.569980075992476     
  0.54275899216383627        11.421808232444814     
  0.54767687414266975        11.272970418603986     
  0.55263931653138476        11.123499397306066     
  0.55764672308715524        10.973428985695662     
  0.56269950122555601        10.822794052025374     
  0.56779806205371164        10.671630510828807     
  0.57294282040374478        10.519975316403174     
  0.57813419486652862        10.367866454538191     
  0.58337260782574352        10.215342932429268     
  0.58865848549224431        10.062444766714087     
  0.59399225793873722        9.9092129695735593     
  0.59937435913477188        9.7556895328397815     
  0.60480522698205019        9.6019174100560889     
  0.61028530335005526        9.4479404964366047     
  0.61581503411200311        9.2938036066757057     
  0.62139486918111964        9.1395524505609487     
  0.62702526254724733        8.9852336063464513     
  0.63270667231378253        8.8308944918478343     
  0.63843956073494823        8.6765833332238245     
  0.64422439425340428        8.5223491314144386     
  0.65006164353819795        8.3682416262106187     
  0.65595178352305961        8.2143112579354653     
  0.66189529344504339        8.0606091267231967     
  0.66789265688352051        7.9071869493878690     
  0.67394436179952344        7.7540970138806431     
  0.68005090057544815        7.6013921313411128     
  0.68621277005511572        7.4491255857556347     
  0.69243047158419646        7.2973510812431677     
  0.69870451105100129        7.1461226869971615     
  0.70503539892764122        6.9954947799204206     
  0.71142365031156185        6.8455219849984497     
  0.71786978496745157        6.6962591134659259     
  0.72437432736953267        6.5477610988300210     
  0.73093780674423270        6.4000829308240466     
  0.73756075711324365        6.2532795873744913     
  0.74424371733697237        6.1074059646745251     
  0.75098723115838262        5.9625168054673106     
  0.75779184724723592        5.8186666256525328     
  0.76465811924473259        5.6759096393400634     
  0.77158660580855765        5.5342996824849982     
  0.77857787065833428        5.3938901352487454     
  0.78563248262148966        5.2547338432411381     
  0.79275101567953643        5.1168830378087673     
  0.79993404901477316        4.9803892555448552     
  0.80718216705740808        4.8453032572056998     
  0.81449595953310983        4.7116749462283671     
  0.82187602151098937        4.5795532870533551     
  0.82932295345201590        4.4489862234648605     
  0.83683736125787223        4.3200205971693251     
  0.84441985632025229        4.1927020668408144     
  0.85207105557060570        4.0670750278686914     
  0.85979158153033286        3.9431825330494101     
  0.86758206236143520        3.8210662144698562     
  0.87544313191762324        3.7007662068342873     
  0.88337542979588968        3.5823210724906884     
  0.89137960138854766        3.4657677284152295     
  0.89945629793574233        3.3511413754150841     
  0.90760617657843679        3.2384754298105936     
  0.91582990041187939        3.1278014578570561     
  0.92412813853955456        3.0191491131646995     
  0.93250156612762236        2.9125460773722036     
  0.94095086445985288        2.8080180043247318     
  0.94947672099305624        2.7055884680016336     
  0.95807982941301617        2.6052789144317865     
  0.96676088969093010        2.5071086178258719     
  0.97552060814036101        2.4110946411449592     
  0.98435969747470409        2.3172518013132022     
  0.99327887686517558        2.2255926392696099     
   1.0022788719993265        2.1361273950395852     
   1.0113604151400861        2.0488639879912514     
   1.0205242451853405        1.9638080024246010     
   1.0297711077280518        1.8809626786232472     
   1.0391017551169217        1.8003289094790960     
   1.0485169465176039        1.7219052427796440     
   1.0580174479744713        1.6456878892259592     
   1.0676040324729448        1.5716707362267799     
   1.0772774800023850        1.4998453674908094     
   1.0870385776195528        1.4302010884150809     
   1.0968881195126481        1.3627249572425679     
   1.1068269070659265        1.2974018219370966     
   1.1168557489249009        1.2342143626981783     
   1.1269754610621370        1.1731431400127856     
   1.1371868668436409        1.1141666481156778     
   1.1474907970958517        1.0572613737044900     
   1.1578880901732393        1.0024018597309572     
   1.1683795920265148       0.94956077406529171     
   1.1789661562714597       0.89870898280709066     
   1.1896486442583780       0.84981562799352584     
   1.2004279251421774       0.80284820943391466     
   1.2113048759530876       0.75777267037945406     
   1.2222803816680157       0.71455348671798802     
   1.2333553352825517       0.67315375936627908     
   1.2445306378836245       0.63353530951665238     
   1.2558071987228163       0.59565877638105924     
   1.2671859352903425       0.55948371706374234     
   1.2786677733897001       0.52496870818393726     
   1.2902536472129940       0.49207144886235465     
   1.3019444994169451       0.46074886467978932     
   1.3137412811995881       0.43095721221301014     
   1.3256449523776617       0.40265218375221262     
   1.3376564814647041       0.37578901180571639     
   1.3497768457498511       0.35032257300132658     
   1.3620070313773536       0.32620749099970237     
   1.3743480334268108       0.30339823804329752     
   1.3868008559941332       0.28184923477472368     
   1.3993665122732384       0.26151494797077501     
   1.4120460246384876       0.24234998585267753     
   1.4248404247278681       0.22430919064927604     
   1.4377507535269300       0.20734772810772917     
   1.4507780614534840       0.19142117366567157     
   1.4639234084430652       0.17648559501960714     
   1.4771878640351734       0.16249763084629956     
   1.4905725074602927       0.14941456545699652     
   1.5040784277277011       0.13719439918825560     
   1.5177067237140740       0.12579591435777199     
   1.5314585042528934       0.11517873663873029     
   1.5453348882246636       0.10530339173168249     
   1.5593370046479484        9.6131357238547280E-002
   1.5734659927712284        8.7625109668938550E-002
   1.5877230021655953        7.9748166534417742E-002
   1.6021091928182831        7.2465123511340782E-002
   1.6166257352270474        6.5741686677529498E-002
   1.6312738104954005        5.9544699851932809E-002
   1.6460546104287102        5.3842167089618892E-002
   1.6609693376311654        4.8603270406731139E-002
   1.6760192056036252        4.3798382831341812E-002
   1.6912054388423532        3.9399076896363586E-002
   1.7065292729386425        3.5378128709726828E-002
   1.7219919546793505        3.1709517754830503E-002
   1.7375947421483375        2.8368422590769046E-002
   1.7533389048288290        2.5331212636951279E-002
   1.7692257237067048        2.2575436240425753E-002
   1.7852564913747224        2.0079805236462998E-002
   1.8014325121376855        1.7824176223680283E-002
   1.8177551021185667        1.5789528784209115E-002
   1.8342255893655897        1.3957940887072142E-002
   1.8508453139602830        1.2312561719041350E-002
   1.8676156281265126        1.0837582191784554E-002
   1.8845378963405022        9.5182033770687888E-003
   1.9016134954418507        8.3406031231809813E-003
   1.9188438147455558        7.2919011055600442E-003
   1.9362302561550511        6.3601225629265215E-003
   1.9537742342762694        5.5341609669750614E-003
   1.9714771765327399        4.8037398689957161E-003
   1.9893405232817243        4.1593741606580532E-003
