   1.3822751979752665E-006  -11.728932999931866     
   1.3947998477444208E-006  -11.728932999930626     
   1.4074379820440571E-006  -11.728932999929361     
   1.4201906291455367E-006  -11.728932999928075     
   1.4330588266372786E-006  -11.728932999926768     
   1.4460436215091809E-006  -11.728932999925433     
   1.4591460702378062E-006  -11.728932999924076     
   1.4723672388723408E-006  -11.728932999922694     
   1.4857082031213301E-006  -11.728932999921287     
   1.4991700484402000E-006  -11.728932999919854     
   1.5127538701195753E-006  -11.728932999918396     
   1.5264607733743922E-006  -11.728932999916909     
   1.5402918734338238E-006  -11.728932999915395     
   1.5542482956320160E-006  -11.728932999913857     
   1.5683311754996499E-006  -11.728932999912288     
   1.5825416588563296E-006  -11.728932999910690     
   1.5968809019038098E-006  -11.728932999909066     
   1.6113500713200681E-006  -11.728932999907412     
   1.6259503443542271E-006  -11.728932999905727     
   1.6406829089223402E-006  -11.728932999904009     
   1.6555489637040427E-006  -11.728932999902263     
   1.6705497182400797E-006  -11.728932999900481     
   1.6856863930307173E-006  -11.728932999898671     
   1.7009602196350457E-006  -11.728932999896825     
   1.7163724407711826E-006  -11.728932999894948     
   1.7319243104173829E-006  -11.728932999893035     
   1.7476170939140666E-006  -11.728932999891089     
   1.7634520680667692E-006  -11.728932999889107     
   1.7794305212500273E-006  -11.728932999887087     
   1.7955537535122026E-006  -11.728932999885032     
   1.8118230766812585E-006  -11.728932999882941     
   1.8282398144714926E-006  -11.728932999880810     
   1.8448053025912382E-006  -11.728932999878639     
   1.8615208888515413E-006  -11.728932999876429     
   1.8783879332758217E-006  -11.728932999874178     
   1.8954078082105273E-006  -11.728932999871889     
   1.9125818984367932E-006  -11.728932999869556     
   1.9299116012831093E-006  -11.728932999867181     
   1.9473983267390128E-006  -11.728932999864764     
   1.9650434975698066E-006  -11.728932999862304     
   1.9828485494323194E-006  -11.728932999859795     
   2.0008149309917165E-006  -11.728932999857243     
   2.0189441040393643E-006  -11.728932999854647     
   2.0372375436117671E-006  -11.728932999852001     
   2.0556967381105788E-006  -11.728932999849304     
   2.0743231894237040E-006  -11.728932999846563     
   2.0931184130474958E-006  -11.728932999843767     
   2.1120839382100596E-006  -11.728932999840925     
   2.1312213079956740E-006  -11.728932999838030     
   2.1505320794703438E-006  -11.728932999835083     
   2.1700178238084827E-006  -11.728932999832077     
   2.1896801264207510E-006  -11.728932999829022     
   2.2095205870830478E-006  -11.728932999825910     
   2.2295408200666723E-006  -11.728932999822741     
   2.2497424542696664E-006  -11.728932999819513     
   2.2701271333493445E-006  -11.728932999816227     
   2.2906965158560273E-006  -11.728932999812880     
   2.3114522753679846E-006  -11.728932999809475     
   2.3323961006276029E-006  -11.728932999806009     
   2.3535296956787845E-006  -11.728932999802476     
   2.3748547800055940E-006  -11.728932999798880     
   2.3963730886721607E-006  -11.728932999795221     
   2.4180863724638457E-006  -11.728932999791493     
   2.4399963980296921E-006  -11.728932999787695     
   2.4621049480261643E-006  -11.728932999783831     
   2.4844138212621871E-006  -11.728932999779895     
   2.5069248328455049E-006  -11.728932999775889     
   2.5296398143303616E-006  -11.728932999771809     
   2.5525606138665207E-006  -11.728932999767654     
   2.5756890963496353E-006  -11.728932999763426     
   2.5990271435729817E-006  -11.728932999759120     
   2.6225766543805676E-006  -11.728932999754734     
   2.6463395448216243E-006  -11.728932999750270     
   2.6703177483065036E-006  -11.728932999745723     
   2.6945132157639856E-006  -11.728932999741094     
   2.7189279158000091E-006  -11.728932999736381     
   2.7435638348578430E-006  -11.728932999731581     
   2.7684229773797120E-006  -11.728932999726696     
   2.7935073659698772E-006  -11.728932999721723     
   2.8188190415592056E-006  -11.728932999716655     
   2.8443600635712224E-006  -11.728932999711500     
   2.8701325100896731E-006  -11.728932999706247     
   2.8961384780275994E-006  -11.728932999700898     
   2.9223800832979528E-006  -11.728932999695454     
   2.9488594609857475E-006  -11.728932999689912     
   2.9755787655217773E-006  -11.728932999684265     
   3.0025401708579087E-006  -11.728932999678518     
   3.0297458706439531E-006  -11.728932999672665     
   3.0571980784061550E-006  -11.728932999666707     
   3.0848990277272852E-006  -11.728932999660639     
   3.1128509724283716E-006  -11.728932999654461     
   3.1410561867520776E-006  -11.728932999648173     
   3.1695169655477397E-006  -11.728932999641765     
   3.1982356244580815E-006  -11.728932999635244     
   3.2272145001076222E-006  -11.728932999628608     
   3.2564559502927873E-006  -11.728932999621845     
   3.2859623541737489E-006  -11.728932999614962     
   3.3157361124679980E-006  -11.728932999607954     
   3.3457796476456731E-006  -11.728932999600813     
   3.3760954041266594E-006  -11.728932999593550     
   3.4066858484794730E-006  -11.728932999586149     
   3.4375534696219467E-006  -11.728932999578616     
   3.4687007790237363E-006  -11.728932999570944     
   3.5001303109106568E-006  -11.728932999563135     
   3.5318446224708797E-006  -11.728932999555180     
   3.5638462940629855E-006  -11.728932999547085     
   3.5961379294259132E-006  -11.728932999538840     
   3.6287221558908056E-006  -11.728932999530443     
   3.6616016245947757E-006  -11.728932999521897     
   3.6947790106966097E-006  -11.728932999513194     
   3.7282570135944263E-006  -11.728932999504330     
   3.7620383571453054E-006  -11.728932999495308     
   3.7961257898869085E-006  -11.728932999486121     
   3.8305220852611085E-006  -11.728932999476767     
   3.8652300418396374E-006  -11.728932999467242     
   3.9002524835517982E-006  -11.728932999457543     
   3.9355922599142137E-006  -11.728932999447670     
   3.9712522462626778E-006  -11.728932999437614     
   4.0072353439860992E-006  -11.728932999427377     
   4.0435444807625659E-006  -11.728932999416951     
   4.0801826107975465E-006  -11.728932999406339     
   4.1171527150642558E-006  -11.728932999395532     
   4.1544578015461909E-006  -11.728932999384529     
   4.1921009054818705E-006  -11.728932999373324     
   4.2300850896117898E-006  -11.728932999361916     
   4.2684134444276133E-006  -11.728932999350301     
   4.3070890884236215E-006  -11.728932999338474     
   4.3461151683504469E-006  -11.728932999326432     
   4.3854948594710933E-006  -11.728932999314170     
   4.4252313658192907E-006  -11.728932999301685     
   4.4653279204601802E-006  -11.728932999288974     
   4.5057877857533648E-006  -11.728932999276031     
   4.5466142536183423E-006  -11.728932999262847     
   4.5878106458023476E-006  -11.728932999249432     
   4.6293803141506173E-006  -11.728932999235768     
   4.6713266408791030E-006  -11.728932999221856     
   4.7136530388496575E-006  -11.728932999207691     
   4.7563629518477181E-006  -11.728932999193271     
   4.7994598548624953E-006  -11.728932999178582     
   4.8429472543697116E-006  -11.728932999163629     
   4.8868286886168969E-006  -11.728932999148405     
   4.9311077279112676E-006  -11.728932999132901     
   4.9757879749102179E-006  -11.728932999117117     
   5.0208730649144392E-006  -11.728932999101048     
   5.0663666661637013E-006  -11.728932999084680     
   5.1122724801353070E-006  -11.728932999068018     
   5.1585942418452531E-006  -11.728932999051052     
   5.2053357201521228E-006  -11.728932999033779     
   5.2525007180637320E-006  -11.728932999016189     
   5.3000930730465462E-006  -11.728932998998280     
   5.3481166573379097E-006  -11.728932998980044     
   5.3965753782611034E-006  -11.728932998961476     
   5.4454731785432502E-006  -11.728932998942572     
   5.4948140366361082E-006  -11.728932998923323     
   5.5446019670397693E-006  -11.728932998903725     
   5.5948410206292831E-006  -11.728932998883767     
   5.6455352849842541E-006  -11.728932998863447     
   5.6966888847214120E-006  -11.728932998842756     
   5.7483059818302076E-006  -11.728932998821691     
   5.8003907760114341E-006  -11.728932998800241     
   5.8529475050189339E-006  -11.728932998778401     
   5.9059804450043885E-006  -11.728932998756164     
   5.9594939108652420E-006  -11.728932998733519     
   6.0134922565957623E-006  -11.728932998710466     
   6.0679798756413074E-006  -11.728932998686993     
   6.1229612012557750E-006  -11.728932998663090     
   6.1784407068623126E-006  -11.728932998638752     
   6.2344229064172805E-006  -11.728932998613974     
   6.2909123547775236E-006  -11.728932998588741     
   6.3479136480709604E-006  -11.728932998563053     
   6.4054314240705436E-006  -11.728932998536893     
   6.4634703625715955E-006  -11.728932998510260     
   6.5220351857725724E-006  -11.728932998483138     
   6.5811306586592691E-006  -11.728932998455527     
   6.6407615893925162E-006  -11.728932998427414     
   6.7009328296993833E-006  -11.728932998398783     
   6.7616492752679249E-006  -11.728932998369636     
   6.8229158661455110E-006  -11.728932998339957     
   6.8847375871407578E-006  -11.728932998309736     
   6.9471194682291062E-006  -11.728932998278967     
   7.0100665849620794E-006  -11.728932998247640     
   7.0735840588802289E-006  -11.728932998215738     
   7.1376770579298511E-006  -11.728932998183261     
   7.2023507968834567E-006  -11.728932998150189     
   7.2676105377640611E-006  -11.728932998116512     
   7.3334615902733138E-006  -11.728932998082227     
   7.3999093122235133E-006  -11.728932998047316     
   7.4669591099735259E-006  -11.728932998011770     
   7.5346164388686691E-006  -11.728932997975575     
   7.6028868036845680E-006  -11.728932997938722     
   7.6717757590750385E-006  -11.728932997901200     
   7.7412889100240283E-006  -11.728932997862994     
   7.8114319123016564E-006  -11.728932997824092     
   7.8822104729243725E-006  -11.728932997784481     
   7.9536303506193070E-006  -11.728932997744151     
   8.0256973562928051E-006  -11.728932997703085     
   8.0984173535032240E-006  -11.728932997661273     
   8.1717962589380035E-006  -11.728932997618697     
   8.2458400428950607E-006  -11.728932997575351     
   8.3205547297685613E-006  -11.728932997531212     
   8.3959463985390606E-006  -11.728932997486270     
   8.4720211832681230E-006  -11.728932997440509     
   8.5487852735973959E-006  -11.728932997393917     
   8.6262449152522143E-006  -11.728932997346478     
   8.7044064105497754E-006  -11.728932997298173     
   8.7832761189119066E-006  -11.728932997248990     
   8.8628604573824823E-006  -11.728932997198909     
   8.9431659011495386E-006  -11.728932997147918     
   9.0241989840721059E-006  -11.728932997095999     
   9.1059662992118230E-006  -11.728932997043136     
   9.1884744993693641E-006  -11.728932996989307     
   9.2717302976257276E-006  -11.728932996934503     
   9.3557404678884304E-006  -11.728932996878699     
   9.4405118454426553E-006  -11.728932996821879     
   9.5260513275073807E-006  -11.728932996764025     
   9.6123658737965547E-006  -11.728932996705119     
   9.6994625070853662E-006  -11.728932996645138     
   9.7873483137816222E-006  -11.728932996584067     
   9.8760304445023285E-006  -11.728932996521884     
   9.9655161146554793E-006  -11.728932996458568     
   1.0055812605027112E-005  -11.728932996394098     
   1.0146927262373702E-005  -11.728932996328458     
   1.0238867500019914E-005  -11.728932996261623     
   1.0331640798461763E-005  -11.728932996193571     
   1.0425254705975242E-005  -11.728932996124279     
   1.0519716839230490E-005  -11.728932996053723     
   1.0615034883911482E-005  -11.728932995981888     
   1.0711216595341366E-005  -11.728932995908741     
   1.0808269799113457E-005  -11.728932995834267     
   1.0906202391727943E-005  -11.728932995758434     
   1.1005022341234371E-005  -11.728932995681220     
   1.1104737687879937E-005  -11.728932995602602     
   1.1205356544763683E-005  -11.728932995522550     
   1.1306887098496567E-005  -11.728932995441044     
   1.1409337609867580E-005  -11.728932995358054     
   1.1512716414515845E-005  -11.728932995273553     
   1.1617031923608834E-005  -11.728932995187511     
   1.1722292624526717E-005  -11.728932995099907     
   1.1828507081552923E-005  -11.728932995010705     
   1.1935683936570947E-005  -11.728932994919882     
   1.2043831909767485E-005  -11.728932994827405     
   1.2152959800341919E-005  -11.728932994733242     
   1.2263076487222249E-005  -11.728932994637367     
   1.2374190929787507E-005  -11.728932994539745     
   1.2486312168596716E-005  -11.728932994440349     
   1.2599449326124445E-005  -11.728932994339139     
   1.2713611607503044E-005  -11.728932994236089     
   1.2828808301271600E-005  -11.728932994131164     
   1.2945048780131668E-005  -11.728932994024328     
   1.3062342501709870E-005  -11.728932993915551     
   1.3180699009327377E-005  -11.728932993804788     
   1.3300127932776392E-005  -11.728932993692011     
   1.3420638989103646E-005  -11.728932993577182     
   1.3542241983401013E-005  -11.728932993460260     
   1.3664946809603259E-005  -11.728932993341212     
   1.3788763451293057E-005  -11.728932993219995     
   1.3913701982513268E-005  -11.728932993096574     
   1.4039772568586593E-005  -11.728932992970906     
   1.4166985466942646E-005  -11.728932992842950     
   1.4295351027952534E-005  -11.728932992712661     
   1.4424879695770983E-005  -11.728932992580004     
   1.4555582009186105E-005  -11.728932992444932     
   1.4687468602476855E-005  -11.728932992307401     
   1.4820550206278272E-005  -11.728932992167364     
   1.4954837648454542E-005  -11.728932992024781     
   1.5090341854979996E-005  -11.728932991879599     
   1.5227073850828053E-005  -11.728932991731776     
   1.5365044760868266E-005  -11.728932991581265     
   1.5504265810771454E-005  -11.728932991428012     
   1.5644748327923043E-005  -11.728932991271966     
   1.5786503742344724E-005  -11.728932991113082     
   1.5929543587624392E-005  -11.728932990951305     
   1.6073879501854578E-005  -11.728932990786584     
   1.6219523228579328E-005  -11.728932990618864     
   1.6366486617749716E-005  -11.728932990448090     
   1.6514781626687963E-005  -11.728932990274210     
   1.6664420321060331E-005  -11.728932990097162     
   1.6815414875858807E-005  -11.728932989916890     
   1.6967777576391701E-005  -11.728932989733339     
   1.7121520819283203E-005  -11.728932989546447     
   1.7276657113482007E-005  -11.728932989356151     
   1.7433199081279071E-005  -11.728932989162393     
   1.7591159459334603E-005  -11.728932988965106     
   1.7750551099714343E-005  -11.728932988764226     
   1.7911386970935241E-005  -11.728932988559695     
   1.8073680159020618E-005  -11.728932988351433     
   1.8237443868564864E-005  -11.728932988139386     
   1.8402691423807817E-005  -11.728932987923477     
   1.8569436269718835E-005  -11.728932987703637     
   1.8737691973090729E-005  -11.728932987479796     
   1.8907472223643591E-005  -11.728932987251877     
   1.9078790835138623E-005  -11.728932987019812     
   1.9251661746502057E-005  -11.728932986783523     
   1.9426099022959269E-005  -11.728932986542933     
   1.9602116857179152E-005  -11.728932986297963     
   1.9779729570428886E-005  -11.728932986048530     
   1.9958951613739127E-005  -11.728932985794561     
   2.0139797569079812E-005  -11.728932985535966     
   2.0322282150546562E-005  -11.728932985272664     
   2.0506420205557863E-005  -11.728932985004569     
   2.0692226716063096E-005  -11.728932984731593     
   2.0879716799761505E-005  -11.728932984453650     
   2.1068905711332219E-005  -11.728932984170648     
   2.1259808843675395E-005  -11.728932983882489     
   2.1452441729164644E-005  -11.728932983589090     
   2.1646820040910769E-005  -11.728932983290347     
   2.1842959594036978E-005  -11.728932982986166     
   2.2040876346965643E-005  -11.728932982676447     
   2.2240586402716723E-005  -11.728932982361092     
   2.2442106010217934E-005  -11.728932982039995     
   2.2645451565626814E-005  -11.728932981713053     
   2.2850639613664767E-005  -11.728932981380161     
   2.3057686848963149E-005  -11.728932981041206     
   2.3266610117421632E-005  -11.728932980696081     
   2.3477426417578801E-005  -11.728932980344675     
   2.3690152901995198E-005  -11.728932979986872     
   2.3904806878648918E-005  -11.728932979622554     
   2.4121405812343807E-005  -11.728932979251605     
   2.4339967326130477E-005  -11.728932978873905     
   2.4560509202740122E-005  -11.728932978489329     
   2.4783049386031404E-005  -11.728932978097751     
   2.5007605982450376E-005  -11.728932977699044     
   2.5234197262503708E-005  -11.728932977293081     
   2.5462841662245197E-005  -11.728932976879726     
   2.5693557784775775E-005  -11.728932976458845     
   2.5926364401757117E-005  -11.728932976030304     
   2.6161280454938938E-005  -11.728932975593967     
   2.6398325057700148E-005  -11.728932975149680     
   2.6637517496603979E-005  -11.728932974697308     
   2.6878877232967157E-005  -11.728932974236701     
   2.7122423904443373E-005  -11.728932973767707     
   2.7368177326621001E-005  -11.728932973290178     
   2.7616157494635390E-005  -11.728932972803955     
   2.7866384584795695E-005  -11.728932972308883     
   2.8118878956226468E-005  -11.728932971804795     
   2.8373661152524165E-005  -11.728932971291533     
   2.8630751903428580E-005  -11.728932970768927     
   2.8890172126509511E-005  -11.728932970236809     
   2.9151942928868638E-005  -11.728932969695004     
   2.9416085608856868E-005  -11.728932969143335     
   2.9682621657807210E-005  -11.728932968581624     
   2.9951572761783387E-005  -11.728932968009687     
   3.0222960803344257E-005  -11.728932967427339     
   3.0496807863324222E-005  -11.728932966834389     
   3.0773136222629814E-005  -11.728932966230646     
   3.1051968364052497E-005  -11.728932965615913     
   3.1333326974097937E-005  -11.728932964989989     
   3.1617234944831838E-005  -11.728932964352671     
   3.1903715375742499E-005  -11.728932963703750     
   3.2192791575620243E-005  -11.728932963043018     
   3.2484487064453883E-005  -11.728932962370255     
   3.2778825575344372E-005  -11.728932961685249     
   3.3075831056435790E-005  -11.728932960987771     
   3.3375527672863810E-005  -11.728932960277596     
   3.3677939808721876E-005  -11.728932959554495     
   3.3983092069045099E-005  -11.728932958818231     
   3.4291009281812251E-005  -11.728932958068560     
   3.4601716499965773E-005  -11.728932957305245     
   3.4915239003450196E-005  -11.728932956528036     
   3.5231602301268947E-005  -11.728932955736676     
   3.5550832133559843E-005  -11.728932954930912     
   3.5872954473689387E-005  -11.728932954110480     
   3.6197995530366001E-005  -11.728932953275111     
   3.6525981749772474E-005  -11.728932952424536     
   3.6856939817717634E-005  -11.728932951558479     
   3.7190896661807630E-005  -11.728932950676654     
   3.7527879453636816E-005  -11.728932949778777     
   3.7867915610998466E-005  -11.728932948864557     
   3.8211032800115621E-005  -11.728932947933693     
   3.8557258937892033E-005  -11.728932946985882     
   3.8906622194183582E-005  -11.728932946020819     
   3.9259150994090222E-005  -11.728932945038189     
   3.9614874020268775E-005  -11.728932944037670     
   3.9973820215266547E-005  -11.728932943018940     
   4.0336018783876257E-005  -11.728932941981661     
   4.0701499195512139E-005  -11.728932940925501     
   4.1070291186607681E-005  -11.728932939850115     
   4.1442424763035089E-005  -11.728932938755154     
   4.1817930202546571E-005  -11.728932937640261     
   4.2196838057237885E-005  -11.728932936505069     
   4.2579179156034097E-005  -11.728932935349215     
   4.2964984607197902E-005  -11.728932934172319     
   4.3354285800860698E-005  -11.728932932973999     
   4.3747114411576533E-005  -11.728932931753867     
   4.4143502400899272E-005  -11.728932930511521     
   4.4543482019983027E-005  -11.728932929246561     
   4.4947085812206226E-005  -11.728932927958574     
   4.5354346615819427E-005  -11.728932926647138     
   4.5765297566617071E-005  -11.728932925311831     
   4.6179972100633604E-005  -11.728932923952215     
   4.6598403956863778E-005  -11.728932922567850     
   4.7020627180007893E-005  -11.728932921158286     
   4.7446676123241629E-005  -11.728932919723061     
   4.7876585451011184E-005  -11.728932918261705     
   4.8310390141853662E-005  -11.728932916773751     
   4.8748125491242989E-005  -11.728932915258710     
   4.9189827114461665E-005  -11.728932913716090     
   4.9635530949498487E-005  -11.728932912145387     
   5.0085273259972605E-005  -11.728932910546089     
   5.0539090638083998E-005  -11.728932908917679     
   5.0997020007590670E-005  -11.728932907259630     
   5.1459098626812944E-005  -11.728932905571394     
   5.1925364091664839E-005  -11.728932903852424     
   5.2395854338712990E-005  -11.728932902102166     
   5.2870607648263230E-005  -11.728932900320046     
   5.3349662647475269E-005  -11.728932898505482     
   5.3833058313505369E-005  -11.728932896657888     
   5.4320833976677737E-005  -11.728932894776658     
   5.4813029323684470E-005  -11.728932892861184     
   5.5309684400814628E-005  -11.728932890910841     
   5.5810839617212456E-005  -11.728932888924996     
   5.6316535748165179E-005  -11.728932886902998     
   5.6826813938420631E-005  -11.728932884844191     
   5.7341715705534834E-005  -11.728932882747909     
   5.7861282943250020E-005  -11.728932880613465     
   5.8385557924903201E-005  -11.728932878440167     
   5.8914583306865631E-005  -11.728932876227304     
   5.9448402132013450E-005  -11.728932873974161     
   5.9987057833229769E-005  -11.728932871680000     
   6.0530594236938456E-005  -11.728932869344076     
   6.1079055566669988E-005  -11.728932866965630     
   6.1632486446659574E-005  -11.728932864543888     
   6.2190931905477942E-005  -11.728932862078059     
   6.2754437379694910E-005  -11.728932859567344     
   6.3323048717576295E-005  -11.728932857010923     
   6.3896812182814220E-005  -11.728932854407967     
   6.4475774458291207E-005  -11.728932851757625     
   6.5059982649878475E-005  -11.728932849059039     
   6.5649484290268554E-005  -11.728932846311325     
   6.6244327342842744E-005  -11.728932843513594     
   6.6844560205573403E-005  -11.728932840664932     
   6.7450231714961888E-005  -11.728932837764415     
   6.8061391150011873E-005  -11.728932834811095     
   6.8678088236238949E-005  -11.728932831804016     
   6.9300373149716303E-005  -11.728932828742193     
   6.9928296521157290E-005  -11.728932825624636     
   7.0561909440034759E-005  -11.728932822450327     
   7.1201263458737924E-005  -11.728932819218231     
   7.1846410596766727E-005  -11.728932815927299     
   7.2497403344964356E-005  -11.728932812576462     
   7.3154294669787958E-005  -11.728932809164625     
   7.3817138017618156E-005  -11.728932805690681     
   7.4485987319107617E-005  -11.728932802153492     
   7.5160896993568959E-005  -11.728932798551918     
   7.5841921953402424E-005  -11.728932794884779     
   7.6529117608563756E-005  -11.728932791150886     
   7.7222539871072448E-005  -11.728932787349018     
   7.7922245159560896E-005  -11.728932783477944     
   7.8628290403864781E-005  -11.728932779536400     
   7.9340733049655031E-005  -11.728932775523107     
   8.0059631063111706E-005  -11.728932771436751     
   8.0785042935640361E-005  -11.728932767276014     
   8.1517027688630969E-005  -11.728932763039532     
   8.2255644878260090E-005  -11.728932758725929     
   8.3000954600336547E-005  -11.728932754333806     
   8.3753017495190907E-005  -11.728932749861723     
   8.4511894752609397E-005  -11.728932745308235     
   8.5277648116812473E-005  -11.728932740671855     
   8.6050339891478425E-005  -11.728932735951073     
   8.6830032944812589E-005  -11.728932731144356     
   8.7616790714662511E-005  -11.728932726250138     
   8.8410677213679356E-005  -11.728932721266826     
   8.9211757034526196E-005  -11.728932716192798     
   9.0020095355133385E-005  -11.728932711026403     
   9.0835757944001636E-005  -11.728932705765962     
   9.1658811165553126E-005  -11.728932700409757     
   9.2489321985531053E-005  -11.728932694956050     
   9.3327357976448109E-005  -11.728932689403063     
   9.4172987323084474E-005  -11.728932683748992     
   9.5026278828035362E-005  -11.728932677991994     
   9.5887301917309091E-005  -11.728932672130195     
   9.6756126645975682E-005  -11.728932666161690     
   9.7632823703866782E-005  -11.728932660084535     
   9.8517464421327139E-005  -11.728932653896752     
   9.9410120775018200E-005  -11.728932647596327     
   1.0031086539377442E-004  -11.728932641181210     
   1.0121977156451238E-004  -11.728932634649311     
   1.0213691323819375E-004  -11.728932627998507     
   1.0306236503584203E-004  -11.728932621226635     
   1.0399620225461395E-004  -11.728932614331486     
   1.0493850087392582E-004  -11.728932607310819     
   1.0588933756163547E-004  -11.728932600162349     
   1.0684878968028002E-004  -11.728932592883750     
   1.0781693529337047E-004  -11.728932585472650     
   1.0879385317174304E-004  -11.728932577926642     
   1.0977962279996813E-004  -11.728932570243266     
   1.1077432438281750E-004  -11.728932562420022     
   1.1177803885178988E-004  -11.728932554454364     
   1.1279084787169577E-004  -11.728932546343703     
   1.1381283384730190E-004  -11.728932538085393     
   1.1484407993003591E-004  -11.728932529676749     
   1.1588467002475174E-004  -11.728932521115038     
   1.1693468879655637E-004  -11.728932512397471     
   1.1799422167769838E-004  -11.728932503521207     
   1.1906335487451895E-004  -11.728932494483363     
   1.2014217537446582E-004  -11.728932485280996     
   1.2123077095317083E-004  -11.728932475911110     
   1.2232923018159152E-004  -11.728932466370653     
   1.2343764243321760E-004  -11.728932456656523     
   1.2455609789134250E-004  -11.728932446765558     
   1.2568468755640099E-004  -11.728932436694540     
   1.2682350325337309E-004  -11.728932426440190     
   1.2797263763925540E-004  -11.728932415999173     
   1.2913218421059972E-004  -11.728932405368088     
   1.3030223731112027E-004  -11.728932394543474     
   1.3148289213936974E-004  -11.728932383521810     
   1.3267424475648477E-004  -11.728932372299511     
   1.3387639209400194E-004  -11.728932360872921     
   1.3508943196174420E-004  -11.728932349238324     
   1.3631346305577896E-004  -11.728932337391930     
   1.3754858496644836E-004  -11.728932325329886     
   1.3879489818647208E-004  -11.728932313048267     
   1.4005250411912374E-004  -11.728932300543075     
   1.4132150508648134E-004  -11.728932287810238     
   1.4260200433775241E-004  -11.728932274845617     
   1.4389410605767465E-004  -11.728932261644985     
   1.4519791537499275E-004  -11.728932248204053     
   1.4651353837101180E-004  -11.728932234518446     
   1.4784108208822842E-004  -11.728932220583705     
   1.4918065453904000E-004  -11.728932206395298     
   1.5053236471453292E-004  -11.728932191948608     
   1.5189632259335017E-004  -11.728932177238930     
   1.5327263915063981E-004  -11.728932162261478     
   1.5466142636708381E-004  -11.728932147011379     
   1.5606279723800947E-004  -11.728932131483669     
   1.5747686578258271E-004  -11.728932115673297     
   1.5890374705308509E-004  -11.728932099575115     
   1.6034355714427485E-004  -11.728932083183878     
   1.6179641320283254E-004  -11.728932066494259     
   1.6326243343689237E-004  -11.728932049500827     
   1.6474173712566003E-004  -11.728932032198045     
   1.6623444462911756E-004  -11.728932014580286     
   1.6774067739781605E-004  -11.728931996641816     
   1.6926055798275718E-004  -11.728931978376798     
   1.7079421004536445E-004  -11.728931959779283     
   1.7234175836754434E-004  -11.728931940843221     
   1.7390332886183909E-004  -11.728931921562449     
   1.7547904858167130E-004  -11.728931901930693     
   1.7706904573168097E-004  -11.728931881941563     
   1.7867344967815714E-004  -11.728931861588553     
   1.8029239095956290E-004  -11.728931840865037     
   1.8192600129715667E-004  -11.728931819764274     
   1.8357441360570938E-004  -11.728931798279396     
   1.8523776200431852E-004  -11.728931776403408     
   1.8691618182732072E-004  -11.728931754129194     
   1.8860980963530271E-004  -11.728931731449501     
   1.9031878322621224E-004  -11.728931708356949     
   1.9204324164656978E-004  -11.728931684844024     
   1.9378332520278167E-004  -11.728931660903072     
   1.9553917547255573E-004  -11.728931636526305     
   1.9731093531642058E-004  -11.728931611705780     
   1.9909874888934890E-004  -11.728931586433427     
   2.0090276165248642E-004  -11.728931560701023     
   2.0272312038498700E-004  -11.728931534500186     
   2.0455997319595480E-004  -11.728931507822391     
   2.0641346953649521E-004  -11.728931480658956     
   2.0828376021187397E-004  -11.728931453001042     
   2.1017099739378779E-004  -11.728931424839649     
   2.1207533463274479E-004  -11.728931396165606     
   2.1399692687055816E-004  -11.728931366969585     
   2.1593593045295261E-004  -11.728931337242082     
   2.1789250314228477E-004  -11.728931306973424     
   2.1986680413037951E-004  -11.728931276153759     
   2.2185899405148191E-004  -11.728931244773056     
   2.2386923499532712E-004  -11.728931212821102     
   2.2589769052032820E-004  -11.728931180287500     
   2.2794452566688377E-004  -11.728931147161658     
   2.3000990697080609E-004  -11.728931113432798     
   2.3209400247687086E-004  -11.728931079089939     
   2.3419698175248971E-004  -11.728931044121911     
   2.3631901590150684E-004  -11.728931008517327     
   2.3846027757812009E-004  -11.728930972264598     
   2.4062094100092910E-004  -11.728930935351933     
   2.4280118196710957E-004  -11.728930897767313     
   2.4500117786671702E-004  -11.728930859498506     
   2.4722110769711950E-004  -11.728930820533058     
   2.4946115207756140E-004  -11.728930780858288     
   2.5172149326385896E-004  -11.728930740461282     
   2.5400231516322920E-004  -11.728930699328895     
   2.5630380334925294E-004  -11.728930657447739     
   2.5862614507697374E-004  -11.728930614804181     
   2.6096952929813332E-004  -11.728930571384346     
   2.6333414667654525E-004  -11.728930527174104     
   2.6572018960360771E-004  -11.728930482159058     
   2.6812785221395712E-004  -11.728930436324568     
   2.7055733040126336E-004  -11.728930389655710     
   2.7300882183416809E-004  -11.728930342137300     
   2.7548252597236784E-004  -11.728930293753866     
   2.7797864408284236E-004  -11.728930244489668     
   2.8049737925623015E-004  -11.728930194328671     
   2.8303893642335276E-004  -11.728930143254548     
   2.8560352237188815E-004  -11.728930091250678     
   2.8819134576319561E-004  -11.728930038300135     
   2.9080261714929320E-004  -11.728929984385688     
   2.9343754898998836E-004  -11.728929929489787     
   2.9609635567016463E-004  -11.728929873594566     
   2.9877925351722419E-004  -11.728929816681838     
   3.0148646081868910E-004  -11.728929758733074     
   3.0421819783996157E-004  -11.728929699729420     
   3.0697468684224557E-004  -11.728929639651671     
   3.0975615210063011E-004  -11.728929578480273     
   3.1256281992233733E-004  -11.728929516195317     
   3.1539491866513521E-004  -11.728929452776534     
   3.1825267875591729E-004  -11.728929388203280     
   3.2113633270945094E-004  -11.728929322454546     
   3.2404611514729538E-004  -11.728929255508929     
   3.2698226281689094E-004  -11.728929187344640     
   3.2994501461082156E-004  -11.728929117939495     
   3.3293461158625165E-004  -11.728929047270908     
   3.3595129698453931E-004  -11.728928975315881     
   3.3899531625102670E-004  -11.728928902050992     
   3.4206691705501052E-004  -11.728928827452396     
   3.4516634930989269E-004  -11.728928751495816     
   3.4829386519351433E-004  -11.728928674156533     
   3.5144971916867312E-004  -11.728928595409375     
   3.5463416800382753E-004  -11.728928515228713     
   3.5784747079398778E-004  -11.728928433588450     
   3.6108988898179680E-004  -11.728928350462020     
   3.6436168637880156E-004  -11.728928265822363     
   3.6766312918691768E-004  -11.728928179641937     
   3.7099448602008847E-004  -11.728928091892692     
   3.7435602792613949E-004  -11.728928002546072     
   3.7774802840883238E-004  -11.728927911572995     
   3.8117076345011737E-004  -11.728927818943857     
   3.8462451153258790E-004  -11.728927724628509     
   3.8810955366213917E-004  -11.728927628596253     
   3.9162617339083078E-004  -11.728927530815842     
   3.9517465683995789E-004  -11.728927431255443     
   3.9875529272333042E-004  -11.728927329882660     
   4.0236837237076368E-004  -11.728927226664499     
   4.0601418975178168E-004  -11.728927121567370     
   4.0969304149953540E-004  -11.728927014557060     
   4.1340522693493730E-004  -11.728926905598753     
   4.1715104809101532E-004  -11.728926794656980     
   4.2093080973748672E-004  -11.728926681695635     
   4.2474481940555476E-004  -11.728926566677954     
   4.2859338741293090E-004  -11.728926449566508     
   4.3247682688908238E-004  -11.728926330323178     
   4.3639545380070970E-004  -11.728926208909158     
   4.4034958697745404E-004  -11.728926085284932     
   4.4433954813783859E-004  -11.728925959410267     
   4.4836566191544411E-004  -11.728925831244192     
   4.5242825588532183E-004  -11.728925700744998     
   4.5652766059064602E-004  -11.728925567870213     
   4.6066420956960798E-004  -11.728925432576593     
   4.6483823938255325E-004  -11.728925294820105     
   4.6905008963936499E-004  -11.728925154555911     
   4.7330010302709587E-004  -11.728925011738371     
   4.7758862533784990E-004  -11.728924866320995     
   4.8191600549691671E-004  -11.728924718256458     
   4.8628259559116107E-004  -11.728924567496572     
   4.9068875089767008E-004  -11.728924413992273     
   4.9513482991265861E-004  -11.728924257693599     
   4.9962119438063811E-004  -11.728924098549687     
   5.0414820932384900E-004  -11.728923936508735     
   5.0871624307195968E-004  -11.728923771518014     
   5.1332566729203459E-004  -11.728923603523819     
   5.1797685701877459E-004  -11.728923432471483     
   5.2267019068503008E-004  -11.728923258305331     
   5.2740605015259184E-004  -11.728923080968677     
   5.3218482074325981E-004  -11.728922900403811     
   5.3700689127019450E-004  -11.728922716551967     
   5.4187265406955112E-004  -11.728922529353305     
   5.4678250503240153E-004  -11.728922338746903     
   5.5173684363694464E-004  -11.728922144670724     
   5.5673607298100975E-004  -11.728921947061611     
   5.6178059981485231E-004  -11.728921745855244     
   5.6687083457424936E-004  -11.728921540986144     
   5.7200719141389334E-004  -11.728921332387635     
   5.7719008824108848E-004  -11.728921119991824     
   5.8241994674975285E-004  -11.728920903729588     
   5.8769719245472889E-004  -11.728920683530539     
   5.9302225472640416E-004  -11.728920459323019     
   5.9839556682564593E-004  -11.728920231034053     
   6.0381756593905233E-004  -11.728919998589346     
   6.0928869321452337E-004  -11.728919761913245     
   6.1480939379715365E-004  -11.728919520928724     
   6.2038011686545028E-004  -11.728919275557351     
   6.2600131566787980E-004  -11.728919025719270     
   6.3167344755974504E-004  -11.728918771333172     
   6.3739697404039688E-004  -11.728918512316262     
   6.4317236079078366E-004  -11.728918248584245     
   6.4900007771133905E-004  -11.728917980051282     
   6.5488059896021535E-004  -11.728917706629986     
   6.6081440299186169E-004  -11.728917428231362     
   6.6680197259595274E-004  -11.728917144764807     
   6.7284379493666923E-004  -11.728916856138067     
   6.7894036159233534E-004  -11.728916562257204     
   6.8509216859541442E-004  -11.728916263026576     
   6.9129971647286772E-004  -11.728915958348793     
   6.9756351028687862E-004  -11.728915648124696     
   7.0388405967594539E-004  -11.728915332253326     
   7.1026187889634731E-004  -11.728915010631876     
   7.1669748686398519E-004  -11.728914683155674     
   7.2319140719660270E-004  -11.728914349718140     
   7.2974416825638761E-004  -11.728914010210758     
   7.3635630319296300E-004  -11.728913664523031     
   7.4302834998676338E-004  -11.728913312542451     
   7.4976085149280815E-004  -11.728912954154469     
   7.5655435548486766E-004  -11.728912589242441     
   7.6340941470003391E-004  -11.728912217687609     
   7.7032658688369030E-004  -11.728911839369045     
   7.7730643483489299E-004  -11.728911454163626     
   7.8434952645216078E-004  -11.728911061945981     
   7.9145643477968096E-004  -11.728910662588467     
   7.9862773805393404E-004  -11.728910255961104     
   8.0586401975073988E-004  -11.728909841931555     
   8.1316586863273174E-004  -11.728909420365076     
   8.2053387879725819E-004  -11.728908991124458     
   8.2796864972472237E-004  -11.728908554070015     
   8.3547078632735484E-004  -11.728908109059491     
   8.4304089899843318E-004  -11.728907655948070     
   8.5067960366194337E-004  -11.728907194588272     
   8.5838752182269384E-004  -11.728906724829951     
   8.6616528061688261E-004  -11.728906246520221     
   8.7401351286312272E-004  -11.728905759503414     
   8.8193285711392962E-004  -11.728905263621030     
   8.8992395770767622E-004  -11.728904758711677     
   8.9798746482101690E-004  -11.728904244611034     
   9.0612403452178865E-004  -11.728903721151781     
   9.1433432882238950E-004  -11.728903188163562     
   9.2261901573364221E-004  -11.728902645472909     
   9.3097876931914501E-004  -11.728902092903198     
   9.3941426975011554E-004  -11.728901530274596     
   9.4792620336073090E-004  -11.728900957403996     
   9.5651526270396992E-004  -11.728900374104953     
   9.6518214660796077E-004  -11.728899780187625     
   9.7392756023283959E-004  -11.728899175458725     
   9.8275221512812401E-004  -11.728898559721438     
   9.9165682929060737E-004  -11.728897932775373     
   1.0006421272227757E-003  -11.728897294416486     
   1.0097088399917554E-003  -11.728896644437018     
   1.0188577052887956E-003  -11.728895982625435     
   1.0280894674892880E-003  -11.728895308766345     
   1.0374048777133306E-003  -11.728894622640439     
   1.0468046938868420E-003  -11.728893924024417     
   1.0562896808032271E-003  -11.728893212690906     
   1.0658606101856037E-003  -11.728892488408405     
   1.0755182607495909E-003  -11.728891750941189     
   1.0852634182666682E-003  -11.728891000049254     
   1.0950968756281076E-003  -11.728890235488212     
   1.1050194329094848E-003  -11.728889457009236     
   1.1150318974357768E-003  -11.728888664358971     
   1.1251350838470463E-003  -11.728887857279442     
   1.1353298141647235E-003  -11.728887035507988     
   1.1456169178584890E-003  -11.728886198777152     
   1.1559972319137599E-003  -11.728885346814623     
   1.1664716008997905E-003  -11.728884479343128     
   1.1770408770383873E-003  -11.728883596080340     
   1.1877059202732494E-003  -11.728882696738809     
   1.1984675983399342E-003  -11.728881781025834     
   1.2093267868364607E-003  -11.728880848643392     
   1.2202843692945479E-003  -11.728879899288042     
   1.2313412372515038E-003  -11.728878932650813     
   1.2424982903227603E-003  -11.728877948417106     
   1.2537564362750712E-003  -11.728876946266604     
   1.2651165911003687E-003  -11.728875925873155     
   1.2765796790902913E-003  -11.728874886904668     
   1.2881466329113865E-003  -11.728873829023007     
   1.2998183936809944E-003  -11.728872751883886     
   1.3115959110438214E-003  -11.728871655136745     
   1.3234801432492032E-003  -11.728870538424644     
   1.3354720572290725E-003  -11.728869401384154     
   1.3475726286766294E-003  -11.728868243645216     
   1.3597828421257278E-003  -11.728867064831043     
   1.3721036910309791E-003  -11.728865864557990     
   1.3845361778485818E-003  -11.728864642435427     
   1.3970813141178839E-003  -11.728863398065613     
   1.4097401205436860E-003  -11.728862131043561     
   1.4225136270792854E-003  -11.728860840956925     
   1.4354028730102799E-003  -11.728859527385838     
   1.4484089070391224E-003  -11.728858189902803     
   1.4615327873704490E-003  -11.728856828072530     
   1.4747755817971760E-003  -11.728855441451813     
   1.4881383677873797E-003  -11.728854029589375     
   1.5016222325719602E-003  -11.728852592025726     
   1.5152282732331013E-003  -11.728851128293007     
   1.5289575967935348E-003  -11.728849637914848     
   1.5428113203066068E-003  -11.728848120406209     
   1.5567905709471671E-003  -11.728846575273209     
   1.5708964861032774E-003  -11.728845002012990     
   1.5851302134687524E-003  -11.728843400113535     
   1.5994929111365402E-003  -11.728841769053503     
   1.6139857476929465E-003  -11.728840108302069     
   1.6286099023127144E-003  -11.728838417318746     
   1.6433665648549645E-003  -11.728836695553193     
   1.6582569359600056E-003  -11.728834942445078     
   1.6732822271470222E-003  -11.728833157423843     
   1.6884436609126460E-003  -11.728831339908561     
   1.7037424708304214E-003  -11.728829489307723     
   1.7191799016511729E-003  -11.728827605019053     
   1.7347572094042812E-003  -11.728825686429309     
   1.7504756614998764E-003  -11.728823732914096     
   1.7663365368319581E-003  -11.728821743837644     
   1.7823411258824492E-003  -11.728819718552609     
   1.7984907308261941E-003  -11.728817656399873     
   1.8147866656369053E-003  -11.728815556708307     
   1.8312302561940730E-003  -11.728813418794577     
   1.8478228403908410E-003  -11.728811241962905     
   1.8645657682428624E-003  -11.728809025504843     
   1.8814604019981396E-003  -11.728806768699057     
   1.8985081162478600E-003  -11.728804470811076     
   1.9157102980382375E-003  -11.728802131093060     
   1.9330683469833650E-003  -11.728799748783555     
   1.9505836753790913E-003  -11.728797323107253     
   1.9682577083179283E-003  -11.728794853274723     
   1.9860918838050011E-003  -11.728792338482169     
   2.0040876528750486E-003  -11.728789777911166     
   2.0222464797104811E-003  -11.728787170728387     
   2.0405698417605114E-003  -11.728784516085339     
   2.0590592298613646E-003  -11.728781813118081     
   2.0777161483575748E-003  -11.728779060946948     
   2.0965421152243837E-003  -11.728776258676261     
   2.1155386621912464E-003  -11.728773405394037     
   2.1347073348664571E-003  -11.728770500171693     
   2.1540496928629032E-003  -11.728767542063746     
   2.1735673099249615E-003  -11.728764530107496     
   2.1932617740565382E-003  -11.728761463322723     
   2.2131346876502777E-003  -11.728758340711366     
   2.2331876676179338E-003  -11.728755161257192     
   2.2534223455219268E-003  -11.728751923925474     
   2.2738403677080941E-003  -11.728748627662648     
   2.2944433954396369E-003  -11.728745271395971     
   2.3152331050322879E-003  -11.728741854033176     
   2.3362111879906998E-003  -11.728738374462109     
   2.3573793511460703E-003  -11.728734831550382     
   2.3787393167950151E-003  -11.728731224144981     
   2.4002928228396970E-003  -11.728727551071913     
   2.4220416229292284E-003  -11.728723811135813     
   2.4439874866023495E-003  -11.728720003119555     
   2.4661321994314056E-003  -11.728716125783865     
   2.4884775631676252E-003  -11.728712177866905     
   2.5110253958877124E-003  -11.728708158083869     
   2.5337775321417752E-003  -11.728704065126562     
   2.5567358231025849E-003  -11.728699897662983     
   2.5799021367161946E-003  -11.728695654336885     
   2.6032783578539198E-003  -11.728691333767326     
   2.6268663884656948E-003  -11.728686934548234     
   2.6506681477348241E-003  -11.728682455247942     
   2.6746855722341277E-003  -11.728677894408722     
   2.6989206160835080E-003  -11.728673250546315     
   2.7233752511089423E-003  -11.728668522149443     
   2.7480514670029147E-003  -11.728663707679317     
   2.7729512714863031E-003  -11.728658805569145     
   2.7980766904717328E-003  -11.728653814223607     
   2.8234297682284090E-003  -11.728648732018353     
   2.8490125675484450E-003  -11.728643557299462     
   2.8748271699146964E-003  -11.728638288382909     
   2.9008756756701134E-003  -11.728632923554015     
   2.9271602041886350E-003  -11.728627461066896     
   2.9536828940476220E-003  -11.728621899143880     
   2.9804459032018596E-003  -11.728616235974949     
   3.0074514091591332E-003  -11.728610469717129     
   3.0347016091573980E-003  -11.728604598493904     
   3.0621987203435486E-003  -11.728598620394603     
   3.0899449799538154E-003  -11.728592533473780     
   3.1179426454957895E-003  -11.728586335750572     
   3.1461939949320992E-003  -11.728580025208064     
   3.1747013268657543E-003  -11.728573599792631     
   3.2034669607271622E-003  -11.728567057413265     
   3.2324932369628455E-003  -11.728560395940903     
   3.2617825172258654E-003  -11.728553613207728     
   3.2913371845679721E-003  -11.728546707006457     
   3.3211596436334961E-003  -11.728539675089650     
   3.3512523208549983E-003  -11.728532515168940     
   3.3816176646506873E-003  -11.728525224914318     
   3.4122581456236321E-003  -11.728517801953371     
   3.4431762567627739E-003  -11.728510243870492     
   3.4743745136457654E-003  -11.728502548206121     
   3.5058554546436422E-003  -11.728494712455914     
   3.5376216411273525E-003  -11.728486734069962     
   3.5696756576761557E-003  -11.728478610451935     
   3.6020201122879125E-003  -11.728470338958251     
   3.6346576365912766E-003  -11.728461916897208     
   3.6675908860598102E-003  -11.728453341528118     
   3.7008225402280436E-003  -11.728444610060402     
   3.7343553029094852E-003  -11.728435719652698     
   3.7681919024166125E-003  -11.728426667411924     
   3.8023350917828548E-003  -11.728417450392344     
   3.8367876489865879E-003  -11.728408065594607     
   3.8715523771771553E-003  -11.728398509964769     
   3.9066321049029407E-003  -11.728388780393308     
   3.9420296863415093E-003  -11.728378873714101     
   3.9777480015318238E-003  -11.728368786703408     
   4.0137899566085791E-003  -11.728358516078805     
   4.0501584840386502E-003  -11.728348058498137     
   4.0868565428596832E-003  -11.728337410558410     
   4.1238871189208538E-003  -11.728326568794706     
   4.1612532251258019E-003  -11.728315529679037     
   4.1989579016777686E-003  -11.728304289619210     
   4.2370042163269563E-003  -11.728292844957650     
   4.2753952646201300E-003  -11.728281191970220     
   4.3141341701524736E-003  -11.728269326864996     
   4.3532240848217427E-003  -11.728257245781050     
   4.3926681890847008E-003  -11.728244944787180     
   4.4324696922158988E-003  -11.728232419880642     
   4.4726318325687834E-003  -11.728219666985842     
   4.5131578778391810E-003  -11.728206681953008     
   4.5540511253311646E-003  -11.728193460556851     
   4.5953149022253332E-003  -11.728179998495182     
   4.6369525658495172E-003  -11.728166291387518     
   4.6789675039519401E-003  -11.728152334773647     
   4.7213631349768553E-003  -11.728138124112196     
   4.7641429083426778E-003  -11.728123654779131     
   4.8073103047226408E-003  -11.728108922066278     
   4.8508688363279899E-003  -11.728093921179775     
   4.8948220471937455E-003  -11.728078647238513     
   4.9391735134670578E-003  -11.728063095272562     
   4.9839268436981648E-003  -11.728047260221539     
   5.0290856791340025E-003  -11.728031136932977     
   5.0746536940144580E-003  -11.728014720160635     
   5.1206345958713191E-003  -11.727998004562806     
   5.1670321258299292E-003  -11.727980984700569     
   5.2138500589135736E-003  -11.727963655036032     
   5.2610922043506234E-003  -11.727946009930516     
   5.3087624058844700E-003  -11.727928043642740     
   5.3568645420862537E-003  -11.727909750326935     
   5.4054025266704426E-003  -11.727891124030963     
   5.4543803088132553E-003  -11.727872158694360     
   5.5038018734739841E-003  -11.727852848146391     
   5.5536712417192128E-003  -11.727833186104023     
   5.6039924710499884E-003  -11.727813166169893     
   5.6547696557319440E-003  -11.727792781830216     
   5.7060069271284231E-003  -11.727772026452694     
   5.7577084540366193E-003  -11.727750893284323     
   5.8098784430267543E-003  -11.727729375449233     
   5.8625211387843381E-003  -11.727707465946432     
   5.9156408244555349E-003  -11.727685157647532     
   5.9692418219956349E-003  -11.727662443294435     
   6.0233284925207175E-003  -11.727639315496983     
   6.0779052366624724E-003  -11.727615766730539     
   6.1329764949262441E-003  -11.727591789333554     
   6.1885467480523367E-003  -11.727567375505068     
   6.2446205173805631E-003  -11.727542517302179     
   6.3012023652181193E-003  -11.727517206637469     
   6.3582968952107877E-003  -11.727491435276354     
   6.4159087527175000E-003  -11.727465194834437     
   6.4740426251882937E-003  -11.727438476774759     
   6.5327032425456988E-003  -11.727411272405034     
   6.5918953775695706E-003  -11.727383572874826     
   6.6516238462854226E-003  -11.727355369172669     
   6.7118935083562668E-003  -11.727326652123146     
   6.7727092674780068E-003  -11.727297412383901     
   6.8340760717784223E-003  -11.727267640442594     
   6.8959989142197524E-003  -11.727237326613837     
   6.9584828330049421E-003  -11.727206461036021     
   7.0215329119875606E-003  -11.727175033668125     
   7.0851542810854420E-003  -11.727143034286453     
   7.1493521166980621E-003  -11.727110452481305     
   7.2141316421277038E-003  -11.727077277653608     
   7.2794981280044470E-003  -11.727043499011462     
   7.3454568927149872E-003  -11.727009105566635     
   7.4120133028353690E-003  -11.726974086131007     
   7.4791727735676111E-003  -11.726938429312911     
   7.5469407691803065E-003  -11.726902123513458     
   7.6153228034532127E-003  -11.726865156922754     
   7.6843244401258613E-003  -11.726827517516075     
   7.7539512933502428E-003  -11.726789193049946     
   7.8242090281475853E-003  -11.726750171058185     
   7.8951033608692777E-003  -11.726710438847840     
   7.9666400596619634E-003  -11.726669983495071     
   8.0388249449368579E-003  -11.726628791840957     
   8.1116638898433100E-003  -11.726586850487218     
   8.1851628207466453E-003  -11.726544145791863     
   8.2593277177103741E-003  -11.726500663864769     
   8.3341646149827208E-003  -11.726456390563168     
   8.4096796014876025E-003  -11.726411311487048     
   8.4858788213200299E-003  -11.726365411974497     
   8.5627684742460141E-003  -11.726318677096911     
   8.6403548162069903E-003  -11.726271091654189     
   8.7186441598288179E-003  -11.726222640169761     
   8.7976428749353928E-003  -11.726173306885592     
   8.8773573890669217E-003  -11.726123075757050     
   8.9577941880028614E-003  -11.726071930447715     
   9.0389598162896444E-003  -11.726019854324058     
   9.1208608777731404E-003  -11.725966830450060     
   9.2035040361359739E-003  -11.725912841581710     
   9.2868960154396923E-003  -11.725857870161406     
   9.3710436006718585E-003  -11.725801898312264     
   9.4559536382980910E-003  -11.725744907832313     
   9.5416330368191075E-003  -11.725686880188603     
   9.6280887673328274E-003  -11.725627796511164     
   9.7153278641015500E-003  -11.725567637586920     
   9.8033574251242834E-003  -11.725506383853434     
   9.8921846127142561E-003  -11.725444015392567     
   9.9818166540816631E-003  -11.725380511924023     
   1.0072260841921688E-002  -11.725315852798774     
   1.0163524535007852E-002  -11.725250016992348     
   1.0255615158790754E-002  -11.725182983098032     
   1.0348540206002213E-002  -11.725114729319920     
   1.0442307237264902E-002  -11.725045233465847     
   1.0536923881707499E-002  -11.724974472940195     
   1.0632397837585409E-002  -11.724902424736566     
   1.0728736872907122E-002  -11.724829065430336     
   1.0825948826066231E-002  -11.724754371171047     
   1.0924041606479187E-002  -11.724678317674684     
   1.1023023195228829E-002  -11.724600880215803     
   1.1122901645713746E-002  -11.724522033619525     
   1.1223685084303521E-002  -11.724441752253375     
   1.1325381710999919E-002  -11.724360010018970     
   1.1427999800104050E-002  -11.724276780343576     
   1.1531547700889596E-002  -11.724192036171488     
   1.1636033838282128E-002  -11.724105749955275     
   1.1741466713544582E-002  -11.724017893646858     
   1.1847854904968931E-002  -11.723928438688418     
   1.1955207068574159E-002  -11.723837356003154     
   1.2063531938810516E-002  -11.723744615985867     
   1.2172838329270188E-002  -11.723650188493375     
   1.2283135133404389E-002  -11.723554042834753     
   1.2394431325246957E-002  -11.723456147761400     
   1.2506735960144507E-002  -11.723356471456921     
   1.2620058175493188E-002  -11.723254981526832     
   1.2734407191482135E-002  -11.723151644988080     
   1.2849792311843649E-002  -11.723046428258362     
   1.2966222924610157E-002  -11.722939297145265     
   1.3083708502878070E-002  -11.722830216835208     
   1.3202258605578518E-002  -11.722719151882167     
   1.3321882878255099E-002  -11.722606066196231     
   1.3442591053848669E-002  -11.722490923031909     
   1.3564392953489227E-002  -11.722373684976265     
   1.3687298487295002E-002  -11.722254313936812     
   1.3811317655178753E-002  -11.722132771129191     
   1.3936460547661400E-002  -11.722009017064652     
   1.4062737346692999E-002  -11.721883011537280     
   1.4190158326481198E-002  -11.721754713610997     
   1.4318733854327137E-002  -11.721624081606342     
   1.4448474391468994E-002  -11.721491073087002     
   1.4579390493933111E-002  -11.721355644846106     
   1.4711492813392880E-002  -11.721217752892265     
   1.4844792098035379E-002  -11.721077352435371     
   1.4979299193435873E-002  -11.720934397872130     
   1.5115025043440247E-002  -11.720788842771329     
   1.5251980691055407E-002  -11.720640639858864     
   1.5390177279347798E-002  -11.720489741002481     
   1.5529626052349997E-002  -11.720336097196224     
   1.5670338355975581E-002  -11.720179658544641     
   1.5812325638942259E-002  -11.720020374246680     
   1.5955599453703354E-002  -11.719858192579299     
   1.6100171457387760E-002  -11.719693060880799     
   1.6246053412748370E-002  -11.719524925533817     
   1.6393257189119163E-002  -11.719353731948070     
   1.6541794763380878E-002  -11.719179424542730     
   1.6691678220935528E-002  -11.719001946728534     
   1.6842919756689664E-002  -11.718821240889536     
   1.6995531676046605E-002  -11.718637248364544     
   1.7149526395907635E-002  -11.718449909428228     
   1.7304916445682259E-002  -11.718259163271890     
   1.7461714468307649E-002  -11.718064947983869     
   1.7619933221277296E-002  -11.717867200529634     
   1.7779585577678999E-002  -11.717665856731468     
   1.7940684527242234E-002  -11.717460851247838     
   1.8103243177395062E-002  -11.717252117552356     
   1.8267274754330549E-002  -11.717039587912391     
   1.8432792604082919E-002  -11.716823193367283     
   1.8599810193613397E-002  -11.716602863706170     
   1.8768341111905916E-002  -11.716378527445414     
   1.8938399071072774E-002  -11.716150111805637     
   1.9109997907470255E-002  -11.715917542688334     
   1.9283151582824426E-002  -11.715680744652055     
   1.9457874185367065E-002  -11.715439640888206     
   1.9634179930981946E-002  -11.715194153196357     
   1.9812083164361453E-002  -11.714944201959163     
   1.9991598360173727E-002  -11.714689706116800     
   2.0172740124240342E-002  -11.714430583140967     
   2.0355523194724681E-002  -11.714166749008408     
   2.0539962443331079E-002  -11.713898118173974     
   2.0726072876514803E-002  -11.713624603543195     
   2.0913869636703043E-002  -11.713346116444372     
   2.1103368003526909E-002  -11.713062566600176     
   2.1294583395064647E-002  -11.712773862098700     
   2.1487531369096081E-002  -11.712479909364067     
   2.1682227624368434E-002  -11.712180613126449     
   2.1878688001873630E-002  -11.711875876391595     
   2.2076928486137144E-002  -11.711565600409786     
   2.2276965206518545E-002  -11.711249684644269     
   2.2478814438523839E-002  -11.710928026739097     
   2.2682492605129667E-002  -11.710600522486434     
   2.2888016278119535E-002  -11.710267065793252     
   2.3095402179432126E-002  -11.709927548647432     
   2.3304667182521849E-002  -11.709581861083308     
   2.3515828313731703E-002  -11.709229891146540     
   2.3728902753678588E-002  -11.708871524858411     
   2.3943907838651145E-002  -11.708506646179471     
   2.4160861062020332E-002  -11.708135136972542     
   2.4379780075662653E-002  -11.707756876965066     
   2.4600682691396439E-002  -11.707371743710789     
   2.4823586882431008E-002  -11.706979612550770     
   2.5048510784829045E-002  -11.706580356573703     
   2.5275472698982171E-002  -11.706173846575526     
   2.5504491091099937E-002  -11.705759951018337     
   2.5735584594712271E-002  -11.705338535988561     
   2.5968772012185538E-002  -11.704909465154415     
   2.6204072316252384E-002  -11.704472599722584     
   2.6441504651555349E-002  -11.704027798394153     
   2.6681088336204601E-002  -11.703574917319786     
   2.6922842863349641E-002  -11.703113810054074     
   2.7166787902765339E-002  -11.702644327509111     
   2.7412943302452333E-002  -11.702166317907253     
   2.7661329090251902E-002  -11.701679626733021     
   2.7911965475475468E-002  -11.701184096684209     
   2.8164872850548913E-002  -11.700679567622096     
   2.8420071792671718E-002  -11.700165876520805     
   2.8677583065491206E-002  -11.699642857415750     
   2.8937427620791926E-002  -11.699110341351240     
   2.9199626600200326E-002  -11.698568156327099     
   2.9464201336904913E-002  -11.698016127244404     
   2.9731173357391946E-002  -11.697454075850251     
   3.0000564383196926E-002  -11.696881820681574     
   3.0272396332671880E-002  -11.696299177007969     
   3.0546691322768722E-002  -11.695705956773551     
   3.0823471670838726E-002  -11.695101968537776     
   3.1102759896448343E-002  -11.694487017415227     
   3.1384578723211431E-002  -11.693860905014404     
   3.1668951080638115E-002  -11.693223429375404     
   3.1955900106000398E-002  -11.692574384906537     
   3.2245449146214668E-002  -11.691913562319854     
   3.2537621759741245E-002  -11.691240748565564     
   3.2832441718501193E-002  -11.690555726765293     
   3.3129933009810424E-002  -11.689858276144230     
   3.3430119838331405E-002  -11.689148171962069     
   3.3733026628042492E-002  -11.688425185442791     
   3.4038678024225139E-002  -11.687689083703214     
   3.4347098895469073E-002  -11.686939629680342     
   3.4658314335695717E-002  -11.686176582057451     
   3.4972349666199859E-002  -11.685399695188909     
   3.5289230437709859E-002  -11.684608719023720     
   3.5608982432466546E-002  -11.683803399027749     
   3.5931631666320900E-002  -11.682983476104638     
   3.6257204390850797E-002  -11.682148686515362     
   3.6585727095496887E-002  -11.681298761796402     
   3.6917226509717828E-002  -11.680433428676556     
   3.7251729605165124E-002  -11.679552408992324     
   3.7589263597877523E-002  -11.678655419601849     
   3.7929855950495459E-002  -11.677742172297423     
   3.8273534374495453E-002  -11.676812373716487     
   3.8620326832444776E-002  -11.675865725251157     
   3.8970261540276580E-002  -11.674901922956202     
   3.9323366969585619E-002  -11.673920657455492     
   3.9679671849944760E-002  -11.672921613846851     
   4.0039205171242480E-002  -11.671904471605343     
   4.0401996186041608E-002  -11.670868904484921     
   4.0768074411959336E-002  -11.669814580418423     
   4.1137469634068891E-002  -11.668741161415916     
   4.1510211907322889E-002  -11.667648303461352     
   4.1886331558998707E-002  -11.666535656407474     
   4.2265859191165996E-002  -11.665402863869010     
   4.2648825683176510E-002  -11.664249563114076     
   4.3035262194176575E-002  -11.663075384953796     
   4.3425200165642240E-002  -11.661879953630098     
   4.3818671323937457E-002  -11.660662886701646     
   4.4215707682895407E-002  -11.659423794927919     
   4.4616341546423258E-002  -11.658162282151379     
   4.5020605511130456E-002  -11.656877945177699     
   4.5428532468980883E-002  -11.655570373654065     
   4.5840155609969055E-002  -11.654239149945447     
   4.6255508424820506E-002  -11.652883849008909     
   4.6674624707716730E-002  -11.651504038265839     
   4.7097538559044701E-002  -11.650099277472147     
   4.7524284388171419E-002  -11.648669118586326     
   4.7954896916243543E-002  -11.647213105635430     
   4.8389411179012354E-002  -11.645730774578865     
   4.8827862529684386E-002  -11.644221653170026     
   4.9270286641797861E-002  -11.642685260815702     
   4.9716719512125168E-002  -11.641121108433248     
   5.0167197463601640E-002  -11.639528698305494     
   5.0621757148280898E-002  -11.637907523933340     
   5.1080435550316966E-002  -11.636257069886048     
   5.1543269988973378E-002  -11.634576811649140     
   5.2010298121659575E-002  -11.632866215469944     
   5.2481557946994828E-002  -11.631124738200707     
   5.2957087807899872E-002  -11.629351827139244     
   5.3436926394716602E-002  -11.627546919867155     
   5.3921112748356051E-002  -11.625709444085478     
   5.4409686263474789E-002  -11.623838817447862     
   5.4902686691680233E-002  -11.621934447391117     
   5.5400154144764915E-002  -11.619995730963227     
   5.5902129097970099E-002  -11.618022054648682     
   5.6408652393278941E-002  -11.616012794191185     
   5.6919765242739472E-002  -11.613967314413674     
   5.7435509231817783E-002  -11.611884969035625     
   5.7955926322781459E-002  -11.609765100487579     
   5.8481058858113770E-002  -11.607607039722961     
   5.9010949563958776E-002  -11.605410106027039     
   5.9545641553597602E-002  -11.603173606823072     
   6.0085178330956265E-002  -11.600896837475617     
   6.0629603794145288E-002  -11.598579081090904     
   6.1178962239031340E-002  -11.596219608314346     
   6.1733298362841228E-002  -11.593817677125070     
   6.2292657267798666E-002  -11.591372532627494     
   6.2857084464793836E-002  -11.588883406839896     
   6.3426625877086293E-002  -11.586349518479992     
   6.4001327844041417E-002  -11.583770072747415     
   6.4581237124900673E-002  -11.581144261103153     
   6.5166400902586089E-002  -11.578471261045898     
   6.5756866787539170E-002  -11.575750235885254     
   6.6352682821594622E-002  -11.572980334511790     
   6.6953897481889138E-002  -11.570160691163968     
   6.7560559684805635E-002  -11.567290425191830     
   6.8172718789953193E-002  -11.564368640817527     
   6.8790424604183151E-002  -11.561394426892575     
   6.9413727385641430E-002  -11.558366856651890     
   7.0042677847857754E-002  -11.555284987464555     
   7.0677327163871734E-002  -11.552147860581297     
   7.1317726970396539E-002  -11.548954500878665     
   7.1963929372020147E-002  -11.545703916599912     
   7.2615986945444688E-002  -11.542395099092539     
   7.3273952743764276E-002  -11.539027022542502     
   7.3937880300781467E-002  -11.535598643705093     
   7.4607823635363016E-002  -11.532108901632430     
   7.5283837255834873E-002  -11.528556717397629     
   7.5965976164417248E-002  -11.524940993815587     
   7.6654295861699584E-002  -11.521260615160395     
   7.7348852351156377E-002  -11.517514446879380     
   7.8049702143703673E-002  -11.513701335303800     
   7.8756902262296966E-002  -11.509820107356138     
   7.9470510246570744E-002  -11.505869570254069     
   8.0190584157520020E-002  -11.501848511211046     
   8.0917182582224439E-002  -11.497755697133558     
   8.1650364638614900E-002  -11.493589874315052     
   8.2390189980283704E-002  -11.489349768126544     
   8.3136718801338036E-002  -11.485034082703926     
   8.3890011841297532E-002  -11.480641500631998     
   8.4650130390036216E-002  -11.476170682625250     
   8.5417136292769175E-002  -11.471620267205418     
   8.6191091955084537E-002  -11.466988870375857     
   8.6972060348020769E-002  -11.462275085292731     
   8.7760105013190384E-002  -11.457477481933090     
   8.8555290067949682E-002  -11.452594606759906     
   8.9357680210615575E-002  -11.447624982384010     
   9.0167340725729614E-002  -11.442567107223095     
   9.0984337489369710E-002  -11.437419455157773     
   9.1808736974509891E-002  -11.432180475184776     
   9.2640606256428878E-002  -11.426848591067328     
   9.3480013018167385E-002  -11.421422200982819     
   9.4327025556035005E-002  -11.415899677167774     
   9.5181712785167016E-002  -11.410279365560289     
   9.6044144245131427E-002  -11.404559585439925     
   9.6914390105587001E-002  -11.398738629065241     
   9.7792521171992303E-002  -11.392814761308978     
   9.8678608891366759E-002  -11.386786219291084     
   9.9572725358103673E-002  -11.380651212009608     
  0.10047494331983599       -11.374407919969643     
  0.10138533618335538       -11.368054494810407     
  0.10230397802058468       -11.361589058930605     
  0.10323094357460451       -11.355009705112220     
  0.10416630826573482       -11.348314496142864     
  0.10511014819767101       -11.341501464436854     
  0.10606254016367607       -11.334568611655165     
  0.10702356165282864       -11.327513908324475     
  0.10799329085632776       -11.320335293455413     
  0.10897180667385463       -11.313030674160277     
  0.10995918871999218       -11.305597925270362     
  0.11095551733070262       -11.298034888953156     
  0.11196087356986391       -11.290339374329596     
  0.11297533923586522       -11.282509157091642     
  0.11399899686826230       -11.274541979120393     
  0.11503192975449311       -11.266435548105013     
  0.11607422193665431       -11.258187537162735     
  0.11712595821833913       -11.249795584460228     
  0.11818722417153718       -11.241257292836609     
  0.11925810614359691       -11.232570229428442     
  0.12033869126425091       -11.223731925296978     
  0.12142906745270514       -11.214739875058068     
  0.12252932342479218       -11.205591536515014     
  0.12363954870018946       -11.196284330294777     
  0.12475983360970271       -11.186815639487902     
  0.12589026930261560       -11.177182809292569     
  0.12703094775410578       -11.167383146663193     
  0.12818196177272839       -11.157413919963973     
  0.12934340500796701       -11.147272358627889     
  0.13051537195785337       -11.136955652821580     
  0.13169795797665584       -11.126460953116613     
  0.13289125928263781       -11.115785370167647     
  0.13409537296588617       -11.104925974397990     
  0.13531039699621089       -11.093879795693180     
  0.13653643023111600       -11.082643823103059     
  0.13777357242384300       -11.071215004553004     
  0.13902192423148693       -11.059590246564911     
  0.14028158722318620       -11.047766413988558     
  0.14155266388838647       -11.035740329744035     
  0.14283525764517943       -11.023508774575904     
  0.14412947284871716       -11.011068486819820     
  0.14543541479970287       -10.998416162182332     
  0.14675318975295823       -10.985548453534665     
  0.14808290492606868       -10.972461970721232     
  0.14942466850810696       -10.959153280383715     
  0.15077858966843546       -10.945618905801586     
  0.15214477856558870       -10.931855326749913     
  0.15352334635623613       -10.917858979375362     
  0.15491440520422595       -10.903626256091368     
  0.15631806828971120       -10.889153505493409     
  0.15773444981835841       -10.874437032295392     
  0.15916366503063953       -10.859473097288218     
  0.16060583021120828       -10.844257917321537     
  0.16206106269836137       -10.828787665309855     
  0.16352948089358546       -10.813058470264103     
  0.16501120427119059       -10.797066417349825     
  0.16650635338803091       -10.780807547973238     
  0.16801504989331348       -10.764277859896374     
  0.16953741653849605       -10.747473307382609     
  0.17107357718727437       -10.730389801373871     
  0.17262365682566000       -10.713023209700955     
  0.17418778157214967       -10.695369357328264     
  0.17576607868798644       -10.677424026634457     
  0.17735867658751409       -10.659182957730513     
  0.17896570484862523       -10.640641848816678     
  0.18058729422330408       -10.621796356579887     
  0.18222357664826483       -10.602642096633272     
  0.18387468525568623       -10.583174643999394     
  0.18554075438404380       -10.563389533638899     
  0.18722191958903961       -10.543282261026318     
  0.18891831765463191       -10.522848282774795     
  0.19063008660416372       -10.502083017311591     
  0.19235736571159323       -10.480981845606170     
  0.19410029551282512       -10.459540111952847     
  0.19585901781714507       -10.437753124809895     
  0.19763367571875790       -10.415616157697135     
  0.19942441360842975       -10.393124450154044     
  0.20123137718523640       -10.370273208760482     
  0.20305471346841744       -10.347057608222128     
  0.20489457080933846       -10.323472792522830     
  0.20675109890356097       -10.299513876146094     
  0.20862444880302228       -10.275175945367909     
  0.21051477292832529       -10.250454059623275     
  0.21242222508113998       -10.225343252948720     
  0.21434696045671695       -10.199838535503233     
  0.21628913565651470       -10.173934895169944     
  0.21824890870094094       -10.147627299241142     
  0.22022643904220968       -10.120910696188938     
  0.22222188757731459       -10.093780017524294     
  0.22423541666112007       -10.066230179746789     
  0.22626719011957078       -10.038256086387848     
  0.22831737326302098       -10.009852630149974     
  0.23038613289968468       -9.9810146951446281     
  0.23247363734920742       -9.9517371592314596     
  0.23458005645636140       -9.9220148964615245     
  0.23670556160486428       -9.8918427796272397     
  0.23885032573132361       -9.8612156829217170     
  0.24101452333930723       -9.8301284847103201     
  0.24319833051354148       -9.7985760704170506     
  0.24540192493423768       -9.7665533355285898     
  0.24762548589154898       -9.7340551887187043     
  0.24986919430015755       -9.7010765550957281     
  0.25213323271399457       -9.6676123795758606     
  0.25441778534109299       -9.6336576303850006     
  0.25672303805857538       -9.5992073026917382     
  0.25904917842777730       -9.5642564223742159     
  0.26139639570950779       -9.5288000499234453     
  0.26376488087944810       -9.4928332844856556     
  0.26615482664369006       -9.4563512680462072     
  0.26856642745441500       -9.4193491897575630     
  0.27099987952571497       -9.3818222904136537     
  0.27345538084955712       -9.3437658670730457     
  0.27593313121189317       -9.3051752778331149     
  0.27843333220891403       -9.2660459467574103     
  0.28095618726345256       -9.2263733689582246     
  0.28350190164153438       -9.1861531158363601     
  0.28607068246907902       -9.1453808404798753     
  0.28866273874875209       -9.1040522832235116     
  0.29127828137697015       -9.0621632773703382     
  0.29391752316106018       -9.0197097550769634     
  0.29658067883657374       -8.9766877534035832     
  0.29926796508475867       -8.9330934205297723     
  0.30197960055018863       -8.8889230221369662     
  0.30471580585855285       -8.8441729479581248     
  0.30747680363460661       -8.7988397184949729     
  0.31026281852028442       -8.7529199919030027     
  0.31307407719297797       -8.7064105710439517     
  0.31591080838397861       -8.6593084107054992     
  0.31877324289708814       -8.6116106249872892     
  0.32166161362739687       -8.5633144948523512     
  0.32457615558023323       -8.5144174758424693     
  0.32751710589028399       -8.4649172059557873     
  0.33048470384088841       -8.4148115136844979     
  0.33347919088350680       -8.3640984262101377     
  0.33650081065736565       -8.3127761777535181     
  0.33954980900928089       -8.2608432180759106     
  0.34262643401366044       -8.2082982211276700     
  0.34573093599268817       -8.1551400938399450     
  0.34886356753669112       -8.1013679850546154     
  0.35202458352469035       -8.0469812945871375     
  0.35521424114513905       -7.9919796824163072     
  0.35843279991684773       -7.9363630779944678     
  0.36168052171009957       -7.8801316896710274     
  0.36495767076795665       -7.8232860142215506     
  0.36826451372775970       -7.7658268464740070     
  0.37160131964282211       -7.7077552890231136     
  0.37496836000432116       -7.6490727620229633     
  0.37836590876338688       -7.5897810130474666     
  0.38179424235339166       -7.5298821270072889     
  0.38525363971244142       -7.4693785361112868     
  0.38874438230607117       -7.4082730298595845     
  0.39226675415014500       -7.3465687650546334     
  0.39582104183396499       -7.2842692758157472     
  0.39940753454358874       -7.2213784835817352     
  0.40302652408535816       -7.1579007070853997     
  0.40667830490964152       -7.0938406722827176     
  0.41036317413479101       -7.0292035222186238     
  0.41408143157131672       -6.9639948268103797     
  0.41783337974628021       -6.8982205925285873     
  0.42161932392790891       -6.8318872719548240     
  0.42543957215043327       -6.7650017731940935     
  0.42929443523914962       -6.6975714691190973     
  0.43318422683570929       -6.6296042064225063     
  0.43710926342363771       -6.5611083144523068     
  0.44106986435408424       -6.4920926138043749     
  0.44506635187180504       -6.4225664246453826     
  0.44909905114138210       -6.3525395747382252     
  0.45316829027367955       -6.2820224071411133     
  0.45727440035253930       -6.2110257875505690     
  0.46141771546171911       -6.1395611112575983     
  0.46559857271207444       -6.0676403096854123     
  0.46981731226898649       -5.9952758564761659     
  0.47407427738003927       -5.9224807730933291     
  0.47836981440294690       -5.8492686339055302     
  0.48270427283373424       -5.7756535707168579     
  0.48707800533517259       -5.7016502767079933     
  0.49149136776547381       -5.6272740097517833     
  0.49594471920724303       -5.5525405950663540     
  0.50043842199669530       -5.4774664271682587     
  0.50497284175313573       -5.4020684710877696     
  0.50954834740870747       -5.3263642628080410     
  0.51416531123840903       -5.2503719088895648     
  0.51882410889038300       -5.1741100852412556     
  0.52352511941648072       -5.0975980349993337     
  0.52826872530310187       -5.0208555654753777     
  0.53305531250231541       -4.9439030441349514     
  0.53788527046326107       -4.8667613935686704     
  0.54275899216383627       -4.7894520854179570     
  0.54767687414266975       -4.7119971332183974     
  0.55263931653138476       -4.6344190841243824     
  0.55764672308715524       -4.5567410094796905     
  0.56269950122555601       -4.4789864941997868     
  0.56779806205371164       -4.4011796249329480     
  0.57294282040374478       -4.3233449769688788     
  0.57813419486652862       -4.2455075998651512     
  0.58337260782574352       -4.1676930017638378     
  0.58865848549224431       -4.0899271323727540     
  0.59399225793873722       -4.0122363645882855     
  0.59937435913477188       -3.9346474747392102     
  0.60480522698205019       -3.8571876214340080     
  0.61028530335005526       -3.7798843229970842     
  0.61581503411200311       -3.7027654334828375     
  0.62139486918111964       -3.6258591172600649     
  0.62702526254724733       -3.5491938221630677     
  0.63270667231378253       -3.4727982512100266     
  0.63843956073494823       -3.3967013328935227     
  0.64422439425340428       -3.3209321900527975     
  0.65006164353819795       -3.2455201073422275     
  0.65595178352305961       -3.1704944973156257     
  0.66189529344504339       -3.0958848651514099     
  0.66789265688352051       -3.0217207720492407     
  0.67394436179952344       -2.9480317973346812     
  0.68005090057544815       -2.8748474993143645     
  0.68621277005511572       -2.8021973749305116     
  0.69243047158419646       -2.7301108182700236     
  0.69870451105100129       -2.6586170779899612     
  0.70503539892764122       -2.5877452137279966     
  0.71142365031156185       -2.5175240515731918     
  0.71786978496745157       -2.4479821386794813     
  0.72437432736953267       -2.3791476971111201     
  0.73093780674423270       -2.3110485770164764     
  0.73756075711324365       -2.2437122092334572     
  0.74424371733697237       -2.1771655574368656     
  0.75098723115838262       -2.1114350699448630     
  0.75779184724723592       -2.0465466313084035     
  0.76465811924473259       -1.9825255138141358     
  0.77158660580855765       -1.9193963290375631     
  0.77857787065833428       -1.8571829795893799     
  0.78563248262148966       -1.7959086112036138     
  0.79275101567953643       -1.7355955653216208     
  0.79993404901477316       -1.6762653323309427     
  0.80718216705740808       -1.6179385056224760     
  0.81449595953310983       -1.5606347366333857     
  0.82187602151098937       -1.5043726910464967     
  0.82932295345201590       -1.4491700063196302     
  0.83683736125787223       -1.3950432507202897     
  0.84441985632025229       -1.3420078840423613     
  0.85207105557060570       -1.2900782201818752     
  0.85979158153033286       -1.2392673917484107     
  0.86758206236143520       -1.1895873168873528     
  0.87544313191762324       -1.1410486684858701     
  0.88337542979588968       -1.0936608459320902     
  0.89137960138854766       -1.0474319495926219     
  0.89945629793574233       -1.0023687581680265     
  0.90760617657843679      -0.95847670907933269     
  0.91582990041187939      -0.91575988203093328     
  0.92412813853955456      -0.87422098588642161     
  0.93250156612762236      -0.83386134898391062     
  0.94095086445985288      -0.79468091300628130     
  0.94947672099305624      -0.75667823050957672     
  0.95807982941301617      -0.71985046619940862     
  0.96676088969093010      -0.68419340203082091     
  0.97552060814036101      -0.64970144619164516     
  0.98435969747470409      -0.61636764601294647     
  0.99327887686517558      -0.58418370483283855     
   1.0022788719993265      -0.55314000282179798     
   1.0113604151400861      -0.52322562175871290     
   1.0205242451853405      -0.49442837372733761     
   1.0297711077280518      -0.46673483368276381     
   1.0391017551169217      -0.44013037581701370     
   1.0485169465176039      -0.41459921363208918     
   1.0580174479744713      -0.39012444360788878     
   1.0676040324729448      -0.36668809233149319     
   1.0772774800023850      -0.34427116693359489     
   1.0870385776195528      -0.32285370865742102     
   1.0968881195126481      -0.30241484936559659     
   1.1068269070659265      -0.28293287077117557     
   1.1168557489249009      -0.26438526616068952     
   1.1269754610621370      -0.24674880435971158     
   1.1371868668436409      -0.22999959567532269     
   1.1474907970958517      -0.21411315953509599     
   1.1578880901732393      -0.19906449352902791     
   1.1683795920265148      -0.18482814354935770     
   1.1789661562714597      -0.17137827471357905     
   1.1896486442583780      -0.15868874274834271     
   1.2004279251421774      -0.14673316550643800     
   1.2113048759530876      -0.13548499428578623     
   1.2222803816680157      -0.12491758461845727     
   1.2333553352825517      -0.11500426619916815     
   1.2445306378836245      -0.10571841162665596     
   1.2558071987228163       -9.7033503637691018E-002
   1.2671859352903425       -8.8923200522358858E-002
   1.2786677733897001       -8.1361399420547528E-002
   1.2902536472129940       -7.4322297213269231E-002
   1.3019444994169451       -6.7780448738466129E-002
   1.3137412811995881       -6.1710822079162460E-002
   1.3256449523776617       -5.6088850692124416E-002
   1.3376564814647041       -5.0890482167382185E-002
   1.3497768457498511       -4.6092223432909689E-002
   1.3620070313773536       -4.1671182244187845E-002
   1.3743480334268108       -3.7605104825117128E-002
   1.3868008559941332       -3.3872409554499265E-002
   1.3993665122732384       -3.0452216620839075E-002
   1.4120460246384876       -2.7324373597231374E-002
   1.4248404247278681       -2.4469476917305954E-002
   1.4377507535269300       -2.1868889262311394E-002
   1.4507780614534840       -1.9504752898124384E-002
   1.4639234084430652       -1.7359999028981384E-002
   1.4771878640351734       -1.5418353261747167E-002
   1.4905725074602927       -1.3664337300287092E-002
   1.5040784277277011       -1.2083267013722365E-002
   1.5177067237140740       -1.0661247044780001E-002
   1.5314585042528934       -9.3851621448699466E-003
   1.5453348882246636       -8.2426654407385305E-003
   1.5593370046479484       -7.2221638533818307E-003
   1.5734659927712284       -6.3128009032265234E-003
   1.5877230021655953       -5.5044371462847456E-003
   1.6021091928182831       -4.7876284940052529E-003
   1.6166257352270474       -4.1536026748369521E-003
   1.6312738104954005       -3.5942340981027885E-003
   1.6460546104287102       -3.1020173806941198E-003
   1.6609693376311654       -2.6700397944169237E-003
   1.6760192056036252       -2.2919528866650091E-003
   1.6912054388423532       -1.9619435196092765E-003
   1.7065292729386425       -1.6747045634498627E-003
   1.7219919546793505       -1.4254054676821248E-003
   1.7375947421483375       -1.2096629210026524E-003
   1.7533389048288290       -1.0235117956685319E-003
   1.7692257237067048       -8.6337655607892825E-004
   1.7852564913747224       -7.2604329433689243E-004
   1.8014325121376855       -6.0863253783952770E-004
   1.8177551021185667       -5.0857295580483881E-004
   1.8342255893655897       -4.2357607333577332E-004
   1.8508453139602830       -3.5161208339893739E-004
   1.8676156281265126       -2.9088682919583289E-004
   1.8845378963405022       -2.3982001204893991E-004
   1.9016134954418507       -1.9702466331346483E-004
   1.9188438147455558       -1.6128790313408128E-004
   1.9362302561550511       -1.3155299424490288E-004
   1.9537742342762694       -1.0690268558330841E-004
   1.9714771765327399       -8.6543828349165480E-005
   1.9893405232817243       -6.9793236357325707E-005
