  -14763.578438 0 0.0 2000 0.13698630D-05 0.93632918D+02  73.0 62.00000000  0
   1
  1 0 0.0 1-2303.899207-2664.306102  2.00000000
  2 0 0.0 1 -388.223652 -663.303378  2.00000000
  2 1 1.0 1 -371.613929 -662.729241  2.00000000
  2 1 1.0 1 -371.613929 -662.729241  2.00000000
  2 1 1.0 1 -371.613929 -662.729241  2.00000000
  3 0 0.0 1  -95.436652 -286.244147  2.00000000
  3 1 1.0 1  -87.723993 -284.318806  2.00000000
  3 1 1.0 1  -87.723993 -284.318806  2.00000000
  3 1 1.0 1  -87.723993 -284.318806  2.00000000
  3 2 2.0 1  -73.567619 -282.037748  2.00000000
  3 2 2.0 1  -73.567619 -282.037748  2.00000000
  3 2 2.0 1  -73.567619 -282.037748  2.00000000
  3 2 2.0 1  -73.567619 -282.037748  2.00000000
  3 2 2.0 1  -73.567619 -282.037748  2.00000000
  4 0 0.0 1  -25.437694 -144.214294  2.00000000
  4 1 1.0 1  -22.162401 -140.395819  2.00000000
  4 1 1.0 1  -22.162401 -140.395819  2.00000000
  4 1 1.0 1  -22.162401 -140.395819  2.00000000
  4 2 2.0 1  -16.278652 -132.851910  2.00000000
  4 2 2.0 1  -16.278652 -132.851910  2.00000000
  4 2 2.0 1  -16.278652 -132.851910  2.00000000
  4 2 2.0 1  -16.278652 -132.851910  2.00000000
  4 2 2.0 1  -16.278652 -132.851910  2.00000000
  4 3 3.0 1   -8.533560 -117.485480  2.00000000
  4 3 3.0 1   -8.533560 -117.485480  2.00000000
  4 3 3.0 1   -8.533560 -117.485480  2.00000000
  4 3 3.0 1   -8.533560 -117.485480  2.00000000
  4 3 3.0 1   -8.533560 -117.485480  2.00000000
  4 3 3.0 1   -8.533560 -117.485480  2.00000000
  4 3 3.0 1   -8.533560 -117.485480  2.00000000
  5 0 0.0 1   -8.524004  -71.343652  2.00000000
    0    0    0    0
