Singles amplitudes (print threshold =  0.500E-01):

         I         SYM. A    A   T(IA) [Alpha-Alpha]

        14         1        10      0.09369156
        14         1        14      0.19027933
        14         1        15     -0.19186507
        14         1        19     -0.31315268
        14         1        25      0.20825317
        14         1        34      0.10963931
        17         1         8      0.06481212
        17         1         9     -0.06382082
        17         1        11      0.06362704
        17         1        16      0.05212386
        17         1        17     -0.05911466

         I         SYM. A    A   T(IA) [Beta-Beta]

        14         1        10      0.16421277
        14         1        14      0.33321972
        14         1        15     -0.33419798
        14         1        19     -0.54494425
        14         1        23     -0.05051564
        14         1        25      0.36077678
        14         1        34      0.19261311
        14         1        45     -0.09193351

 Doubles amplitudes (print threshold =  0.500E-01):

         I         J         SYM. A    SYM. B    A         B      T(IJ, AB) [Alpha-Beta]

        14        14         1         1        19        19     -0.05960509






================================================================================================

Singles amplitudes (print threshold =  0.500E-01):

         I         SYM. A    A   T(IA) [Alpha-Alpha]

        14         1        10      0.06067707
        14         1        14     -0.09950679
        14         1        15     -0.14644435
        14         1        19     -0.21271964
        14         1        25      0.14327895
        14         1        34     -0.07182450
        17         1        11      0.05200246

         I         SYM. A    A   T(IA) [Beta-Beta]

        14         1        10      0.10375906
        14         1        14     -0.16816176
        14         1        15     -0.25067972
        14         1        19     -0.36111137
        14         1        23      0.06920253
        14         1        25      0.24203692
        14         1        32      0.08182277
        14         1        34     -0.11654787
        14         1        43     -0.07751028
        15         1         2      0.05651165



