   -4667.191894 0 0.0 2000 0.22222222D-05 0.11925696D+03  45.0 37.00000000  0
   1
  1 0 0.0 1 -839.504637-1012.326585  2.00000000
  2 0 0.0 1 -127.073138 -250.770787  2.00000000
  2 1 1.0 1 -117.895208 -250.151017  2.00000000
  2 1 1.0 1 -117.895208 -250.151017  2.00000000
  2 1 1.0 1 -117.895208 -250.151017  2.00000000
  3 0 0.0 1  -28.229251 -104.478492  2.00000000
  3 1 1.0 1  -24.532196 -102.549996  2.00000000
  3 1 1.0 1  -24.532196 -102.549996  2.00000000
  3 1 1.0 1  -24.532196 -102.549996  2.00000000
  3 2 2.0 1  -17.767803  -99.249511  2.00000000
  3 2 2.0 1  -17.767803  -99.249511  2.00000000
  3 2 2.0 1  -17.767803  -99.249511  2.00000000
  3 2 2.0 1  -17.767803  -99.249511  2.00000000
  3 2 2.0 1  -17.767803  -99.249511  2.00000000
  4 0 0.0 1   -8.314579  -48.964493  2.00000000
  4 1 1.0 1   -6.954155  -46.452723  2.00000000
  4 1 1.0 1   -6.954155  -46.452723  2.00000000
  4 1 1.0 1   -6.954155  -46.452723  2.00000000
  4 3 3.0 1   -2.963917  -30.711120  1.00000000
    0    0    0    0
