   -3509.125132 0 0.0 2000 0.25000000D-05 0.12649111D+03  40.0 30.00000000  0
   1
  1 0 0.0 1 -657.508277 -799.834512  2.00000000
  2 0 0.0 1  -98.026153 -197.790979  2.00000000
  2 1 1.0 1  -90.139009 -197.150390  2.00000000
  2 1 1.0 1  -90.139009 -197.150390  2.00000000
  2 1 1.0 1  -90.139009 -197.150390  2.00000000
  3 0 0.0 1  -22.477823  -81.278447  2.00000000
  3 1 1.0 1  -19.421277  -79.243402  2.00000000
  3 1 1.0 1  -19.421277  -79.243402  2.00000000
  3 1 1.0 1  -19.421277  -79.243402  2.00000000
  3 2 2.0 1  -13.956067  -75.817056  2.00000000
  3 2 2.0 1  -13.956067  -75.817056  2.00000000
  3 2 2.0 1  -13.956067  -75.817056  2.00000000
  3 2 2.0 1  -13.956067  -75.817056  2.00000000
  3 2 2.0 1  -13.956067  -75.817056  2.00000000
  4 0 0.0 1   -7.686790  -37.794985  2.00000000
    0    0    0    0
