   1.3822751979752665E-006   412.44732499253632     
   1.3947998477444208E-006   412.44732499240047     
   1.4074379820440571E-006   412.44732499226222     
   1.4201906291455367E-006   412.44732499212125     
   1.4330588266372786E-006   412.44732499197784     
   1.4460436215091809E-006   412.44732499183181     
   1.4591460702378062E-006   412.44732499168316     
   1.4723672388723408E-006   412.44732499153167     
   1.4857082031213301E-006   412.44732499137757     
   1.4991700484402000E-006   412.44732499122063     
   1.5127538701195753E-006   412.44732499106078     
   1.5264607733743922E-006   412.44732499089810     
   1.5402918734338238E-006   412.44732499073234     
   1.5542482956320160E-006   412.44732499056357     
   1.5683311754996499E-006   412.44732499039185     
   1.5825416588563296E-006   412.44732499021700     
   1.5968809019038098E-006   412.44732499003902     
   1.6113500713200681E-006   412.44732498985752     
   1.6259503443542271E-006   412.44732498967295     
   1.6406829089223402E-006   412.44732498948491     
   1.6555489637040427E-006   412.44732498929352     
   1.6705497182400797E-006   412.44732498909866     
   1.6856863930307173E-006   412.44732498890016     
   1.7009602196350457E-006   412.44732498869803     
   1.7163724407711826E-006   412.44732498849237     
   1.7319243104173829E-006   412.44732498828290     
   1.7476170939140666E-006   412.44732498806957     
   1.7634520680667692E-006   412.44732498785237     
   1.7794305212500273E-006   412.44732498763125     
   1.7955537535122026E-006   412.44732498740615     
   1.8118230766812585E-006   412.44732498717690     
   1.8282398144714926E-006   412.44732498694339     
   1.8448053025912382E-006   412.44732498670572     
   1.8615208888515413E-006   412.44732498646374     
   1.8783879332758217E-006   412.44732498621732     
   1.8954078082105273E-006   412.44732498596647     
   1.9125818984367932E-006   412.44732498571091     
   1.9299116012831093E-006   412.44732498545079     
   1.9473983267390128E-006   412.44732498518596     
   1.9650434975698066E-006   412.44732498491629     
   1.9828485494323194E-006   412.44732498464180     
   2.0008149309917165E-006   412.44732498436213     
   2.0189441040393643E-006   412.44732498407745     
   2.0372375436117671E-006   412.44732498378772     
   2.0556967381105788E-006   412.44732498349254     
   2.0743231894237040E-006   412.44732498319200     
   2.0931184130474958E-006   412.44732498288596     
   2.1120839382100596E-006   412.44732498257451     
   2.1312213079956740E-006   412.44732498225733     
   2.1505320794703438E-006   412.44732498193429     
   2.1700178238084827E-006   412.44732498160545     
   2.1896801264207510E-006   412.44732498127053     
   2.2095205870830478E-006   412.44732498092964     
   2.2295408200666723E-006   412.44732498058249     
   2.2497424542696664E-006   412.44732498022893     
   2.2701271333493445E-006   412.44732497986905     
   2.2906965158560273E-006   412.44732497950258     
   2.3114522753679846E-006   412.44732497912952     
   2.3323961006276029E-006   412.44732497874958     
   2.3535296956787845E-006   412.44732497836264     
   2.3748547800055940E-006   412.44732497796889     
   2.3963730886721607E-006   412.44732497756780     
   2.4180863724638457E-006   412.44732497715944     
   2.4399963980296921E-006   412.44732497674363     
   2.4621049480261643E-006   412.44732497632032     
   2.4844138212621871E-006   412.44732497588927     
   2.5069248328455049E-006   412.44732497545044     
   2.5296398143303616E-006   412.44732497500343     
   2.5525606138665207E-006   412.44732497454839     
   2.5756890963496353E-006   412.44732497408506     
   2.5990271435729817E-006   412.44732497361332     
   2.6225766543805676E-006   412.44732497313305     
   2.6463395448216243E-006   412.44732497264386     
   2.6703177483065036E-006   412.44732497214585     
   2.6945132157639856E-006   412.44732497163886     
   2.7189279158000091E-006   412.44732497112261     
   2.7435638348578430E-006   412.44732497059687     
   2.7684229773797120E-006   412.44732497006163     
   2.7935073659698772E-006   412.44732496951667     
   2.8188190415592056E-006   412.44732496896171     
   2.8443600635712224E-006   412.44732496839669     
   2.8701325100896731E-006   412.44732496782143     
   2.8961384780275994E-006   412.44732496723560     
   2.9223800832979528E-006   412.44732496663920     
   2.9488594609857475E-006   412.44732496603189     
   2.9755787655217773E-006   412.44732496541354     
   3.0025401708579087E-006   412.44732496478400     
   3.0297458706439531E-006   412.44732496414292     
   3.0571980784061550E-006   412.44732496349008     
   3.0848990277272852E-006   412.44732496282552     
   3.1128509724283716E-006   412.44732496214874     
   3.1410561867520776E-006   412.44732496145980     
   3.1695169655477397E-006   412.44732496075818     
   3.1982356244580815E-006   412.44732496004377     
   3.2272145001076222E-006   412.44732495931646     
   3.2564559502927873E-006   412.44732495857585     
   3.2859623541737489E-006   412.44732495782182     
   3.3157361124679980E-006   412.44732495705398     
   3.3457796476456731E-006   412.44732495627215     
   3.3760954041266594E-006   412.44732495547618     
   3.4066858484794730E-006   412.44732495466565     
   3.4375534696219467E-006   412.44732495384045     
   3.4687007790237363E-006   412.44732495300008     
   3.5001303109106568E-006   412.44732495214458     
   3.5318446224708797E-006   412.44732495127334     
   3.5638462940629855E-006   412.44732495038642     
   3.5961379294259132E-006   412.44732494948323     
   3.6287221558908056E-006   412.44732494856362     
   3.6616016245947757E-006   412.44732494762729     
   3.6947790106966097E-006   412.44732494667386     
   3.7282570135944263E-006   412.44732494570309     
   3.7620383571453054E-006   412.44732494471475     
   3.7961257898869085E-006   412.44732494370834     
   3.8305220852611085E-006   412.44732494268357     
   3.8652300418396374E-006   412.44732494164026     
   3.9002524835517982E-006   412.44732494057780     
   3.9355922599142137E-006   412.44732493949618     
   3.9712522462626778E-006   412.44732493839479     
   4.0072353439860992E-006   412.44732493727321     
   4.0435444807625659E-006   412.44732493613139     
   4.0801826107975465E-006   412.44732493496872     
   4.1171527150642558E-006   412.44732493378484     
   4.1544578015461909E-006   412.44732493257965     
   4.1921009054818705E-006   412.44732493135223     
   4.2300850896117898E-006   412.44732493010252     
   4.2684134444276133E-006   412.44732492883014     
   4.3070890884236215E-006   412.44732492753457     
   4.3461151683504469E-006   412.44732492621540     
   4.3854948594710933E-006   412.44732492487225     
   4.4252313658192907E-006   412.44732492350465     
   4.4653279204601802E-006   412.44732492211210     
   4.5057877857533648E-006   412.44732492069426     
   4.5466142536183423E-006   412.44732491925066     
   4.5878106458023476E-006   412.44732491778063     
   4.6293803141506173E-006   412.44732491628389     
   4.6713266408791030E-006   412.44732491475997     
   4.7136530388496575E-006   412.44732491320832     
   4.7563629518477181E-006   412.44732491162836     
   4.7994598548624953E-006   412.44732491001963     
   4.8429472543697116E-006   412.44732490838163     
   4.8868286886168969E-006   412.44732490671385     
   4.9311077279112676E-006   412.44732490501565     
   4.9757879749102179E-006   412.44732490328653     
   5.0208730649144392E-006   412.44732490152609     
   5.0663666661637013E-006   412.44732489973347     
   5.1122724801353070E-006   412.44732489790823     
   5.1585942418452531E-006   412.44732489604974     
   5.2053357201521228E-006   412.44732489415736     
   5.2525007180637320E-006   412.44732489223065     
   5.3000930730465462E-006   412.44732489026887     
   5.3481166573379097E-006   412.44732488827128     
   5.3965753782611034E-006   412.44732488623737     
   5.4454731785432502E-006   412.44732488416645     
   5.4948140366361082E-006   412.44732488205779     
   5.5446019670397693E-006   412.44732487991081     
   5.5948410206292831E-006   412.44732487772472     
   5.6455352849842541E-006   412.44732487549885     
   5.6966888847214120E-006   412.44732487323250     
   5.7483059818302076E-006   412.44732487092483     
   5.8003907760114341E-006   412.44732486857515     
   5.8529475050189339E-006   412.44732486618273     
   5.9059804450043885E-006   412.44732486374676     
   5.9594939108652420E-006   412.44732486126634     
   6.0134922565957623E-006   412.44732485874090     
   6.0679798756413074E-006   412.44732485616942     
   6.1229612012557750E-006   412.44732485355115     
   6.1784407068623126E-006   412.44732485088525     
   6.2344229064172805E-006   412.44732484817069     
   6.2909123547775236E-006   412.44732484540691     
   6.3479136480709604E-006   412.44732484259265     
   6.4054314240705436E-006   412.44732483972723     
   6.4634703625715955E-006   412.44732483680957     
   6.5220351857725724E-006   412.44732483383888     
   6.5811306586592691E-006   412.44732483081413     
   6.6407615893925162E-006   412.44732482773429     
   6.7009328296993833E-006   412.44732482459841     
   6.7616492752679249E-006   412.44732482140540     
   6.8229158661455110E-006   412.44732481815436     
   6.8847375871407578E-006   412.44732481484397     
   6.9471194682291062E-006   412.44732481147344     
   7.0100665849620794E-006   412.44732480804151     
   7.0735840588802289E-006   412.44732480454712     
   7.1376770579298511E-006   412.44732480098912     
   7.2023507968834567E-006   412.44732479736638     
   7.2676105377640611E-006   412.44732479367764     
   7.3334615902733138E-006   412.44732478992182     
   7.3999093122235133E-006   412.44732478609751     
   7.4669591099735259E-006   412.44732478220368     
   7.5346164388686691E-006   412.44732477823891     
   7.6028868036845680E-006   412.44732477420200     
   7.6717757590750385E-006   412.44732477009160     
   7.7412889100240283E-006   412.44732476590644     
   7.8114319123016564E-006   412.44732476164501     
   7.8822104729243725E-006   412.44732475730598     
   7.9536303506193070E-006   412.44732475288799     
   8.0256973562928051E-006   412.44732474838963     
   8.0984173535032240E-006   412.44732474380936     
   8.1717962589380035E-006   412.44732473914570     
   8.2458400428950607E-006   412.44732473439706     
   8.3205547297685613E-006   412.44732472956218     
   8.3959463985390606E-006   412.44732472463909     
   8.4720211832681230E-006   412.44732471962641     
   8.5487852735973959E-006   412.44732471452261     
   8.6262449152522143E-006   412.44732470932576     
   8.7044064105497754E-006   412.44732470403437     
   8.7832761189119066E-006   412.44732469864670     
   8.8628604573824823E-006   412.44732469316085     
   8.9431659011495386E-006   412.44732468757519     
   9.0241989840721059E-006   412.44732468188789     
   9.1059662992118230E-006   412.44732467609703     
   9.1884744993693641E-006   412.44732467020066     
   9.2717302976257276E-006   412.44732466419703     
   9.3557404678884304E-006   412.44732465808414     
   9.4405118454426553E-006   412.44732465185990     
   9.5260513275073807E-006   412.44732464552226     
   9.6123658737965547E-006   412.44732463906956     
   9.6994625070853662E-006   412.44732463249915     
   9.7873483137816222E-006   412.44732462580930     
   9.8760304445023285E-006   412.44732461899758     
   9.9655161146554793E-006   412.44732461206183     
   1.0055812605027112E-005   412.44732460499984     
   1.0146927262373702E-005   412.44732459780926     
   1.0238867500019914E-005   412.44732459048788     
   1.0331640798461763E-005   412.44732458303309     
   1.0425254705975242E-005   412.44732457544274     
   1.0519716839230490E-005   412.44732456771413     
   1.0615034883911482E-005   412.44732455984484     
   1.0711216595341366E-005   412.44732455183231     
   1.0808269799113457E-005   412.44732454367386     
   1.0906202391727943E-005   412.44732453536704     
   1.1005022341234371E-005   412.44732452690880     
   1.1104737687879937E-005   412.44732451829680     
   1.1205356544763683E-005   412.44732450952785     
   1.1306887098496567E-005   412.44732450059934     
   1.1409337609867580E-005   412.44732449150837     
   1.1512716414515845E-005   412.44732448225182     
   1.1617031923608834E-005   412.44732447282678     
   1.1722292624526717E-005   412.44732446323019     
   1.1828507081552923E-005   412.44732445345886     
   1.1935683936570947E-005   412.44732444350973     
   1.2043831909767485E-005   412.44732443337949     
   1.2152959800341919E-005   412.44732442306474     
   1.2263076487222249E-005   412.44732441256230     
   1.2374190929787507E-005   412.44732440186857     
   1.2486312168596716E-005   412.44732439098033     
   1.2599449326124445E-005   412.44732437989376     
   1.2713611607503044E-005   412.44732436860545     
   1.2828808301271600E-005   412.44732435711165     
   1.2945048780131668E-005   412.44732434540856     
   1.3062342501709870E-005   412.44732433349247     
   1.3180699009327377E-005   412.44732432135942     
   1.3300127932776392E-005   412.44732430900547     
   1.3420638989103646E-005   412.44732429642676     
   1.3542241983401013E-005   412.44732428361885     
   1.3664946809603259E-005   412.44732427057801     
   1.3788763451293057E-005   412.44732425729961     
   1.3913701982513268E-005   412.44732424377969     
   1.4039772568586593E-005   412.44732423001346     
   1.4166985466942646E-005   412.44732421599673     
   1.4295351027952534E-005   412.44732420172488     
   1.4424879695770983E-005   412.44732418719315     
   1.4555582009186105E-005   412.44732417239692     
   1.4687468602476855E-005   412.44732415733131     
   1.4820550206278272E-005   412.44732414199149     
   1.4954837648454542E-005   412.44732412637234     
   1.5090341854979996E-005   412.44732411046886     
   1.5227073850828053E-005   412.44732409427598     
   1.5365044760868266E-005   412.44732407778832     
   1.5504265810771454E-005   412.44732406100053     
   1.5644748327923043E-005   412.44732404390703     
   1.5786503742344724E-005   412.44732402650243     
   1.5929543587624392E-005   412.44732400878104     
   1.6073879501854578E-005   412.44732399073695     
   1.6219523228579328E-005   412.44732397236453     
   1.6366486617749716E-005   412.44732395365753     
   1.6514781626687963E-005   412.44732393460993     
   1.6664420321060331E-005   412.44732391521575     
   1.6815414875858807E-005   412.44732389546840     
   1.6967777576391701E-005   412.44732387536169     
   1.7121520819283203E-005   412.44732385488885     
   1.7276657113482007E-005   412.44732383404340     
   1.7433199081279071E-005   412.44732381281841     
   1.7591159459334603E-005   412.44732379120705     
   1.7750551099714343E-005   412.44732376920240     
   1.7911386970935241E-005   412.44732374679717     
   1.8073680159020618E-005   412.44732372398397     
   1.8237443868564864E-005   412.44732370075548     
   1.8402691423807817E-005   412.44732367710412     
   1.8569436269718835E-005   412.44732365302235     
   1.8737691973090729E-005   412.44732362850215     
   1.8907472223643591E-005   412.44732360353555     
   1.9078790835138623E-005   412.44732357811432     
   1.9251661746502057E-005   412.44732355223056     
   1.9426099022959269E-005   412.44732352587556     
   1.9602116857179152E-005   412.44732349904075     
   1.9779729570428886E-005   412.44732347171743     
   1.9958951613739127E-005   412.44732344389672     
   2.0139797569079812E-005   412.44732341556960     
   2.0322282150546562E-005   412.44732338672679     
   2.0506420205557863E-005   412.44732335735898     
   2.0692226716063096E-005   412.44732332745662     
   2.0879716799761505E-005   412.44732329700980     
   2.1068905711332219E-005   412.44732326600865     
   2.1259808843675395E-005   412.44732323444333     
   2.1452441729164644E-005   412.44732320230332     
   2.1646820040910769E-005   412.44732316957828     
   2.1842959594036978E-005   412.44732313625752     
   2.2040876346965643E-005   412.44732310233013     
   2.2240586402716723E-005   412.44732306778508     
   2.2442106010217934E-005   412.44732303261134     
   2.2645451565626814E-005   412.44732299679720     
   2.2850639613664767E-005   412.44732296033112     
   2.3057686848963149E-005   412.44732292320123     
   2.3266610117421632E-005   412.44732288539529     
   2.3477426417578801E-005   412.44732284690139     
   2.3690152901995198E-005   412.44732280770660     
   2.3904806878648918E-005   412.44732276779831     
   2.4121405812343807E-005   412.44732272716362     
   2.4339967326130477E-005   412.44732268578912     
   2.4560509202740122E-005   412.44732264366149     
   2.4783049386031404E-005   412.44732260076700     
   2.5007605982450376E-005   412.44732255709158     
   2.5234197262503708E-005   412.44732251262116     
   2.5462841662245197E-005   412.44732246734117     
   2.5693557784775775E-005   412.44732242123695     
   2.5926364401757117E-005   412.44732237429338     
   2.6161280454938938E-005   412.44732232649545     
   2.6398325057700148E-005   412.44732227782720     
   2.6637517496603979E-005   412.44732222827309     
   2.6878877232967157E-005   412.44732217781683     
   2.7122423904443373E-005   412.44732212644215     
   2.7368177326621001E-005   412.44732207413222     
   2.7616157494635390E-005   412.44732202087005     
   2.7866384584795695E-005   412.44732196663824     
   2.8118878956226468E-005   412.44732191141929     
   2.8373661152524165E-005   412.44732185519518     
   2.8630751903428580E-005   412.44732179794750     
   2.8890172126509511E-005   412.44732173965770     
   2.9151942928868638E-005   412.44732168030669     
   2.9416085608856868E-005   412.44732161987531     
   2.9682621657807210E-005   412.44732155834402     
   2.9951572761783387E-005   412.44732149569251     
   3.0222960803344257E-005   412.44732143190043     
   3.0496807863324222E-005   412.44732136694722     
   3.0773136222629814E-005   412.44732130081150     
   3.1051968364052497E-005   412.44732123347188     
   3.1333326974097937E-005   412.44732116490638     
   3.1617234944831838E-005   412.44732109509278     
   3.1903715375742499E-005   412.44732102400832     
   3.2192791575620243E-005   412.44732095162976     
   3.2484487064453883E-005   412.44732087793363     
   3.2778825575344372E-005   412.44732080289600     
   3.3075831056435790E-005   412.44732072649242     
   3.3375527672863810E-005   412.44732064869788     
   3.3677939808721876E-005   412.44732056948732     
   3.3983092069045099E-005   412.44732048883481     
   3.4291009281812251E-005   412.44732040671408     
   3.4601716499965773E-005   412.44732032309838     
   3.4915239003450196E-005   412.44732023796058     
   3.5231602301268947E-005   412.44732015127295     
   3.5550832133559843E-005   412.44732006300717     
   3.5872954473689387E-005   412.44731997313477     
   3.6197995530366001E-005   412.44731988162624     
   3.6525981749772474E-005   412.44731978845198     
   3.6856939817717634E-005   412.44731969358156     
   3.7190896661807630E-005   412.44731959698413     
   3.7527879453636816E-005   412.44731949862813     
   3.7867915610998466E-005   412.44731939848174     
   3.8211032800115621E-005   412.44731929651238     
   3.8557258937892033E-005   412.44731919268673     
   3.8906622194183582E-005   412.44731908697111     
   3.9259150994090222E-005   412.44731897933099     
   3.9614874020268775E-005   412.44731886973142     
   3.9973820215266547E-005   412.44731875813665     
   4.0336018783876257E-005   412.44731864451046     
   4.0701499195512139E-005   412.44731852881586     
   4.1070291186607681E-005   412.44731841101509     
   4.1442424763035089E-005   412.44731829107002     
   4.1817930202546571E-005   412.44731816894137     
   4.2196838057237885E-005   412.44731804458957     
   4.2579179156034097E-005   412.44731791797403     
   4.2964984607197902E-005   412.44731778905356     
   4.3354285800860698E-005   412.44731765778636     
   4.3747114411576533E-005   412.44731752412946     
   4.4143502400899272E-005   412.44731738803955     
   4.4543482019983027E-005   412.44731724947235     
   4.4947085812206226E-005   412.44731710838249     
   4.5354346615819427E-005   412.44731696472445     
   4.5765297566617071E-005   412.44731681845121     
   4.6179972100633604E-005   412.44731666951509     
   4.6598403956863778E-005   412.44731651786799     
   4.7020627180007893E-005   412.44731636346012     
   4.7446676123241629E-005   412.44731620624151     
   4.7876585451011184E-005   412.44731604616089     
   4.8310390141853662E-005   412.44731588316625     
   4.8748125491242989E-005   412.44731571720445     
   4.9189827114461665E-005   412.44731554822147     
   4.9635530949498487E-005   412.44731537616235     
   5.0085273259972605E-005   412.44731520097099     
   5.0539090638083998E-005   412.44731502259060     
   5.0997020007590670E-005   412.44731484096292     
   5.1459098626812944E-005   412.44731465602905     
   5.1925364091664839E-005   412.44731446772852     
   5.2395854338712990E-005   412.44731427600021     
   5.2870607648263230E-005   412.44731408078178     
   5.3349662647475269E-005   412.44731388200955     
   5.3833058313505369E-005   412.44731367961884     
   5.4320833976677737E-005   412.44731347354383     
   5.4813029323684470E-005   412.44731326371760     
   5.5309684400814628E-005   412.44731305007156     
   5.5810839617212456E-005   412.44731283253645     
   5.6316535748165179E-005   412.44731261104118     
   5.6826813938420631E-005   412.44731238551401     
   5.7341715705534834E-005   412.44731215588132     
   5.7861282943250020E-005   412.44731192206842     
   5.8385557924903201E-005   412.44731168399926     
   5.8914583306865631E-005   412.44731144159624     
   5.9448402132013450E-005   412.44731119478058     
   5.9987057833229769E-005   412.44731094347190     
   6.0530594236938456E-005   412.44731068758841     
   6.1079055566669988E-005   412.44731042704689     
   6.1632486446659574E-005   412.44731016176240     
   6.2190931905477942E-005   412.44730989164884     
   6.2754437379694910E-005   412.44730961661810     
   6.3323048717576295E-005   412.44730933658076     
   6.3896812182814220E-005   412.44730905144553     
   6.4475774458291207E-005   412.44730876111987     
   6.5059982649878475E-005   412.44730846550914     
   6.5649484290268554E-005   412.44730816451710     
   6.6244327342842744E-005   412.44730785804580     
   6.6844560205573403E-005   412.44730754599561     
   6.7450231714961888E-005   412.44730722826489     
   6.8061391150011873E-005   412.44730690475012     
   6.8678088236238949E-005   412.44730657534626     
   6.9300373149716303E-005   412.44730623994587     
   6.9928296521157290E-005   412.44730589843994     
   7.0561909440034759E-005   412.44730555071726     
   7.1201263458737924E-005   412.44730519666473     
   7.1846410596766727E-005   412.44730483616706     
   7.2497403344964356E-005   412.44730446910694     
   7.3154294669787958E-005   412.44730409536476     
   7.3817138017618156E-005   412.44730371481910     
   7.4485987319107617E-005   412.44730332734611     
   7.5160896993568959E-005   412.44730293281958     
   7.5841921953402424E-005   412.44730253111106     
   7.6529117608563756E-005   412.44730212208992     
   7.7222539871072448E-005   412.44730170562298     
   7.7922245159560896E-005   412.44730128157477     
   7.8628290403864781E-005   412.44730084980722     
   7.9340733049655031E-005   412.44730041017976     
   8.0059631063111706E-005   412.44729996254944     
   8.0785042935640361E-005   412.44729950677043     
   8.1517027688630969E-005   412.44729904269462     
   8.2255644878260090E-005   412.44729857017063     
   8.3000954600336547E-005   412.44729808904503     
   8.3753017495190907E-005   412.44729759916100     
   8.4511894752609397E-005   412.44729710035915     
   8.5277648116812473E-005   412.44729659247730     
   8.6050339891478425E-005   412.44729607534987     
   8.6830032944812589E-005   412.44729554880877     
   8.7616790714662511E-005   412.44729501268262     
   8.8410677213679356E-005   412.44729446679679     
   8.9211757034526196E-005   412.44729391097377     
   9.0020095355133385E-005   412.44729334503268     
   9.0835757944001636E-005   412.44729276878923     
   9.1658811165553126E-005   412.44729218205583     
   9.2489321985531053E-005   412.44729158464162     
   9.3327357976448109E-005   412.44729097635218     
   9.4172987323084474E-005   412.44729035698953     
   9.5026278828035362E-005   412.44728972635198     
   9.5887301917309091E-005   412.44728908423451     
   9.6756126645975682E-005   412.44728843042793     
   9.7632823703866782E-005   412.44728776471953     
   9.8517464421327139E-005   412.44728708689274     
   9.9410120775018200E-005   412.44728639672667     
   1.0031086539377442E-004   412.44728569399695     
   1.0121977156451238E-004   412.44728497847495     
   1.0213691323819375E-004   412.44728424992763     
   1.0306236503584203E-004   412.44728350811783     
   1.0399620225461395E-004   412.44728275280431     
   1.0493850087392582E-004   412.44728198374105     
   1.0588933756163547E-004   412.44728120067788     
   1.0684878968028002E-004   412.44728040335991     
   1.0781693529337047E-004   412.44727959152772     
   1.0879385317174304E-004   412.44727876491697     
   1.0977962279996813E-004   412.44727792325875     
   1.1077432438281750E-004   412.44727706627896     
   1.1177803885178988E-004   412.44727619369894     
   1.1279084787169577E-004   412.44727530523454     
   1.1381283384730190E-004   412.44727440059660     
   1.1484407993003591E-004   412.44727347949072     
   1.1588467002475174E-004   412.44727254161717     
   1.1693468879655637E-004   412.44727158667069     
   1.1799422167769838E-004   412.44727061434043     
   1.1906335487451895E-004   412.44726962431002     
   1.2014217537446582E-004   412.44726861625719     
   1.2123077095317083E-004   412.44726758985382     
   1.2232923018159152E-004   412.44726654476608     
   1.2343764243321760E-004   412.44726548065341     
   1.2455609789134250E-004   412.44726439716993     
   1.2568468755640099E-004   412.44726329396286     
   1.2682350325337309E-004   412.44726217067301     
   1.2797263763925540E-004   412.44726102693511     
   1.2913218421059972E-004   412.44725986237665     
   1.3030223731112027E-004   412.44725867661867     
   1.3148289213936974E-004   412.44725746927537     
   1.3267424475648477E-004   412.44725623995362     
   1.3387639209400194E-004   412.44725498825358     
   1.3508943196174420E-004   412.44725371376762     
   1.3631346305577896E-004   412.44725241608103     
   1.3754858496644836E-004   412.44725109477162     
   1.3879489818647208E-004   412.44724974940914     
   1.4005250411912374E-004   412.44724837955590     
   1.4132150508648134E-004   412.44724698476602     
   1.4260200433775241E-004   412.44724556458544     
   1.4389410605767465E-004   412.44724411855225     
   1.4519791537499275E-004   412.44724264619543     
   1.4651353837101180E-004   412.44724114703610     
   1.4784108208822842E-004   412.44723962058617     
   1.4918065453904000E-004   412.44723806634897     
   1.5053236471453292E-004   412.44723648381864     
   1.5189632259335017E-004   412.44723487248007     
   1.5327263915063981E-004   412.44723323180898     
   1.5466142636708381E-004   412.44723156127122     
   1.5606279723800947E-004   412.44722986032309     
   1.5747686578258271E-004   412.44722812841115     
   1.5890374705308509E-004   412.44722636497187     
   1.6034355714427485E-004   412.44722456943100     
   1.6179641320283254E-004   412.44722274120431     
   1.6326243343689237E-004   412.44722087969683     
   1.6474173712566003E-004   412.44721898430259     
   1.6623444462911756E-004   412.44721705440492     
   1.6774067739781605E-004   412.44721508937556     
   1.6926055798275718E-004   412.44721308857504     
   1.7079421004536445E-004   412.44721105135221     
   1.7234175836754434E-004   412.44720897704400     
   1.7390332886183909E-004   412.44720686497521     
   1.7547904858167130E-004   412.44720471445873     
   1.7706904573168097E-004   412.44720252479442     
   1.7867344967815714E-004   412.44720029526979     
   1.8029239095956290E-004   412.44719802515903     
   1.8192600129715667E-004   412.44719571372354     
   1.8357441360570938E-004   412.44719336021092     
   1.8523776200431852E-004   412.44719096385523     
   1.8691618182732072E-004   412.44718852387666     
   1.8860980963530271E-004   412.44718603948087     
   1.9031878322621224E-004   412.44718350985937     
   1.9204324164656978E-004   412.44718093418908     
   1.9378332520278167E-004   412.44717831163155     
   1.9553917547255573E-004   412.44717564133327     
   1.9731093531642058E-004   412.44717292242524     
   1.9909874888934890E-004   412.44717015402256     
   2.0090276165248642E-004   412.44716733522415     
   2.0272312038498700E-004   412.44716446511268     
   2.0455997319595480E-004   412.44716154275403     
   2.0641346953649521E-004   412.44715856719705     
   2.0828376021187397E-004   412.44715553747346     
   2.1017099739378779E-004   412.44715245259704     
   2.1207533463274479E-004   412.44714931156398     
   2.1399692687055816E-004   412.44714611335195     
   2.1593593045295261E-004   412.44714285692021     
   2.1789250314228477E-004   412.44713954120840     
   2.1986680413037951E-004   412.44713616513809     
   2.2185899405148191E-004   412.44713272761004     
   2.2386923499532712E-004   412.44712922750568     
   2.2589769052032820E-004   412.44712566368582     
   2.2794452566688377E-004   412.44712203499057     
   2.3000990697080609E-004   412.44711834023911     
   2.3209400247687086E-004   412.44711457822876     
   2.3419698175248971E-004   412.44711074773528     
   2.3631901590150684E-004   412.44710684751198     
   2.3846027757812009E-004   412.44710287628936     
   2.4062094100092910E-004   412.44709883277517     
   2.4280118196710957E-004   412.44709471565341     
   2.4500117786671702E-004   412.44709052358394     
   2.4722110769711950E-004   412.44708625520252     
   2.4946115207756140E-004   412.44708190912007     
   2.5172149326385896E-004   412.44707748392216     
   2.5400231516322920E-004   412.44707297816836     
   2.5630380334925294E-004   412.44706839039242     
   2.5862614507697374E-004   412.44706371910121     
   2.6096952929813332E-004   412.44705896277435     
   2.6333414667654525E-004   412.44705411986388     
   2.6572018960360771E-004   412.44704918879370     
   2.6812785221395712E-004   412.44704416795884     
   2.7055733040126336E-004   412.44703905572544     
   2.7300882183416809E-004   412.44703385042948     
   2.7548252597236784E-004   412.44702855037707     
   2.7797864408284236E-004   412.44702315384313     
   2.8049737925623015E-004   412.44701765907132     
   2.8303893642335276E-004   412.44701206427339     
   2.8560352237188815E-004   412.44700636762849     
   2.8819134576319561E-004   412.44700056728254     
   2.9080261714929320E-004   412.44699466134784     
   2.9343754898998836E-004   412.44698864790223     
   2.9609635567016463E-004   412.44698252498870     
   2.9877925351722419E-004   412.44697629061432     
   3.0148646081868910E-004   412.44696994275023     
   3.0421819783996157E-004   412.44696347933046     
   3.0697468684224557E-004   412.44695689825136     
   3.0975615210063011E-004   412.44695019737111     
   3.1256281992233733E-004   412.44694337450898     
   3.1539491866513521E-004   412.44693642744437     
   3.1825267875591729E-004   412.44692935391618     
   3.2113633270945094E-004   412.44692215162246     
   3.2404611514729538E-004   412.44691481821917     
   3.2698226281689094E-004   412.44690735131951     
   3.2994501461082156E-004   412.44689974849337     
   3.3293461158625165E-004   412.44689200726640     
   3.3595129698453931E-004   412.44688412511914     
   3.3899531625102670E-004   412.44687609948630     
   3.4206691705501052E-004   412.44686792775587     
   3.4516634930989269E-004   412.44685960726832     
   3.4829386519351433E-004   412.44685113531580     
   3.5144971916867312E-004   412.44684250914094     
   3.5463416800382753E-004   412.44683372593636     
   3.5784747079398778E-004   412.44682478284346     
   3.6108988898179680E-004   412.44681567695170     
   3.6436168637880156E-004   412.44680640529759     
   3.6766312918691768E-004   412.44679696486344     
   3.7099448602008847E-004   412.44678735257691     
   3.7435602792613949E-004   412.44677756530967     
   3.7774802840883238E-004   412.44676759987635     
   3.8117076345011737E-004   412.44675745303363     
   3.8462451153258790E-004   412.44674712147918     
   3.8810955366213917E-004   412.44673660185049     
   3.9162617339083078E-004   412.44672589072400     
   3.9517465683995789E-004   412.44671498461361     
   3.9875529272333042E-004   412.44670387996990     
   4.0236837237076368E-004   412.44669257317884     
   4.0601418975178168E-004   412.44668106056054     
   4.0969304149953540E-004   412.44666933836805     
   4.1340522693493730E-004   412.44665740278657     
   4.1715104809101532E-004   412.44664524993129     
   4.2093080973748672E-004   412.44663287584734     
   4.2474481940555476E-004   412.44662027650725     
   4.2859338741293090E-004   412.44660744781055     
   4.3247682688908238E-004   412.44659438558216     
   4.3639545380070970E-004   412.44658108557081     
   4.4034958697745404E-004   412.44656754344800     
   4.4433954813783859E-004   412.44655375480642     
   4.4836566191544411E-004   412.44653971515828     
   4.5242825588532183E-004   412.44652541993463     
   4.5652766059064602E-004   412.44651086448272     
   4.6066420956960798E-004   412.44649604406555     
   4.6483823938255325E-004   412.44648095385975     
   4.6905008963936499E-004   412.44646558895403     
   4.7330010302709587E-004   412.44644994434793     
   4.7758862533784990E-004   412.44643401494977     
   4.8191600549691671E-004   412.44641779557531     
   4.8628259559116107E-004   412.44640128094574     
   4.9068875089767008E-004   412.44638446568644     
   4.9513482991265861E-004   412.44636734432476     
   4.9962119438063811E-004   412.44634991128856     
   5.0414820932384900E-004   412.44633216090398     
   5.0871624307195968E-004   412.44631408739411     
   5.1332566729203459E-004   412.44629568487704     
   5.1797685701877459E-004   412.44627694736346     
   5.2267019068503008E-004   412.44625786875497     
   5.2740605015259184E-004   412.44623844284274     
   5.3218482074325981E-004   412.44621866330431     
   5.3700689127019450E-004   412.44619852370232     
   5.4187265406955112E-004   412.44617801748240     
   5.4678250503240153E-004   412.44615713797037     
   5.5173684363694464E-004   412.44613587837136     
   5.5673607298100975E-004   412.44611423176605     
   5.6178059981485231E-004   412.44609219110947     
   5.6687083457424936E-004   412.44606974922857     
   5.7200719141389334E-004   412.44604689881947     
   5.7719008824108848E-004   412.44602363244525     
   5.8241994674975285E-004   412.44599994253406     
   5.8769719245472889E-004   412.44597582137573     
   5.9302225472640416E-004   412.44595126112000     
   5.9839556682564593E-004   412.44592625377379     
   6.0381756593905233E-004   412.44590079119808     
   6.0928869321452337E-004   412.44587486510630     
   6.1480939379715365E-004   412.44584846706033     
   6.2038011686545028E-004   412.44582158846913     
   6.2600131566787980E-004   412.44579422058496     
   6.3167344755974504E-004   412.44576635450073     
   6.3739697404039688E-004   412.44573798114743     
   6.4317236079078366E-004   412.44570909129072     
   6.4900007771133905E-004   412.44567967552848     
   6.5488059896021535E-004   412.44564972428719     
   6.6081440299186169E-004   412.44561922781907     
   6.6680197259595274E-004   412.44558817619912     
   6.7284379493666923E-004   412.44555655932135     
   6.7894036159233534E-004   412.44552436689594     
   6.8509216859541442E-004   412.44549158844592     
   6.9129971647286772E-004   412.44545821330337     
   6.9756351028687862E-004   412.44542423060631     
   7.0388405967594539E-004   412.44538962929494     
   7.1026187889634731E-004   412.44535439810818     
   7.1669748686398519E-004   412.44531852557998     
   7.2319140719660270E-004   412.44528200003566     
   7.2974416825638761E-004   412.44524480958779     
   7.3635630319296300E-004   412.44520694213264     
   7.4302834998676338E-004   412.44516838534616     
   7.4976085149280815E-004   412.44512912668011     
   7.5655435548486766E-004   412.44508915335757     
   7.6340941470003391E-004   412.44504845236924     
   7.7032658688369030E-004   412.44500701046888     
   7.7730643483489299E-004   412.44496481416911     
   7.8434952645216078E-004   412.44492184973723     
   7.9145643477968096E-004   412.44487810319021     
   7.9862773805393404E-004   412.44483356029093     
   8.0586401975073988E-004   412.44478820654268     
   8.1316586863273174E-004   412.44474202718521     
   8.2053387879725819E-004   412.44469500718924     
   8.2796864972472237E-004   412.44464713125200     
   8.3547078632735484E-004   412.44459838379260     
   8.4304089899843318E-004   412.44454874894581     
   8.5067960366194337E-004   412.44449821055821     
   8.5838752182269384E-004   412.44444675218193     
   8.6616528061688261E-004   412.44439435706971     
   8.7401351286312272E-004   412.44434100816989     
   8.8193285711392962E-004   412.44428668811980     
   8.8992395770767622E-004   412.44423137924127     
   8.9798746482101690E-004   412.44417506353381     
   9.0612403452178865E-004   412.44411772266955     
   9.1433432882238950E-004   412.44405933798697     
   9.2261901573364221E-004   412.44399989048486     
   9.3097876931914501E-004   412.44393936081610     
   9.3941426975011554E-004   412.44387772928138     
   9.4792620336073090E-004   412.44381497582276     
   9.5651526270396992E-004   412.44375108001731     
   9.6518214660796077E-004   412.44368602106999     
   9.7392756023283959E-004   412.44361977780778     
   9.8275221512812401E-004   412.44355232867179     
   9.9165682929060737E-004   412.44348365171089     
   1.0006421272227757E-003   412.44341372457421     
   1.0097088399917554E-003   412.44334252450432     
   1.0188577052887956E-003   412.44327002832927     
   1.0280894674892880E-003   412.44319621245529     
   1.0374048777133306E-003   412.44312105285928     
   1.0468046938868420E-003   412.44304452508089     
   1.0562896808032271E-003   412.44296660421423     
   1.0658606101856037E-003   412.44288726490038     
   1.0755182607495909E-003   412.44280648131854     
   1.0852634182666682E-003   412.44272422717808     
   1.0950968756281076E-003   412.44264047570977     
   1.1050194329094848E-003   412.44255519965685     
   1.1150318974357768E-003   412.44246837126695     
   1.1251350838470463E-003   412.44237996228185     
   1.1353298141647235E-003   412.44228994392938     
   1.1456169178584890E-003   412.44219828691371     
   1.1559972319137599E-003   412.44210496140539     
   1.1664716008997905E-003   412.44200993703208     
   1.1770408770383873E-003   412.44191318286875     
   1.1877059202732494E-003   412.44181466742748     
   1.1984675983399342E-003   412.44171435864678     
   1.2093267868364607E-003   412.44161222388209     
   1.2202843692945479E-003   412.44150822989405     
   1.2313412372515038E-003   412.44140234283873     
   1.2424982903227603E-003   412.44129452825604     
   1.2537564362750712E-003   412.44118475105836     
   1.2651165911003687E-003   412.44107297551955     
   1.2765796790902913E-003   412.44095916526328     
   1.2881466329113865E-003   412.44084328325090     
   1.2998183936809944E-003   412.44072529176970     
   1.3115959110438214E-003   412.44060515242023     
   1.3234801432492032E-003   412.44048282610436     
   1.3354720572290725E-003   412.44035827301218     
   1.3475726286766294E-003   412.44023145260900     
   1.3597828421257278E-003   412.44010232362245     
   1.3721036910309791E-003   412.43997084402901     
   1.3845361778485818E-003   412.43983697103982     
   1.3970813141178839E-003   412.43970066108750     
   1.4097401205436860E-003   412.43956186981154     
   1.4225136270792854E-003   412.43942055204394     
   1.4354028730102799E-003   412.43927666179451     
   1.4484089070391224E-003   412.43913015223586     
   1.4615327873704490E-003   412.43898097568859     
   1.4747755817971760E-003   412.43882908360490     
   1.4881383677873797E-003   412.43867442655369     
   1.5016222325719602E-003   412.43851695420398     
   1.5152282732331013E-003   412.43835661530852     
   1.5289575967935348E-003   412.43819335768751     
   1.5428113203066068E-003   412.43802712821105     
   1.5567905709471671E-003   412.43785787278256     
   1.5708964861032774E-003   412.43768553632032     
   1.5851302134687524E-003   412.43751006274016     
   1.5994929111365402E-003   412.43733139493747     
   1.6139857476929465E-003   412.43714947476764     
   1.6286099023127144E-003   412.43696424302789     
   1.6433665648549645E-003   412.43677563943794     
   1.6582569359600056E-003   412.43658360262043     
   1.6732822271470222E-003   412.43638807008028     
   1.6884436609126460E-003   412.43618897818550     
   1.7037424708304214E-003   412.43598626214532     
   1.7191799016511729E-003   412.43577985599012     
   1.7347572094042812E-003   412.43556969254939     
   1.7504756614998764E-003   412.43535570342971     
   1.7663365368319581E-003   412.43513781899298     
   1.7823411258824492E-003   412.43491596833383     
   1.7984907308261941E-003   412.43469007925592     
   1.8147866656369053E-003   412.43446007824895     
   1.8312302561940730E-003   412.43422589046457     
   1.8478228403908410E-003   412.43398743969237     
   1.8645657682428624E-003   412.43374464833425     
   1.8814604019981396E-003   412.43349743738008     
   1.8985081162478600E-003   412.43324572638170     
   1.9157102980382375E-003   412.43298943342637     
   1.9330683469833650E-003   412.43272847511082     
   1.9505836753790913E-003   412.43246276651337     
   1.9682577083179283E-003   412.43219222116687     
   1.9860918838050011E-003   412.43191675103037     
   2.0040876528750486E-003   412.43163626646032     
   2.0222464797104811E-003   412.43135067618169     
   2.0405698417605114E-003   412.43105988725819     
   2.0590592298613646E-003   412.43076380506193     
   2.0777161483575748E-003   412.43046233324276     
   2.0965421152243837E-003   412.43015537369661     
   2.1155386621912464E-003   412.42984282653424     
   2.1347073348664571E-003   412.42952459004823     
   2.1540496928629032E-003   412.42920056067970     
   2.1735673099249615E-003   412.42887063298542     
   2.1932617740565382E-003   412.42853469960266     
   2.2131346876502777E-003   412.42819265121483     
   2.2331876676179338E-003   412.42784437651574     
   2.2534223455219268E-003   412.42748976217314     
   2.2738403677080941E-003   412.42712869279239     
   2.2944433954396369E-003   412.42676105087855     
   2.3152331050322879E-003   412.42638671679811     
   2.3362111879906998E-003   412.42600556874049     
   2.3573793511460703E-003   412.42561748267769     
   2.3787393167950151E-003   412.42522233232506     
   2.4002928228396970E-003   412.42481998909903     
   2.4220416229292284E-003   412.42441032207597     
   2.4439874866023495E-003   412.42399319794964     
   2.4661321994314056E-003   412.42356848098734     
   2.4884775631676252E-003   412.42313603298652     
   2.5110253958877124E-003   412.42269571322907     
   2.5337775321417752E-003   412.42224737843600     
   2.5567358231025849E-003   412.42179088272081     
   2.5799021367161946E-003   412.42132607754183     
   2.6032783578539198E-003   412.42085281165390     
   2.6268663884656948E-003   412.42037093105995     
   2.6506681477348241E-003   412.41988027895962     
   2.6746855722341277E-003   412.41938069569915     
   2.6989206160835080E-003   412.41887201871953     
   2.7233752511089423E-003   412.41835408250307     
   2.7480514670029147E-003   412.41782671852002     
   2.7729512714863031E-003   412.41728975517361     
   2.7980766904717328E-003   412.41674301774430     
   2.8234297682284090E-003   412.41618632833269     
   2.8490125675484450E-003   412.41561950580228     
   2.8748271699146964E-003   412.41504236572007     
   2.9008756756701134E-003   412.41445472029659     
   2.9271602041886350E-003   412.41385637832519     
   2.9536828940476220E-003   412.41324714511944     
   2.9804459032018596E-003   412.41262682245036     
   3.0074514091591332E-003   412.41199520848158     
   3.0347016091573980E-003   412.41135209770346     
   3.0621987203435486E-003   412.41069728086700     
   3.0899449799538154E-003   412.41003054491523     
   3.1179426454957895E-003   412.40935167291445     
   3.1461939949320992E-003   412.40866044398302     
   3.1747013268657543E-003   412.40795663322001     
   3.2034669607271622E-003   412.40724001163227     
   3.2324932369628455E-003   412.40651034605952     
   3.2617825172258654E-003   412.40576739909875     
   3.2913371845679721E-003   412.40501092902713     
   3.3211596436334961E-003   412.40424068972334     
   3.3512523208549983E-003   412.40345643058754     
   3.3816176646506873E-003   412.40265789646037     
   3.4122581456236321E-003   412.40184482753904     
   3.4431762567627739E-003   412.40101695929388     
   3.4743745136457654E-003   412.40017402238169     
   3.5058554546436422E-003   412.39931574255871     
   3.5376216411273525E-003   412.39844184059103     
   3.5696756576761557E-003   412.39755203216424     
   3.6020201122879125E-003   412.39664602779072     
   3.6346576365912766E-003   412.39572353271569     
   3.6675908860598102E-003   412.39478424682147     
   3.7008225402280436E-003   412.39382786452984     
   3.7343553029094852E-003   412.39285407470288     
   3.7681919024166125E-003   412.39186256054188     
   3.8023350917828548E-003   412.39085299948414     
   3.8367876489865879E-003   412.38982506309833     
   3.8715523771771553E-003   412.38877841697803     
   3.9066321049029407E-003   412.38771272063252     
   3.9420296863415093E-003   412.38662762737681     
   3.9777480015318238E-003   412.38552278421849     
   4.0137899566085791E-003   412.38439783174317     
   4.0501584840386502E-003   412.38325240399797     
   4.0868565428596832E-003   412.38208612837241     
   4.1238871189208538E-003   412.38089862547713     
   4.1612532251258019E-003   412.37968950902155     
   4.1989579016777686E-003   412.37845838568717     
   4.2370042163269563E-003   412.37720485500091     
   4.2753952646201300E-003   412.37592850920424     
   4.3141341701524736E-003   412.37462893312136     
   4.3532240848217427E-003   412.37330570402366     
   4.3926681890847008E-003   412.37195839149354     
   4.4324696922158988E-003   412.37058655728322     
   4.4726318325687834E-003   412.36918975517358     
   4.5131578778391810E-003   412.36776753082876     
   4.5540511253311646E-003   412.36631942164865     
   4.5953149022253332E-003   412.36484495661898     
   4.6369525658495172E-003   412.36334365615801     
   4.6789675039519401E-003   412.36181503196076     
   4.7213631349768553E-003   412.36025858684121     
   4.7641429083426778E-003   412.35867381457018     
   4.8073103047226408E-003   412.35706019971087     
   4.8508688363279899E-003   412.35541721745261     
   4.8948220471937455E-003   412.35374433343924     
   4.9391735134670578E-003   412.35204100359624     
   4.9839268436981648E-003   412.35030667395489     
   5.0290856791340025E-003   412.34854078047061     
   5.0746536940144580E-003   412.34674274884168     
   5.1206345958713191E-003   412.34491199432250     
   5.1670321258299292E-003   412.34304792153301     
   5.2138500589135736E-003   412.34114992426657     
   5.2610922043506234E-003   412.33921738529244     
   5.3087624058844700E-003   412.33724967615598     
   5.3568645420862537E-003   412.33524615697490     
   5.4054025266704426E-003   412.33320617623122     
   5.4543803088132553E-003   412.33112907056022     
   5.5038018734739841E-003   412.32901416453524     
   5.5536712417192128E-003   412.32686077044872     
   5.6039924710499884E-003   412.32466818808899     
   5.6547696557319440E-003   412.32243570451317     
   5.7060069271284231E-003   412.32016259381595     
   5.7577084540366193E-003   412.31784811689482     
   5.8098784430267543E-003   412.31549152120954     
   5.8625211387843381E-003   412.31309204053838     
   5.9156408244555349E-003   412.31064889473055     
   5.9692418219956349E-003   412.30816128945202     
   6.0233284925207175E-003   412.30562841592916     
   6.0779052366624724E-003   412.30304945068582     
   6.1329764949262441E-003   412.30042355527689     
   6.1885467480523367E-003   412.29774987601644     
   6.2446205173805631E-003   412.29502754370105     
   6.3012023652181193E-003   412.29225567332844     
   6.3582968952107877E-003   412.28943336381036     
   6.4159087527175000E-003   412.28655969768079     
   6.4740426251882937E-003   412.28363374079896     
   6.5327032425456988E-003   412.28065454204676     
   6.5918953775695706E-003   412.27762113302003     
   6.6516238462854226E-003   412.27453252771602     
   6.7118935083562668E-003   412.27138772221349     
   6.7727092674780068E-003   412.26818569434732     
   6.8340760717784223E-003   412.26492540337830     
   6.8959989142197524E-003   412.26160578965573     
   6.9584828330049421E-003   412.25822577427471     
   7.0215329119875606E-003   412.25478425872683     
   7.0851542810854420E-003   412.25128012454428     
   7.1493521166980621E-003   412.24771223293880     
   7.2141316421277038E-003   412.24407942443196     
   7.2794981280044470E-003   412.24038051848140     
   7.3454568927149872E-003   412.23661431309802     
   7.4120133028353690E-003   412.23277958445726     
   7.4791727735676111E-003   412.22887508650382     
   7.5469407691803065E-003   412.22489955054783     
   7.6153228034532127E-003   412.22085168485586     
   7.6843244401258613E-003   412.21673017423171     
   7.7539512933502428E-003   412.21253367959281     
   7.8242090281475853E-003   412.20826083753627     
   7.8951033608692777E-003   412.20391025989892     
   7.9666400596619634E-003   412.19948053330819     
   8.0388249449368579E-003   412.19497021872593     
   8.1116638898433100E-003   412.19037785098305     
   8.1851628207466453E-003   412.18570193830681     
   8.2593277177103741E-003   412.18094096183819     
   8.3341646149827208E-003   412.17609337514233     
   8.4096796014876025E-003   412.17115760370848     
   8.4858788213200299E-003   412.16613204444218     
   8.5627684742460141E-003   412.16101506514741     
   8.6403548162069903E-003   412.15580500400023     
   8.7186441598288179E-003   412.15050016901176     
   8.7976428749353928E-003   412.14509883748360     
   8.8773573890669217E-003   412.13959925545055     
   8.9577941880028614E-003   412.13399963711595     
   9.0389598162896444E-003   412.12829816427558     
   9.1208608777731404E-003   412.12249298573107     
   9.2035040361359739E-003   412.11658221669342     
   9.2868960154396923E-003   412.11056393817552     
   9.3710436006718585E-003   412.10443619637368     
   9.4559536382980910E-003   412.09819700203775     
   9.5416330368191075E-003   412.09184432983096     
   9.6280887673328274E-003   412.08537611767690     
   9.7153278641015500E-003   412.07879026609612     
   9.8033574251242834E-003   412.07208463752983     
   9.8921846127142561E-003   412.06525705565150     
   9.9818166540816631E-003   412.05830530466744     
   1.0072260841921688E-002   412.05122712860242     
   1.0163524535007852E-002   412.04402023057548     
   1.0255615158790754E-002   412.03668227205992     
   1.0348540206002213E-002   412.02921087213184     
   1.0442307237264902E-002   412.02160360670496     
   1.0536923881707499E-002   412.01385800775085     
   1.0632397837585409E-002   412.00597156250632     
   1.0728736872907122E-002   411.99794171266598     
   1.0825948826066231E-002   411.98976585356053     
   1.0924041606479187E-002   411.98144133332028     
   1.1023023195228829E-002   411.97296545202420     
   1.1122901645713746E-002   411.96433546083261     
   1.1223685084303521E-002   411.95554856110601     
   1.1325381710999919E-002   411.94660190350669     
   1.1427999800104050E-002   411.93749258708499     
   1.1531547700889596E-002   411.92821765834975     
   1.1636033838282128E-002   411.91877411032084     
   1.1741466713544582E-002   411.90915888156604     
   1.1847854904968931E-002   411.89936885522047     
   1.1955207068574159E-002   411.88940085798805     
   1.2063531938810516E-002   411.87925165912543     
   1.2172838329270188E-002   411.86891796940859     
   1.2283135133404389E-002   411.85839644007967     
   1.2394431325246957E-002   411.84768366177622     
   1.2506735960144507E-002   411.83677616344096     
   1.2620058175493188E-002   411.82567041121206     
   1.2734407191482135E-002   411.81436280729395     
   1.2849792311843649E-002   411.80284968880812     
   1.2966222924610157E-002   411.79112732662355     
   1.3083708502878070E-002   411.77919192416567     
   1.3202258605578518E-002   411.76703961620535     
   1.3321882878255099E-002   411.75466646762601     
   1.3442591053848669E-002   411.74206847216828     
   1.3564392953489227E-002   411.72924155115345     
   1.3687298487295002E-002   411.71618155218334     
   1.3811317655178753E-002   411.70288424781819     
   1.3936460547661400E-002   411.68934533423084     
   1.4062737346692999E-002   411.67556042983603     
   1.4190158326481198E-002   411.66152507389768     
   1.4318733854327137E-002   411.64723472510963     
   1.4448474391468994E-002   411.63268476015242     
   1.4579390493933111E-002   411.61787047222441     
   1.4711492813392880E-002   411.60278706954699     
   1.4844792098035379E-002   411.58742967384359     
   1.4979299193435873E-002   411.57179331879155     
   1.5115025043440247E-002   411.55587294844736     
   1.5251980691055407E-002   411.53966341564410     
   1.5390177279347798E-002   411.52315948036050     
   1.5529626052349997E-002   411.50635580806136     
   1.5670338355975581E-002   411.48924696800981     
   1.5812325638942259E-002   411.47182743154832     
   1.5955599453703354E-002   411.45409157035124     
   1.6100171457387760E-002   411.43603365464611     
   1.6246053412748370E-002   411.41764785140396     
   1.6393257189119163E-002   411.39892822249760     
   1.6541794763380878E-002   411.37986872282920     
   1.6691678220935528E-002   411.36046319842268     
   1.6842919756689664E-002   411.34070538448589     
   1.6995531676046605E-002   411.32058890343706     
   1.7149526395907635E-002   411.30010726289754     
   1.7304916445682259E-002   411.27925385364938     
   1.7461714468307649E-002   411.25802194755823     
   1.7619933221277296E-002   411.23640469545967     
   1.7779585577678999E-002   411.21439512500848     
   1.7940684527242234E-002   411.19198613849181     
   1.8103243177395062E-002   411.16917051060392     
   1.8267274754330549E-002   411.14594088618213     
   1.8432792604082919E-002   411.12228977790448     
   1.8599810193613397E-002   411.09820956394725     
   1.8768341111905916E-002   411.07369248560224     
   1.8938399071072774E-002   411.04873064485309     
   1.9109997907470255E-002   411.02331600191013     
   1.9283151582824426E-002   410.99744037270239     
   1.9457874185367065E-002   410.97109542632768     
   1.9634179930981946E-002   410.94427268245732     
   1.9812083164361453E-002   410.91696350869893     
   1.9991598360173727E-002   410.88915911791150     
   2.0172740124240342E-002   410.86085056547688     
   2.0355523194724681E-002   410.83202874652324     
   2.0539962443331079E-002   410.80268439310237     
   2.0726072876514803E-002   410.77280807131865     
   2.0913869636703043E-002   410.74239017840853     
   2.1103368003526909E-002   410.71142093977244     
   2.1294583395064647E-002   410.67989040595438     
   2.1487531369096081E-002   410.64778844957169     
   2.1682227624368434E-002   410.61510476219325     
   2.1878688001873630E-002   410.58182885116378     
   2.2076928486137144E-002   410.54795003637616     
   2.2276965206518545E-002   410.51345744698904     
   2.2478814438523839E-002   410.47834001808911     
   2.2682492605129667E-002   410.44258648729789     
   2.2888016278119535E-002   410.40618539132163     
   2.3095402179432126E-002   410.36912506244414     
   2.3304667182521849E-002   410.33139362496024     
   2.3515828313731703E-002   410.29297899155137     
   2.3728902753678588E-002   410.25386885959938     
   2.3943907838651145E-002   410.21405070744123     
   2.4160861062020332E-002   410.17351179055987     
   2.4379780075662653E-002   410.13223913771350     
   2.4600682691396439E-002   410.09021954700125     
   2.4823586882431008E-002   410.04743958186305     
   2.5048510784829045E-002   410.00388556701546     
   2.5275472698982171E-002   409.95954358431982     
   2.5504491091099937E-002   409.91439946858361     
   2.5735584594712271E-002   409.86843880329337     
   2.5968772012185538E-002   409.82164691627781     
   2.6204072316252384E-002   409.77400887530183     
   2.6441504651555349E-002   409.72550948358764     
   2.6681088336204601E-002   409.67613327526522     
   2.6922842863349641E-002   409.62586451074861     
   2.7166787902765339E-002   409.57468717203847     
   2.7412943302452333E-002   409.52258495794911     
   2.7661329090251902E-002   409.46954127926000     
   2.7911965475475468E-002   409.41553925378946     
   2.8164872850548913E-002   409.36056170139011     
   2.8420071792671718E-002   409.30459113886627     
   2.8677583065491206E-002   409.24760977480946     
   2.8937427620791926E-002   409.18959950435436     
   2.9199626600200326E-002   409.13054190385151     
   2.9464201336904913E-002   409.07041822545688     
   2.9731173357391946E-002   409.00920939163774     
   3.0000564383196926E-002   408.94689598959258     
   3.0272396332671880E-002   408.88345826558498     
   3.0546691322768722E-002   408.81887611919063     
   3.0823471670838726E-002   408.75312909745497     
   3.1102759896448343E-002   408.68619638896274     
   3.1384578723211431E-002   408.61805681781550     
   3.1668951080638115E-002   408.54868883751965     
   3.1955900106000398E-002   408.47807052478043     
   3.2245449146214668E-002   408.40617957320364     
   3.2537621759741245E-002   408.33299328690185     
   3.2832441718501193E-002   408.25848857400644     
   3.3129933009810424E-002   408.18264194008208     
   3.3430119838331405E-002   408.10542948144462     
   3.3733026628042492E-002   408.02682687837995     
   3.4038678024225139E-002   407.94680938826468     
   3.4347098895469073E-002   407.86535183858473     
   3.4658314335695717E-002   407.78242861985467     
   3.4972349666199859E-002   407.69801367843394     
   3.5289230437709859E-002   407.61208050923977     
   3.5608982432466546E-002   407.52460214835691     
   3.5931631666320900E-002   407.43555116554256     
   3.6257204390850797E-002   407.34489965662476     
   3.6585727095496887E-002   407.25261923579541     
   3.6917226509717828E-002   407.15868102779552     
   3.7251729605165124E-002   407.06305565999276     
   3.7589263597877523E-002   406.96571325434905     
   3.7929855950495459E-002   406.86662341928093     
   3.8273534374495453E-002   406.76575524140713     
   3.8620326832444776E-002   406.66307727718731     
   3.8970261540276580E-002   406.55855754444809     
   3.9323366969585619E-002   406.45216351379742     
   3.9679671849944760E-002   406.34386209992635     
   4.0039205171242480E-002   406.23361965279781     
   4.0401996186041608E-002   406.12140194872131     
   4.0768074411959336E-002   406.00717418131393     
   4.1137469634068891E-002   405.89090095234678     
   4.1510211907322889E-002   405.77254626247725     
   4.1886331558998707E-002   405.65207350186517     
   4.2265859191165996E-002   405.52944544067526     
   4.2648825683176510E-002   405.40462421946273     
   4.3035262194176575E-002   405.27757133944465     
   4.3425200165642240E-002   405.14824765265547     
   4.3818671323937457E-002   405.01661335198690     
   4.4215707682895407E-002   404.88262796111286     
   4.4616341546423258E-002   404.74625032429958     
   4.5020605511130456E-002   404.60743859610074     
   4.5428532468980883E-002   404.46615023093801     
   4.5840155609969055E-002   404.32234197256798     
   4.6255508424820506E-002   404.17596984343646     
   4.6674624707716730E-002   404.02698913391845     
   4.7097538559044701E-002   403.87535439144773     
   4.7524284388171419E-002   403.72101940953513     
   4.7954896916243543E-002   403.56393721667604     
   4.8389411179012354E-002   403.40406006515002     
   4.8827862529684386E-002   403.24133941971172     
   4.9270286641797861E-002   403.07572594617670     
   4.9716719512125168E-002   402.90716949990116     
   5.0167197463601640E-002   402.73561911415919     
   5.0621757148280898E-002   402.56102298841853     
   5.1080435550316966E-002   402.38332847651697     
   5.1543269988973378E-002   402.20248207474094     
   5.2010298121659575E-002   402.01842940980930     
   5.2481557946994828E-002   401.83111522676461     
   5.2957087807899872E-002   401.64048337677440     
   5.3436926394716602E-002   401.44647680484451     
   5.3921112748356051E-002   401.24903753744917     
   5.4409686263474789E-002   401.04810667007911     
   5.4902686691680233E-002   400.84362435471303     
   5.5400154144764915E-002   400.63552978721435     
   5.5902129097970099E-002   400.42376119465814     
   5.6408652393278941E-002   400.20825582259226     
   5.6919765242739472E-002   399.98894992223643     
   5.7435509231817783E-002   399.76577873762471     
   5.7955926322781459E-002   399.53867649269580     
   5.8481058858113770E-002   399.30757637833585     
   5.9010949563958776E-002   399.07241053938026     
   5.9545641553597602E-002   398.83311006157948     
   6.0085178330956265E-002   398.58960495853557     
   6.0629603794145288E-002   398.34182415861420     
   6.1178962239031340E-002   398.08969549184087     
   6.1733298362841228E-002   397.83314567678792     
   6.2292657267798666E-002   397.57210030745745     
   6.2857084464793836E-002   397.30648384017229     
   6.3426625877086293E-002   397.03621958047825     
   6.4001327844041417E-002   396.76122967007046     
   6.4581237124900673E-002   396.48143507374976     
   6.5166400902586089E-002   396.19675556641977     
   6.5756866787539170E-002   395.90710972013511     
   6.6352682821594622E-002   395.61241489120914     
   6.6953897481889138E-002   395.31258720739373     
   6.7560559684805635E-002   395.00754155514142     
   6.8172718789953193E-002   394.69719156696209     
   6.8790424604183151E-002   394.38144960888542     
   6.9413727385641430E-002   394.06022676804361     
   7.0042677847857754E-002   393.73343284038555     
   7.0677327163871734E-002   393.40097631853848     
   7.1317726970396539E-002   393.06276437982996     
   7.1963929372020147E-002   392.71870287448513     
   7.2615986945444688E-002   392.36869631401726     
   7.3273952743764276E-002   392.01264785982420     
   7.3937880300781467E-002   391.65045931201115     
   7.4607823635363016E-002   391.28203109845538     
   7.5283837255834873E-002   390.90726226413142     
   7.5965976164417248E-002   390.52605046071699     
   7.6654295861699584E-002   390.13829193649775     
   7.7348852351156377E-002   389.74388152659259     
   7.8049702143703673E-002   389.34271264352049     
   7.8756902262296966E-002   388.93467726813140     
   7.9470510246570744E-002   388.51966594092266     
   8.0190584157520020E-002   388.09756775376707     
   8.0917182582224439E-002   387.66827034207512     
   8.1650364638614900E-002   387.23165987741817     
   8.2390189980283704E-002   386.78762106063914     
   8.3136718801338036E-002   386.33603711547630     
   8.3890011841297532E-002   385.87678978273158     
   8.4650130390036216E-002   385.40975931500975     
   8.5417136292769175E-002   384.93482447206094     
   8.6191091955084537E-002   384.45186251675580     
   8.6972060348020769E-002   383.96074921172857     
   8.7760105013190384E-002   383.46135881671864     
   8.8555290067949682E-002   382.95356408664702     
   8.9357680210615575E-002   382.43723627046228     
   9.0167340725729614E-002   381.91224511079417     
   9.0984337489369710E-002   381.37845884445181     
   9.1808736974509891E-002   380.83574420380586     
   9.2640606256428878E-002   380.28396641909529     
   9.3480013018167385E-002   379.72298922170097     
   9.4327025556035005E-002   379.15267484842718     
   9.5181712785167016E-002   378.57288404683794     
   9.6044144245131427E-002   377.98347608169092     
   9.6914390105587001E-002   377.38430874251799     
   9.7792521171992303E-002   376.77523835239879     
   9.8678608891366759E-002   376.15611977797818     
   9.9572725358103673E-002   375.52680644077736     
  0.10047494331983599        374.88715032985237     
  0.10138533618335538        374.23700201585154     
  0.10230397802058468        373.57621066652928     
  0.10323094357460451        372.90462406377111     
  0.10416630826573482        372.22208862218838     
  0.10511014819767101        371.52844940934290     
  0.10606254016367607        370.82355016766064     
  0.10702356165282864        370.10723333809869     
  0.10799329085632776        369.37934008562843     
  0.10897180667385463        368.63971032659998     
  0.10995918871999218        367.88818275805539     
  0.11095551733070262        367.12459488905779     
  0.11196087356986391        366.34878307410821     
  0.11297533923586522        365.56058254871817     
  0.11399899686826230        364.75982746721405     
  0.11503192975449311        363.94635094284428     
  0.11607422193665431        363.11998509026711     
  0.11712595821833913        362.28056107049395     
  0.11818722417153718        361.42790913836728     
  0.11925810614359691        360.56185869265408     
  0.12033869126425091        359.68223832883137     
  0.12142906745270514        358.78887589465137     
  0.12252932342479218        357.88159854856440     
  0.12363954870018946        356.96023282108791     
  0.12475983360970271        356.02460467920429     
  0.12589026930261560        355.07453959387539     
  0.12703094775410578        354.10986261076044     
  0.12818196177272839        353.13039842422643     
  0.12934340500796701        352.13597145473949     
  0.13051537195785337        351.12640592972622     
  0.13169795797665584        350.10152596799759     
  0.13289125928263781        349.06115566782381     
  0.13409537296588617        348.00511919875350     
  0.13531039699621089        346.93324089726582     
  0.13653643023111600        345.84534536635084     
  0.13777357242384300        344.74125757910656     
  0.13902192423148693        343.62080298644531     
  0.14028158722318620        342.48380762899978     
  0.14155266388838647        341.33009825332073     
  0.14283525764517943        340.15950243245300     
  0.14412947284871716        338.97184869098197     
  0.14543541479970287        337.76696663463554     
  0.14675318975295823        336.54468708452896     
  0.14808290492606868        335.30484221613688     
  0.14942466850810696        334.04726570307491     
  0.15077858966843546        332.77179286577211     
  0.15214477856558870        331.47826082511125     
  0.15352334635623613        330.16650866111360     
  0.15491440520422595        328.83637757673898     
  0.15631806828971120        327.48771106687133     
  0.15773444981835841        326.12035509255418     
  0.15916366503063953        324.73415826053730     
  0.16060583021120828        323.32897200819110     
  0.16206106269836137        321.90465079384006     
  0.16352948089358546        320.46105229256221     
  0.16501120427119059        318.99803759749472     
  0.16650635338803091        317.51547142667977     
  0.16801504989331348        316.01322233547893     
  0.16953741653849605        314.49116293457649     
  0.17107357718727437        312.94917011358314     
  0.17262365682566000        311.38712527024757     
  0.17418778157214967        309.80491454526702     
  0.17576607868798644        308.20242906268891     
  0.17735867658751409        306.57956517587411     
  0.17896570484862523        304.93622471899221     
  0.18058729422330408        303.27231526400084     
  0.18222357664826483        301.58775038305220     
  0.18387468525568623        299.88244991625822     
  0.18554075438404380        298.15634024472917     
  0.18722191958903961        296.40935456879089     
  0.18891831765463191        294.64143319126725     
  0.19063008660416372        292.85252380570307     
  0.19235736571159323        291.04258178938085     
  0.19410029551282512        289.21157050097651     
  0.19585901781714507        287.35946158267006     
  0.19763367571875790        285.48623526652165     
  0.19942441360842975        283.59188068489249     
  0.20123137718523640        281.67639618467780     
  0.20305471346841744        279.73978964509627     
  0.20489457080933846        277.78207879875470     
  0.20675109890356097        275.80329155569200     
  0.20862444880302228        273.80346633007503     
  0.21051477292832529        271.78265236920129     
  0.21242222508113998        269.74091008443457     
  0.21434696045671695        267.67831138367626     
  0.21628913565651470        265.59494000494681     
  0.21824890870094094        263.49089185062661     
  0.22022643904220968        261.36627532187703     
  0.22222188757731459        259.22121165273262     
  0.22423541666112007        257.05583524332837     
  0.22626719011957078        254.87029399169438     
  0.22831737326302098        252.66474962352126     
  0.23038613289968468        250.43937801926774     
  0.23247363734920742        248.19436953795164     
  0.23458005645636140        245.92992933693179     
  0.23670556160486428        243.64627768695979     
  0.23885032573132361        241.34365028174338     
  0.24101452333930723        239.02229854123664     
  0.24319833051354148        236.68248990783343     
  0.24540192493423768        234.32450813461386     
  0.24762548589154898        231.94865356475606     
  0.24986919430015755        229.55524340119783     
  0.25213323271399457        227.14461196559739     
  0.25441778534109299        224.71711094561454     
  0.25672303805857538        222.27310962949895     
  0.25904917842777730        219.81299512694753     
  0.26139639570950779        217.33717257515937     
  0.26376488087944810        214.84606532899232     
  0.26615482664369006        212.34011513409718     
  0.26856642745441500        209.81978228188203     
  0.27099987952571497        207.28554574513484     
  0.27345538084955712        204.73790329311282     
  0.27593313121189317        202.17737158488600     
  0.27843333220891403        199.60448623970962     
  0.28095618726345256        197.01980188318066     
  0.28350190164153438        194.42389216792859     
  0.28607068246907902        191.81734976757716     
  0.28866273874875209        189.20078634271459     
  0.29127828137697015        186.57483247760399     
  0.29391752316106018        183.94013758637186     
  0.29658067883657374        181.29736978741994     
  0.29926796508475867        178.64721574481484     
  0.30197960055018863        175.99038047543010     
  0.30471580585855285        173.32758712063367     
  0.30747680363460661        170.65957668134337     
  0.31026281852028442        167.98710771530517     
  0.31307407719297797        165.31095599548499     
  0.31591080838397861        162.63191412851540     
  0.31877324289708814        159.95079113218378     
  0.32166161362739687        157.26841197101163     
  0.32457615558023323        154.58561704903596     
  0.32751710589028399        151.90326165898028     
  0.33048470384088841        149.22221538707817     
  0.33347919088350680        146.54336147290468     
  0.33650081065736565        143.86759612366177     
  0.33954980900928089        141.19582778247164     
  0.34262643401366044        138.52897635034009     
  0.34573093599268817        135.86797236157418     
  0.34886356753669112        133.21375611256525     
  0.35202458352469035        130.56727674398579     
  0.35521424114513905        127.92949127659216     
  0.35843279991684773        125.30136360097978     
  0.36168052171009957        122.68386342179585     
  0.36495767076795665        120.07796515708692     
  0.36826451372775970        117.48464679363113     
  0.37160131964282211        114.90488869929270     
  0.37496836000432116        112.33967239362373     
  0.37836590876338688        109.78997927813865     
  0.38179424235339166        107.25678932788713     
  0.38525363971244142        104.74107974616325     
  0.38874438230607117        102.24382358439938     
  0.39226675415014500        99.765988329514116     
  0.39582104183396499        97.308534461201333     
  0.39940753454358874        94.872413981873194     
  0.40302652408535816        92.458568922194388     
  0.40667830490964152        90.067929825368452     
  0.41036317413479101        87.701414213562416     
  0.41408143157131672        85.359925040078366     
  0.41783337974628021        83.044349131097604     
  0.42161932392790891        80.755555621038553     
  0.42543957215043327        78.494394385776303     
  0.42929443523914962        76.261694478170995     
  0.43318422683570929        74.058262570544031     
  0.43710926342363771        71.884881408918005     
  0.44106986435408424        69.742308284005333     
  0.44506635187180504        67.631273524080058     
  0.44909905114138210        65.552479015004309     
  0.45316829027367955        63.506596752797137     
  0.45727440035253930        61.494267434232668     
  0.46141771546171911        59.516099091027833     
  0.46559857271207444        57.572665773233879     
  0.46981731226898649        55.664506287472690     
  0.47407427738003927        53.792122995657408     
  0.47836981440294690        51.955980679810402     
  0.48270427283373424        50.156505478531628     
  0.48707800533517259        48.394083900580696     
  0.49149136776547381        46.669061920913279     
  0.49594471920724303        44.981744164356485     
  0.50043842199669530        43.332393181914966     
  0.50497284175313573        41.721228824475006     
  0.50954834740870747        40.148427718408925     
  0.51416531123840903        38.614122847284797     
  0.51882410889038300        37.118403243550780     
  0.52352511941648072        35.661313793691299     
  0.52826872530310187        34.242855159948334     
  0.53305531250231541        32.862983821257068     
  0.53788527046326107        31.521612235573915     
  0.54275899216383627        30.218609125267022     
  0.54767687414266975        28.953799886705742     
  0.55263931653138476        27.726967124621389     
  0.55764672308715524        26.537851311225030     
  0.56269950122555601        25.386151569458676     
  0.56779806205371164        24.271526579128373     
  0.57294282040374478        23.193595604026431     
  0.57813419486652862        22.151939637496405     
  0.58337260782574352        21.146102663237322     
  0.58865848549224431        20.175593027481494     
  0.59399225793873722        19.239884918025950     
  0.59937435913477188        18.338419944947525     
  0.60480522698205019        17.470608817199285     
  0.61028530335005526        16.635833108670671     
  0.61581503411200311        15.833447106704970     
  0.62139486918111964        15.062779735509176     
  0.62702526254724733        14.323136546369017     
  0.63270667231378253        13.613801766102082     
  0.63843956073494823        12.934040394748870     
  0.64422439425340428        12.283100343121331     
  0.65006164353819795        11.660214600505554     
  0.65595178352305961        11.064603422553787     
  0.66189529344504339        10.495476529206570     
  0.66789265688352051        9.9520353023593291     
  0.67394436179952344        9.4334749729361285     
  0.68005090057544815        8.9389867870543895     
  0.68621277005511572        8.4677601410643888     
  0.69243047158419646        8.0189846754237539     
  0.69870451105100129        7.5918523176222656     
  0.70503539892764122        7.1855592647047111     
  0.71142365031156185        6.7993078963475471     
  0.71786978496745157        6.4323086099275768     
  0.72437432736953267        6.0837815695726079     
  0.73093780674423270        5.7529583618034366     
  0.73756075711324365        5.4390835510562043     
  0.74424371733697237        5.1414161291103913     
  0.75098723115838262        4.8592308532329938     
  0.75779184724723592        4.5918194686764053     
  0.76465811924473259        4.3384918120293063     
  0.77158660580855765        4.0985767928069672     
  0.77857787065833428        3.8714232515718541     
  0.78563248262148966        3.6564006937874751     
  0.79275101567953643        3.4528998995190419     
  0.79993404901477316        3.2603334099941241     
  0.80718216705740808        3.0781358929153257     
  0.81449595953310983        2.9057643892663441     
  0.82187602151098937        2.7426984451629917     
  0.82932295345201590        2.5884401330638607     
  0.83683736125787223        2.4425139673627614     
  0.84441985632025229        2.3044667200301663     
  0.85207105557060570        2.1738671425465821     
  0.85979158153033286        2.0503056008719640     
  0.86758206236143520        1.9333936306171196     
  0.87544313191762324        1.8227634199222607     
  0.88337542979588968        1.7180672278018918     
  0.89137960138854766        1.6189767458833253     
  0.89945629793574233        1.5251824115477901     
  0.90760617657843679        1.4363926804802016     
  0.91582990041187939        1.3523332665480787     
  0.92412813853955456        1.2727463567657982     
  0.93250156612762236        1.1973898088616561     
  0.94095086445985288        1.1260363386577961     
  0.94947672099305624        1.0584727041034072     
  0.95807982941301617       0.99449889237671341     
  0.96676088969093010       0.93392731599909817     
  0.97552060814036101       0.87658202339344815     
  0.98435969747470409       0.82229792877689889     
  0.99327887686517558       0.77092006571442673     
   1.0022788719993265       0.72230286808281963     
   1.0113604151400861       0.67630948161297555     
   1.0205242451853405       0.63281110860042267     
   1.0297711077280518       0.59168638780728400     
   1.0391017551169217       0.55282081103071867     
   1.0485169465176039       0.51610617728974972     
   1.0580174479744713       0.48144008509003577     
   1.0676040324729448       0.44872546276948211     
   1.0772774800023850       0.41787013651064020     
   1.0870385776195528       0.38878643523160600     
   1.0968881195126481       0.36139083123783111     
   1.1068269070659265       0.33560361523409155     
   1.1168557489249009       0.31134860405912079     
   1.1269754610621370       0.28855287931461671     
   1.1371868668436409       0.26714655491423472     
   1.1474907970958517       0.24706257147472041     
   1.1578880901732393       0.22823651540803316     
   1.1683795920265148       0.21060646054704460     
   1.1789661562714597       0.19411283014468730     
   1.1896486442583780       0.17869827712358033     
   1.2004279251421774       0.16430758051614638     
   1.2113048759530876       0.15088755612010463     
   1.2222803816680157       0.13838697949694218     
   1.2333553352825517       0.12675651955758638     
   1.2445306378836245       0.11594868110636466     
   1.2558071987228163       0.10591775484787157     
   1.2671859352903425        9.6619773498421796E-002
   1.2786677733897001        8.8012472781470993E-002
   1.2902536472129940        8.0055256222216764E-002
   1.3019444994169451        7.2709162788455961E-002
   1.3137412811995881        6.5936836550889305E-002
   1.3256449523776617        5.9702497655089372E-002
   1.3376564814647041        5.3971914008233444E-002
   1.3497768457498511        4.8712373185802335E-002
   1.3620070313773536        4.3892654156327010E-002
   1.3743480334268108        3.9482998505862302E-002
   1.3868008559941332        3.5455080918245917E-002
   1.3993665122732384        3.1781978732694720E-002
   1.4120460246384876        2.8438140457335639E-002
   1.4248404247278681        2.5399353166431805E-002
   1.4377507535269300        2.2642708750989261E-002
   1.4507780614534840        2.0146569027797941E-002
   1.4639234084430652        1.7890529741476417E-002
   1.4771878640351734        1.5855383518438682E-002
   1.4905725074602927        1.4023081851552448E-002
   1.5040784277277011        1.2376696210220124E-002
   1.5177067237140740        1.0900378383253263E-002
   1.5314585042528934        9.5793201717177760E-003
   1.5453348882246636        8.3997125563360069E-003
   1.5593370046479484        7.3487044693945789E-003
   1.5734659927712284        6.4143613047288736E-003
   1.5877230021655953        5.5856233014597075E-003
   1.6021091928182831        4.8522639379353846E-003
   1.6166257352270474        4.2048484719093195E-003
   1.6312738104954005        3.6346927614596906E-003
   1.6460546104287102        3.1338224985991976E-003
   1.6609693376311654        2.6949329839756854E-003
   1.6760192056036252        2.3113495665620025E-003
   1.6912054388423532        1.9769888668062213E-003
   1.7065292729386425        1.6863208953899465E-003
   1.7219919546793505        1.4343321725607020E-003
   1.7375947421483375        1.2164899450130111E-003
   1.7533389048288290        1.0287075885520105E-003
   1.7692257237067048        8.6731127536143705E-004
   1.7852564913747224        7.2900797470685152E-004
   1.8014325121376855        6.1085484544239977E-004
   1.8177551021185667        5.1023006787692020E-004
   1.8342255893655897        4.2480515152439090E-004
   1.8508453139602830        3.5251874415461934E-004
   1.8676156281265126        2.9155195651707239E-004
   1.8845378963405022        2.4030520627868517E-004
   1.9016134954418507        1.9737657423721599E-004
   1.9188438147455558        1.6154165587994122E-004
   1.9362302561550511        1.3173488197764502E-004
   1.9537742342762694        1.0703227324677379E-004
   1.9714771765327399        8.6635586272988232E-005
   1.9893405232817243        6.9857800943624133E-005
