  -10794.607113 0 0.0 2000 0.15625000D-05 0.10000000D+03  64.0 56.00000000  0
   1
  1 0 0.0 1-1754.550463-2047.809305  2.00000000
  2 0 0.0 1 -290.193931 -509.234277  2.00000000
  2 1 1.0 1 -275.904755 -508.643996  2.00000000
  2 1 1.0 1 -275.904755 -508.643996  2.00000000
  2 1 1.0 1 -275.904755 -508.643996  2.00000000
  3 0 0.0 1  -71.987115 -218.341245  2.00000000
  3 1 1.0 1  -65.576730 -216.430752  2.00000000
  3 1 1.0 1  -65.576730 -216.430752  2.00000000
  3 1 1.0 1  -65.576730 -216.430752  2.00000000
  3 2 2.0 1  -53.774925 -213.915717  2.00000000
  3 2 2.0 1  -53.774925 -213.915717  2.00000000
  3 2 2.0 1  -53.774925 -213.915717  2.00000000
  3 2 2.0 1  -53.774925 -213.915717  2.00000000
  3 2 2.0 1  -53.774925 -213.915717  2.00000000
  4 0 0.0 1  -20.655033 -110.693992  2.00000000
  4 1 1.0 1  -17.990835 -107.744410  2.00000000
  4 1 1.0 1  -17.990835 -107.744410  2.00000000
  4 1 1.0 1  -17.990835 -107.744410  2.00000000
  4 2 2.0 1  -13.165269 -101.716947  2.00000000
  4 2 2.0 1  -13.165269 -101.716947  2.00000000
  4 2 2.0 1  -13.165269 -101.716947  2.00000000
  4 2 2.0 1  -13.165269 -101.716947  2.00000000
  4 2 2.0 1  -13.165269 -101.716947  2.00000000
  5 0 0.0 1   -7.002771  -57.762926  2.00000000
  5 1 1.0 1   -5.927437  -54.655477  2.00000000
  5 1 1.0 1   -5.927437  -54.655477  2.00000000
  5 1 1.0 1   -5.927437  -54.655477  2.00000000
  6 0 0.0 1   -3.096829  -31.793195  2.00000000
    0    0    0    0
