   -3308.224646 0 0.0 2000 0.25641026D-05 0.12810252D+03  39.0 30.00000000  0
   1
  1 0 0.0 1 -622.541351 -760.335713  2.00000000
  2 0 0.0 1  -91.466988 -187.939846  2.00000000
  2 1 1.0 1  -83.830190 -187.297177  2.00000000
  2 1 1.0 1  -83.830190 -187.297177  2.00000000
  2 1 1.0 1  -83.830190 -187.297177  2.00000000
  3 0 0.0 1  -20.236558  -76.919797  2.00000000
  3 1 1.0 1  -17.311616  -74.867815  2.00000000
  3 1 1.0 1  -17.311616  -74.867815  2.00000000
  3 1 1.0 1  -17.311616  -74.867815  2.00000000
  3 2 2.0 1  -12.089384  -71.318410  2.00000000
  3 2 2.0 1  -12.089384  -71.318410  2.00000000
  3 2 2.0 1  -12.089384  -71.318410  2.00000000
  3 2 2.0 1  -12.089384  -71.318410  2.00000000
  3 2 2.0 1  -12.089384  -71.318410  2.00000000
  4 0 0.0 1   -6.635681  -35.189949  2.00000000
    0    0    0    0
