   -3716.175512 0 0.0 2000 0.24390244D-05 0.12493901D+03  41.0 30.00000000  0
   1
  1 0 0.0 1 -693.481267 -840.333358  2.00000000
  2 0 0.0 1 -104.843080 -207.893160  2.00000000
  2 1 1.0 1  -96.704847 -207.254621  2.00000000
  2 1 1.0 1  -96.704847 -207.254621  2.00000000
  2 1 1.0 1  -96.704847 -207.254621  2.00000000
  3 0 0.0 1  -24.835179  -85.752210  2.00000000
  3 1 1.0 1  -21.646438  -83.730683  2.00000000
  3 1 1.0 1  -21.646438  -83.730683  2.00000000
  3 1 1.0 1  -21.646438  -83.730683  2.00000000
  3 2 2.0 1  -15.938499  -80.416769  2.00000000
  3 2 2.0 1  -15.938499  -80.416769  2.00000000
  3 2 2.0 1  -15.938499  -80.416769  2.00000000
  3 2 2.0 1  -15.938499  -80.416769  2.00000000
  3 2 2.0 1  -15.938499  -80.416769  2.00000000
  4 0 0.0 1   -8.803283  -40.448618  2.00000000
    0    0    0    0
